"","gene_lengths"
"ENSG00000000003",4530
"ENSG00000000005",1476
"ENSG00000000419",9276
"ENSG00000000457",6883
"ENSG00000000460",5970
"ENSG00000000938",3382
"ENSG00000000971",15284
"ENSG00000001036",2822
"ENSG00000001084",8618
"ENSG00000001167",6209
"ENSG00000001460",8511
"ENSG00000001461",11672
"ENSG00000001497",12555
"ENSG00000001561",4644
"ENSG00000001617",4826
"ENSG00000001626",16821
"ENSG00000001629",7389
"ENSG00000001630",4171
"ENSG00000001631",21110
"ENSG00000002016",4503
"ENSG00000002079",5836
"ENSG00000002330",1708
"ENSG00000002549",3779
"ENSG00000002586",4858
"ENSG00000002587",7435
"ENSG00000002726",3786
"ENSG00000002745",3264
"ENSG00000002746",13935
"ENSG00000002822",6955
"ENSG00000002834",7061
"ENSG00000002919",4133
"ENSG00000002933",3477
"ENSG00000003056",3585
"ENSG00000003096",6928
"ENSG00000003137",4839
"ENSG00000003147",4883
"ENSG00000003249",4462
"ENSG00000003393",33513
"ENSG00000003400",8920
"ENSG00000003402",22478
"ENSG00000003436",11714
"ENSG00000003509",3651
"ENSG00000003756",10357
"ENSG00000003987",6928
"ENSG00000003989",7905
"ENSG00000004059",1825
"ENSG00000004139",11105
"ENSG00000004142",2670
"ENSG00000004399",9557
"ENSG00000004455",17967
"ENSG00000004468",6857
"ENSG00000004478",5163
"ENSG00000004487",18325
"ENSG00000004534",7299
"ENSG00000004660",7433
"ENSG00000004700",3779
"ENSG00000004766",9559
"ENSG00000004776",1724
"ENSG00000004777",5260
"ENSG00000004779",1548
"ENSG00000004799",4544
"ENSG00000004809",3907
"ENSG00000004838",2889
"ENSG00000004846",8796
"ENSG00000004848",3114
"ENSG00000004864",3710
"ENSG00000004866",6526
"ENSG00000004897",6824
"ENSG00000004939",5125
"ENSG00000004948",4222
"ENSG00000004961",2343
"ENSG00000004975",5321
"ENSG00000005001",2480
"ENSG00000005007",8934
"ENSG00000005020",5361
"ENSG00000005022",1555
"ENSG00000005059",3555
"ENSG00000005073",2669
"ENSG00000005075",937
"ENSG00000005100",5789
"ENSG00000005102",2674
"ENSG00000005108",10915
"ENSG00000005156",12901
"ENSG00000005175",5350
"ENSG00000005187",7510
"ENSG00000005189",4111
"ENSG00000005194",3383
"ENSG00000005206",7419
"ENSG00000005238",6375
"ENSG00000005243",1866
"ENSG00000005249",12581
"ENSG00000005302",9780
"ENSG00000005339",15479
"ENSG00000005379",11389
"ENSG00000005381",4427
"ENSG00000005421",2657
"ENSG00000005436",5462
"ENSG00000005448",2852
"ENSG00000005469",4995
"ENSG00000005471",7728
"ENSG00000005483",13704
"ENSG00000005486",2390
"ENSG00000005513",5536
"ENSG00000005700",8719
"ENSG00000005801",11711
"ENSG00000005810",34127
"ENSG00000005812",7076
"ENSG00000005844",9864
"ENSG00000005882",5471
"ENSG00000005884",9802
"ENSG00000005889",9037
"ENSG00000005893",10628
"ENSG00000005961",5695
"ENSG00000005981",4606
"ENSG00000006007",4390
"ENSG00000006015",3371
"ENSG00000006016",2967
"ENSG00000006025",6541
"ENSG00000006042",5187
"ENSG00000006047",4631
"ENSG00000006059",1303
"ENSG00000006062",5668
"ENSG00000006071",27254
"ENSG00000006116",1917
"ENSG00000006118",7274
"ENSG00000006125",7591
"ENSG00000006128",1712
"ENSG00000006194",8450
"ENSG00000006210",5960
"ENSG00000006282",5237
"ENSG00000006283",10062
"ENSG00000006327",1801
"ENSG00000006377",3445
"ENSG00000006432",12386
"ENSG00000006451",3579
"ENSG00000006453",4821
"ENSG00000006459",9378
"ENSG00000006468",9592
"ENSG00000006530",10697
"ENSG00000006534",6622
"ENSG00000006555",6111
"ENSG00000006576",8665
"ENSG00000006606",703
"ENSG00000006607",14371
"ENSG00000006611",4904
"ENSG00000006625",1594
"ENSG00000006634",4595
"ENSG00000006638",2827
"ENSG00000006652",7902
"ENSG00000006659",904
"ENSG00000006695",6756
"ENSG00000006704",6499
"ENSG00000006712",2850
"ENSG00000006715",7752
"ENSG00000006740",9322
"ENSG00000006744",7002
"ENSG00000006747",11626
"ENSG00000006756",7026
"ENSG00000006757",3411
"ENSG00000006788",6120
"ENSG00000006831",5831
"ENSG00000006837",3149
"ENSG00000007001",3996
"ENSG00000007038",1967
"ENSG00000007047",6656
"ENSG00000007062",7457
"ENSG00000007080",1661
"ENSG00000007129",1977
"ENSG00000007168",14289
"ENSG00000007171",6129
"ENSG00000007174",16941
"ENSG00000007202",9232
"ENSG00000007216",3226
"ENSG00000007237",10158
"ENSG00000007255",933
"ENSG00000007264",4138
"ENSG00000007306",2653
"ENSG00000007312",2125
"ENSG00000007314",8243
"ENSG00000007341",8108
"ENSG00000007350",3570
"ENSG00000007372",20639
"ENSG00000007376",2769
"ENSG00000007384",4914
"ENSG00000007392",6176
"ENSG00000007402",6508
"ENSG00000007516",6808
"ENSG00000007520",1210
"ENSG00000007541",7856
"ENSG00000007545",8596
"ENSG00000007866",3049
"ENSG00000007908",4586
"ENSG00000007923",12182
"ENSG00000007933",3439
"ENSG00000007944",6191
"ENSG00000007952",2543
"ENSG00000007968",5462
"ENSG00000008018",2219
"ENSG00000008056",3733
"ENSG00000008083",6244
"ENSG00000008086",19056
"ENSG00000008118",3328
"ENSG00000008128",5085
"ENSG00000008130",5570
"ENSG00000008196",6155
"ENSG00000008197",2203
"ENSG00000008226",8338
"ENSG00000008256",5802
"ENSG00000008277",13668
"ENSG00000008282",2909
"ENSG00000008283",5296
"ENSG00000008294",11951
"ENSG00000008300",13850
"ENSG00000008311",10816
"ENSG00000008323",4316
"ENSG00000008324",3118
"ENSG00000008382",2049
"ENSG00000008394",7441
"ENSG00000008405",4782
"ENSG00000008438",708
"ENSG00000008441",6486
"ENSG00000008513",8787
"ENSG00000008516",4748
"ENSG00000008517",3209
"ENSG00000008710",18534
"ENSG00000008735",5793
"ENSG00000008838",6962
"ENSG00000008853",7408
"ENSG00000008869",8238
"ENSG00000008952",7928
"ENSG00000008988",6765
"ENSG00000009307",9830
"ENSG00000009335",9203
"ENSG00000009413",12420
"ENSG00000009694",13547
"ENSG00000009709",7555
"ENSG00000009724",5113
"ENSG00000009765",10362
"ENSG00000009780",4046
"ENSG00000009790",7750
"ENSG00000009830",13203
"ENSG00000009844",7258
"ENSG00000009950",4815
"ENSG00000009954",7060
"ENSG00000010017",3618
"ENSG00000010030",2374
"ENSG00000010072",5906
"ENSG00000010165",3831
"ENSG00000010219",7050
"ENSG00000010244",15818
"ENSG00000010256",7034
"ENSG00000010270",4324
"ENSG00000010278",5829
"ENSG00000010282",2888
"ENSG00000010292",6470
"ENSG00000010295",4945
"ENSG00000010310",5069
"ENSG00000010318",3364
"ENSG00000010319",5047
"ENSG00000010322",9062
"ENSG00000010327",10588
"ENSG00000010361",2953
"ENSG00000010379",4243
"ENSG00000010404",9294
"ENSG00000010438",1425
"ENSG00000010539",7498
"ENSG00000010610",4557
"ENSG00000010626",3052
"ENSG00000010671",7817
"ENSG00000010704",6973
"ENSG00000010803",4602
"ENSG00000010810",7411
"ENSG00000010818",11272
"ENSG00000010932",3602
"ENSG00000011007",5348
"ENSG00000011009",2056
"ENSG00000011021",8173
"ENSG00000011028",6591
"ENSG00000011052",1241
"ENSG00000011083",4277
"ENSG00000011105",6905
"ENSG00000011114",11333
"ENSG00000011132",5596
"ENSG00000011143",11285
"ENSG00000011198",7539
"ENSG00000011201",7082
"ENSG00000011243",8576
"ENSG00000011258",7184
"ENSG00000011260",2703
"ENSG00000011275",7576
"ENSG00000011295",6054
"ENSG00000011304",7521
"ENSG00000011332",4800
"ENSG00000011347",7552
"ENSG00000011376",12407
"ENSG00000011405",9207
"ENSG00000011422",4457
"ENSG00000011426",5997
"ENSG00000011451",10037
"ENSG00000011454",7656
"ENSG00000011465",12941
"ENSG00000011478",2825
"ENSG00000011485",7089
"ENSG00000011523",11832
"ENSG00000011566",6056
"ENSG00000011590",2739
"ENSG00000011600",907
"ENSG00000011638",2558
"ENSG00000011677",4150
"ENSG00000012048",14160
"ENSG00000012061",5575
"ENSG00000012124",6165
"ENSG00000012171",5768
"ENSG00000012174",8945
"ENSG00000012211",3656
"ENSG00000012223",3989
"ENSG00000012232",16477
"ENSG00000012504",3628
"ENSG00000012660",3813
"ENSG00000012779",3728
"ENSG00000012817",9463
"ENSG00000012822",8898
"ENSG00000012963",3509
"ENSG00000012983",7580
"ENSG00000013016",4825
"ENSG00000013275",2550
"ENSG00000013288",8884
"ENSG00000013293",10496
"ENSG00000013297",4321
"ENSG00000013306",3526
"ENSG00000013364",6141
"ENSG00000013374",5338
"ENSG00000013375",22007
"ENSG00000013392",3769
"ENSG00000013441",5117
"ENSG00000013503",4768
"ENSG00000013523",7798
"ENSG00000013561",4988
"ENSG00000013563",4132
"ENSG00000013573",8367
"ENSG00000013583",3428
"ENSG00000013588",8440
"ENSG00000013619",6664
"ENSG00000013725",5958
"ENSG00000013810",8825
"ENSG00000014123",4539
"ENSG00000014138",12006
"ENSG00000014164",3721
"ENSG00000014216",7506
"ENSG00000014257",4284
"ENSG00000014641",4990
"ENSG00000014824",7199
"ENSG00000014914",4572
"ENSG00000014919",5215
"ENSG00000015133",12426
"ENSG00000015153",10839
"ENSG00000015171",12925
"ENSG00000015285",3402
"ENSG00000015413",2737
"ENSG00000015475",4420
"ENSG00000015479",12064
"ENSG00000015520",5267
"ENSG00000015532",5472
"ENSG00000015568",14185
"ENSG00000015592",3309
"ENSG00000015676",9893
"ENSG00000016082",2817
"ENSG00000016391",7787
"ENSG00000016402",4730
"ENSG00000016490",3310
"ENSG00000016602",3447
"ENSG00000016864",3785
"ENSG00000017260",8510
"ENSG00000017427",8115
"ENSG00000017483",4017
"ENSG00000017797",8041
"ENSG00000018189",9405
"ENSG00000018236",7649
"ENSG00000018280",8676
"ENSG00000018408",8353
"ENSG00000018510",15223
"ENSG00000018607",1774
"ENSG00000018610",2581
"ENSG00000018625",6298
"ENSG00000018699",3443
"ENSG00000018869",3341
"ENSG00000019102",1447
"ENSG00000019144",21691
"ENSG00000019169",2051
"ENSG00000019186",3988
"ENSG00000019485",13976
"ENSG00000019505",5445
"ENSG00000019549",3281
"ENSG00000019582",4526
"ENSG00000019991",9753
"ENSG00000019995",5993
"ENSG00000020129",4917
"ENSG00000020181",7084
"ENSG00000020219",1674
"ENSG00000020256",6790
"ENSG00000020426",3877
"ENSG00000020577",12333
"ENSG00000020633",4922
"ENSG00000020922",7674
"ENSG00000021300",4933
"ENSG00000021355",3047
"ENSG00000021461",2628
"ENSG00000021488",2598
"ENSG00000021574",9950
"ENSG00000021645",15534
"ENSG00000021762",7473
"ENSG00000021776",13431
"ENSG00000021826",11018
"ENSG00000021852",3931
"ENSG00000022267",5862
"ENSG00000022277",4063
"ENSG00000022355",8420
"ENSG00000022556",6313
"ENSG00000022567",8608
"ENSG00000022840",5900
"ENSG00000022976",5595
"ENSG00000023041",9250
"ENSG00000023171",14932
"ENSG00000023191",7374
"ENSG00000023228",12174
"ENSG00000023287",7613
"ENSG00000023318",14212
"ENSG00000023330",2536
"ENSG00000023445",7484
"ENSG00000023516",9915
"ENSG00000023572",6210
"ENSG00000023608",2593
"ENSG00000023697",2813
"ENSG00000023734",2215
"ENSG00000023839",7837
"ENSG00000023892",5066
"ENSG00000023902",6629
"ENSG00000023909",5426
"ENSG00000024048",8874
"ENSG00000024422",3844
"ENSG00000024526",5904
"ENSG00000024862",1247
"ENSG00000025039",5095
"ENSG00000025156",2697
"ENSG00000025293",8372
"ENSG00000025423",2272
"ENSG00000025434",4534
"ENSG00000025708",3600
"ENSG00000025770",4459
"ENSG00000025772",1973
"ENSG00000025796",8606
"ENSG00000025800",7457
"ENSG00000026025",5176
"ENSG00000026036",9093
"ENSG00000026103",29313
"ENSG00000026297",19532
"ENSG00000026508",9992
"ENSG00000026559",5415
"ENSG00000026652",14253
"ENSG00000026751",4833
"ENSG00000026950",5539
"ENSG00000027001",3388
"ENSG00000027075",8951
"ENSG00000027644",5200
"ENSG00000027697",3549
"ENSG00000027847",4878
"ENSG00000027869",2501
"ENSG00000028116",3531
"ENSG00000028137",3778
"ENSG00000028203",8766
"ENSG00000028277",9072
"ENSG00000028310",9549
"ENSG00000028528",9789
"ENSG00000028839",5039
"ENSG00000029153",7001
"ENSG00000029363",9533
"ENSG00000029364",7138
"ENSG00000029534",10996
"ENSG00000029559",1573
"ENSG00000029639",4111
"ENSG00000029725",7059
"ENSG00000029993",3914
"ENSG00000030066",8576
"ENSG00000030110",2212
"ENSG00000030304",9176
"ENSG00000030419",12243
"ENSG00000030582",3524
"ENSG00000031003",6808
"ENSG00000031081",9374
"ENSG00000031691",1741
"ENSG00000031698",3849
"ENSG00000031823",7445
"ENSG00000032219",7449
"ENSG00000032389",5723
"ENSG00000032444",7161
"ENSG00000032742",6049
"ENSG00000033011",10637
"ENSG00000033030",8981
"ENSG00000033050",5158
"ENSG00000033100",6498
"ENSG00000033122",30043
"ENSG00000033170",6976
"ENSG00000033178",11408
"ENSG00000033327",6775
"ENSG00000033627",12938
"ENSG00000033800",10647
"ENSG00000033867",9564
"ENSG00000034053",6869
"ENSG00000034152",3775
"ENSG00000034239",5822
"ENSG00000034510",461
"ENSG00000034533",3427
"ENSG00000034677",5852
"ENSG00000034693",2830
"ENSG00000034713",3010
"ENSG00000034971",2104
"ENSG00000035115",11132
"ENSG00000035141",3062
"ENSG00000035403",9992
"ENSG00000035499",3806
"ENSG00000035664",13661
"ENSG00000035681",6174
"ENSG00000035687",3441
"ENSG00000035720",1951
"ENSG00000035862",6209
"ENSG00000035928",6713
"ENSG00000036054",5176
"ENSG00000036257",11505
"ENSG00000036448",7056
"ENSG00000036473",3680
"ENSG00000036530",9358
"ENSG00000036549",9008
"ENSG00000036565",3910
"ENSG00000036672",4523
"ENSG00000036828",12020
"ENSG00000037042",2793
"ENSG00000037241",1164
"ENSG00000037280",8852
"ENSG00000037474",5506
"ENSG00000037637",9009
"ENSG00000037749",10159
"ENSG00000037757",3466
"ENSG00000037897",1947
"ENSG00000037965",2417
"ENSG00000038002",2605
"ENSG00000038210",3685
"ENSG00000038219",15862
"ENSG00000038274",8700
"ENSG00000038295",8105
"ENSG00000038358",6140
"ENSG00000038382",19917
"ENSG00000038427",14678
"ENSG00000038532",12548
"ENSG00000038945",7812
"ENSG00000039068",6076
"ENSG00000039123",6347
"ENSG00000039139",24848
"ENSG00000039319",15490
"ENSG00000039523",6729
"ENSG00000039537",6900
"ENSG00000039560",7581
"ENSG00000039600",3489
"ENSG00000039650",4545
"ENSG00000039987",2646
"ENSG00000040199",12493
"ENSG00000040275",4775
"ENSG00000040341",8964
"ENSG00000040487",2686
"ENSG00000040531",4949
"ENSG00000040608",3126
"ENSG00000040633",2733
"ENSG00000040731",3660
"ENSG00000040933",13690
"ENSG00000041353",7154
"ENSG00000041357",6994
"ENSG00000041515",8816
"ENSG00000041802",4801
"ENSG00000041880",3198
"ENSG00000041982",9589
"ENSG00000041988",4067
"ENSG00000042062",6023
"ENSG00000042088",6223
"ENSG00000042286",5135
"ENSG00000042304",1139
"ENSG00000042317",6872
"ENSG00000042429",16610
"ENSG00000042445",4049
"ENSG00000042493",2419
"ENSG00000042753",1558
"ENSG00000042781",20633
"ENSG00000042813",2625
"ENSG00000042832",11132
"ENSG00000042980",9381
"ENSG00000043039",3752
"ENSG00000043093",8307
"ENSG00000043143",11091
"ENSG00000043355",3290
"ENSG00000043462",6823
"ENSG00000043514",6533
"ENSG00000043591",3039
"ENSG00000044012",604
"ENSG00000044090",7873
"ENSG00000044115",8830
"ENSG00000044446",8547
"ENSG00000044459",11064
"ENSG00000044524",6577
"ENSG00000044574",6530
"ENSG00000046604",15150
"ENSG00000046647",4932
"ENSG00000046651",15550
"ENSG00000046653",5767
"ENSG00000046774",1994
"ENSG00000046889",12132
"ENSG00000047056",8029
"ENSG00000047188",10805
"ENSG00000047230",5531
"ENSG00000047249",5104
"ENSG00000047315",5891
"ENSG00000047346",9848
"ENSG00000047365",12427
"ENSG00000047410",12350
"ENSG00000047457",7072
"ENSG00000047578",9759
"ENSG00000047579",3046
"ENSG00000047597",5174
"ENSG00000047617",6058
"ENSG00000047621",4932
"ENSG00000047634",5497
"ENSG00000047644",7416
"ENSG00000047648",8893
"ENSG00000047662",6731
"ENSG00000047849",14994
"ENSG00000047932",4628
"ENSG00000047936",8890
"ENSG00000048028",5793
"ENSG00000048052",17284
"ENSG00000048140",5215
"ENSG00000048162",2806
"ENSG00000048342",14588
"ENSG00000048392",5391
"ENSG00000048405",5793
"ENSG00000048462",1015
"ENSG00000048471",11299
"ENSG00000048540",10002
"ENSG00000048544",2269
"ENSG00000048545",2971
"ENSG00000048649",15579
"ENSG00000048707",20768
"ENSG00000048740",11029
"ENSG00000048828",7246
"ENSG00000048991",7892
"ENSG00000049089",4215
"ENSG00000049130",6205
"ENSG00000049167",26458
"ENSG00000049192",8565
"ENSG00000049239",9322
"ENSG00000049245",2733
"ENSG00000049246",8128
"ENSG00000049247",1793
"ENSG00000049249",6354
"ENSG00000049283",4503
"ENSG00000049323",7348
"ENSG00000049449",4472
"ENSG00000049540",6572
"ENSG00000049541",2211
"ENSG00000049618",45931
"ENSG00000049656",6549
"ENSG00000049759",34097
"ENSG00000049768",2619
"ENSG00000049769",4378
"ENSG00000049860",5015
"ENSG00000049883",12115
"ENSG00000050030",12338
"ENSG00000050130",4350
"ENSG00000050165",11958
"ENSG00000050327",5818
"ENSG00000050344",4303
"ENSG00000050393",6057
"ENSG00000050405",6291
"ENSG00000050426",6032
"ENSG00000050438",17920
"ENSG00000050555",8939
"ENSG00000050628",10287
"ENSG00000050730",3749
"ENSG00000050748",8955
"ENSG00000050767",4359
"ENSG00000050820",9199
"ENSG00000051009",4726
"ENSG00000051108",5062
"ENSG00000051128",3422
"ENSG00000051180",3084
"ENSG00000051341",9185
"ENSG00000051382",8203
"ENSG00000051523",4161
"ENSG00000051596",3449
"ENSG00000051620",10352
"ENSG00000051825",10304
"ENSG00000052126",36233
"ENSG00000052344",2975
"ENSG00000052723",5894
"ENSG00000052749",8530
"ENSG00000052795",10981
"ENSG00000052802",2852
"ENSG00000052841",11296
"ENSG00000052850",5727
"ENSG00000053108",6710
"ENSG00000053254",11154
"ENSG00000053328",3839
"ENSG00000053371",3753
"ENSG00000053372",2556
"ENSG00000053438",1329
"ENSG00000053501",3163
"ENSG00000053524",20884
"ENSG00000053702",2814
"ENSG00000053747",14488
"ENSG00000053770",13019
"ENSG00000053900",7444
"ENSG00000053918",4920
"ENSG00000054116",3527
"ENSG00000054118",4720
"ENSG00000054148",1612
"ENSG00000054179",2640
"ENSG00000054219",8805
"ENSG00000054267",11073
"ENSG00000054277",3724
"ENSG00000054282",5321
"ENSG00000054356",8228
"ENSG00000054392",6645
"ENSG00000054523",18915
"ENSG00000054598",3983
"ENSG00000054611",5315
"ENSG00000054654",32359
"ENSG00000054690",10828
"ENSG00000054793",8073
"ENSG00000054796",1823
"ENSG00000054803",3154
"ENSG00000054938",3114
"ENSG00000054965",7887
"ENSG00000054967",6187
"ENSG00000054983",6736
"ENSG00000055044",3274
"ENSG00000055070",4742
"ENSG00000055118",7419
"ENSG00000055130",4152
"ENSG00000055147",6523
"ENSG00000055163",10564
"ENSG00000055208",6109
"ENSG00000055211",2250
"ENSG00000055332",11036
"ENSG00000055483",9269
"ENSG00000055609",53322
"ENSG00000055732",6624
"ENSG00000055813",4114
"ENSG00000055917",6979
"ENSG00000055950",3578
"ENSG00000055955",4659
"ENSG00000055957",4541
"ENSG00000056050",1422
"ENSG00000056097",6771
"ENSG00000056277",4638
"ENSG00000056291",2499
"ENSG00000056487",6007
"ENSG00000056558",4476
"ENSG00000056586",11563
"ENSG00000056736",3044
"ENSG00000056972",12634
"ENSG00000056998",3612
"ENSG00000057019",11280
"ENSG00000057149",1707
"ENSG00000057252",7005
"ENSG00000057294",10312
"ENSG00000057468",3270
"ENSG00000057593",3799
"ENSG00000057608",3919
"ENSG00000057657",6750
"ENSG00000057663",5655
"ENSG00000057704",6512
"ENSG00000057757",2173
"ENSG00000057935",10580
"ENSG00000058056",15296
"ENSG00000058063",10569
"ENSG00000058085",6770
"ENSG00000058091",7017
"ENSG00000058262",11707
"ENSG00000058272",11864
"ENSG00000058335",9977
"ENSG00000058404",11598
"ENSG00000058453",8875
"ENSG00000058600",9486
"ENSG00000058668",9502
"ENSG00000058673",12829
"ENSG00000058729",5489
"ENSG00000058799",2036
"ENSG00000058804",4720
"ENSG00000058866",10975
"ENSG00000059122",8425
"ENSG00000059145",7494
"ENSG00000059377",6177
"ENSG00000059378",5510
"ENSG00000059573",3759
"ENSG00000059588",7819
"ENSG00000059691",11741
"ENSG00000059728",6351
"ENSG00000059758",6467
"ENSG00000059769",2604
"ENSG00000059804",7350
"ENSG00000059915",5979
"ENSG00000060069",6196
"ENSG00000060138",8621
"ENSG00000060140",3440
"ENSG00000060237",17280
"ENSG00000060303",408
"ENSG00000060339",6059
"ENSG00000060491",4702
"ENSG00000060558",2753
"ENSG00000060566",2648
"ENSG00000060642",8084
"ENSG00000060656",6682
"ENSG00000060688",3887
"ENSG00000060709",10780
"ENSG00000060718",9091
"ENSG00000060749",10908
"ENSG00000060762",1540
"ENSG00000060971",7106
"ENSG00000060982",11415
"ENSG00000061273",9928
"ENSG00000061337",5706
"ENSG00000061455",9230
"ENSG00000061492",1991
"ENSG00000061656",2348
"ENSG00000061676",22520
"ENSG00000061794",1930
"ENSG00000061918",3944
"ENSG00000061936",10158
"ENSG00000061938",12245
"ENSG00000061987",16014
"ENSG00000062038",6392
"ENSG00000062096",2205
"ENSG00000062194",6472
"ENSG00000062282",7904
"ENSG00000062370",3848
"ENSG00000062485",6401
"ENSG00000062524",3491
"ENSG00000062582",2607
"ENSG00000062598",6597
"ENSG00000062650",7205
"ENSG00000062716",10001
"ENSG00000062725",9890
"ENSG00000062822",4934
"ENSG00000063015",4946
"ENSG00000063046",6028
"ENSG00000063127",3589
"ENSG00000063169",7496
"ENSG00000063176",6009
"ENSG00000063177",3857
"ENSG00000063180",1946
"ENSG00000063241",4408
"ENSG00000063244",4040
"ENSG00000063245",17616
"ENSG00000063322",3839
"ENSG00000063438",9480
"ENSG00000063515",2625
"ENSG00000063587",8147
"ENSG00000063601",6328
"ENSG00000063660",6522
"ENSG00000063761",5293
"ENSG00000063854",5839
"ENSG00000063978",6836
"ENSG00000064012",7237
"ENSG00000064042",10862
"ENSG00000064102",3059
"ENSG00000064115",5504
"ENSG00000064195",2715
"ENSG00000064199",5159
"ENSG00000064201",3797
"ENSG00000064205",4981
"ENSG00000064218",2697
"ENSG00000064225",6304
"ENSG00000064270",7352
"ENSG00000064300",4141
"ENSG00000064309",19924
"ENSG00000064313",16255
"ENSG00000064393",15622
"ENSG00000064419",4676
"ENSG00000064489",1929
"ENSG00000064490",2503
"ENSG00000064545",3281
"ENSG00000064547",2975
"ENSG00000064601",8633
"ENSG00000064607",8468
"ENSG00000064651",10653
"ENSG00000064652",3474
"ENSG00000064655",3618
"ENSG00000064666",3640
"ENSG00000064687",9591
"ENSG00000064692",7266
"ENSG00000064703",8778
"ENSG00000064726",4066
"ENSG00000064763",13684
"ENSG00000064787",10533
"ENSG00000064835",1566
"ENSG00000064886",3295
"ENSG00000064932",6610
"ENSG00000064933",5448
"ENSG00000064961",3857
"ENSG00000064989",7309
"ENSG00000064995",6904
"ENSG00000064999",9967
"ENSG00000065000",9317
"ENSG00000065029",6782
"ENSG00000065054",3516
"ENSG00000065057",2430
"ENSG00000065060",9567
"ENSG00000065135",9044
"ENSG00000065150",9664
"ENSG00000065154",3388
"ENSG00000065183",10276
"ENSG00000065243",6897
"ENSG00000065268",2283
"ENSG00000065308",7047
"ENSG00000065320",6415
"ENSG00000065325",5696
"ENSG00000065328",5456
"ENSG00000065357",10098
"ENSG00000065361",11711
"ENSG00000065371",4518
"ENSG00000065413",12826
"ENSG00000065427",4051
"ENSG00000065457",6118
"ENSG00000065485",4067
"ENSG00000065491",3462
"ENSG00000065518",1877
"ENSG00000065526",15120
"ENSG00000065534",31537
"ENSG00000065548",5594
"ENSG00000065559",5709
"ENSG00000065600",2917
"ENSG00000065609",6651
"ENSG00000065613",8107
"ENSG00000065615",9621
"ENSG00000065618",6989
"ENSG00000065621",9926
"ENSG00000065665",3916
"ENSG00000065675",3285
"ENSG00000065717",4141
"ENSG00000065802",7407
"ENSG00000065809",7019
"ENSG00000065833",3338
"ENSG00000065882",9556
"ENSG00000065883",24780
"ENSG00000065911",11443
"ENSG00000065923",9980
"ENSG00000065970",6297
"ENSG00000065978",3395
"ENSG00000065989",6762
"ENSG00000066027",3942
"ENSG00000066032",7535
"ENSG00000066044",6962
"ENSG00000066056",6705
"ENSG00000066084",10351
"ENSG00000066117",4903
"ENSG00000066135",5184
"ENSG00000066136",5990
"ENSG00000066185",2181
"ENSG00000066230",5754
"ENSG00000066248",4647
"ENSG00000066279",11994
"ENSG00000066294",9255
"ENSG00000066322",2506
"ENSG00000066336",4020
"ENSG00000066379",3672
"ENSG00000066382",8114
"ENSG00000066405",3715
"ENSG00000066422",15511
"ENSG00000066427",9624
"ENSG00000066455",3205
"ENSG00000066468",18813
"ENSG00000066557",2843
"ENSG00000066583",1942
"ENSG00000066629",8987
"ENSG00000066651",5722
"ENSG00000066654",6501
"ENSG00000066697",3289
"ENSG00000066735",7041
"ENSG00000066739",14256
"ENSG00000066777",11059
"ENSG00000066813",8158
"ENSG00000066827",8900
"ENSG00000066855",4629
"ENSG00000066923",6142
"ENSG00000066926",11128
"ENSG00000066933",20319
"ENSG00000067048",5720
"ENSG00000067057",7774
"ENSG00000067064",4294
"ENSG00000067066",14134
"ENSG00000067082",6139
"ENSG00000067113",1935
"ENSG00000067141",8137
"ENSG00000067167",4131
"ENSG00000067177",6350
"ENSG00000067182",4205
"ENSG00000067191",7096
"ENSG00000067208",14589
"ENSG00000067221",10458
"ENSG00000067225",8572
"ENSG00000067248",4890
"ENSG00000067334",7518
"ENSG00000067365",8254
"ENSG00000067369",12976
"ENSG00000067445",6716
"ENSG00000067533",7877
"ENSG00000067560",4805
"ENSG00000067596",10760
"ENSG00000067601",534
"ENSG00000067606",7695
"ENSG00000067646",5557
"ENSG00000067704",4135
"ENSG00000067715",9463
"ENSG00000067798",13278
"ENSG00000067829",2699
"ENSG00000067836",3613
"ENSG00000067840",4341
"ENSG00000067842",10469
"ENSG00000067900",13369
"ENSG00000067955",4652
"ENSG00000067992",17456
"ENSG00000068001",4421
"ENSG00000068024",14179
"ENSG00000068028",3683
"ENSG00000068078",4848
"ENSG00000068079",1958
"ENSG00000068097",7043
"ENSG00000068120",4032
"ENSG00000068137",4803
"ENSG00000068305",7128
"ENSG00000068308",3333
"ENSG00000068323",4207
"ENSG00000068354",3966
"ENSG00000068366",9971
"ENSG00000068383",3739
"ENSG00000068394",1658
"ENSG00000068400",16204
"ENSG00000068438",2872
"ENSG00000068489",6743
"ENSG00000068615",6937
"ENSG00000068650",14024
"ENSG00000068654",19694
"ENSG00000068697",1546
"ENSG00000068724",13446
"ENSG00000068745",5624
"ENSG00000068781",4294
"ENSG00000068784",5045
"ENSG00000068796",13050
"ENSG00000068831",6084
"ENSG00000068878",10392
"ENSG00000068885",7080
"ENSG00000068903",6206
"ENSG00000068912",16419
"ENSG00000068971",3360
"ENSG00000068976",4658
"ENSG00000068985",659
"ENSG00000069011",3442
"ENSG00000069018",3768
"ENSG00000069020",14654
"ENSG00000069122",6601
"ENSG00000069188",11963
"ENSG00000069206",4483
"ENSG00000069248",6081
"ENSG00000069275",6449
"ENSG00000069329",9733
"ENSG00000069345",4951
"ENSG00000069399",3094
"ENSG00000069424",17212
"ENSG00000069431",17483
"ENSG00000069482",1300
"ENSG00000069493",6955
"ENSG00000069509",1257
"ENSG00000069535",2895
"ENSG00000069667",17023
"ENSG00000069696",1501
"ENSG00000069702",8577
"ENSG00000069764",752
"ENSG00000069812",5407
"ENSG00000069849",2617
"ENSG00000069869",9036
"ENSG00000069943",4542
"ENSG00000069956",6592
"ENSG00000069966",13330
"ENSG00000069974",11345
"ENSG00000069998",4936
"ENSG00000070010",8722
"ENSG00000070018",10369
"ENSG00000070019",4191
"ENSG00000070031",526
"ENSG00000070047",5785
"ENSG00000070061",24261
"ENSG00000070081",9023
"ENSG00000070087",3608
"ENSG00000070159",9995
"ENSG00000070182",14796
"ENSG00000070190",4590
"ENSG00000070193",6399
"ENSG00000070214",12373
"ENSG00000070269",8072
"ENSG00000070366",10568
"ENSG00000070367",12459
"ENSG00000070371",10052
"ENSG00000070388",2780
"ENSG00000070404",3033
"ENSG00000070413",5596
"ENSG00000070423",3452
"ENSG00000070444",8701
"ENSG00000070476",7329
"ENSG00000070495",5969
"ENSG00000070501",4106
"ENSG00000070526",3396
"ENSG00000070540",3403
"ENSG00000070601",5913
"ENSG00000070610",4803
"ENSG00000070614",9510
"ENSG00000070669",4896
"ENSG00000070718",6276
"ENSG00000070729",7310
"ENSG00000070731",3002
"ENSG00000070748",6588
"ENSG00000070756",9546
"ENSG00000070759",3319
"ENSG00000070761",2302
"ENSG00000070770",10363
"ENSG00000070778",7670
"ENSG00000070785",3411
"ENSG00000070808",9481
"ENSG00000070814",11439
"ENSG00000070831",24398
"ENSG00000070882",8089
"ENSG00000070886",5434
"ENSG00000070915",6180
"ENSG00000070950",6984
"ENSG00000070961",9523
"ENSG00000070985",5722
"ENSG00000071051",2975
"ENSG00000071054",11958
"ENSG00000071073",9636
"ENSG00000071082",5277
"ENSG00000071127",18461
"ENSG00000071189",16418
"ENSG00000071203",1839
"ENSG00000071205",10755
"ENSG00000071242",8302
"ENSG00000071243",5200
"ENSG00000071246",7223
"ENSG00000071282",9025
"ENSG00000071462",1201
"ENSG00000071537",9553
"ENSG00000071539",3319
"ENSG00000071553",5683
"ENSG00000071564",6368
"ENSG00000071575",4567
"ENSG00000071626",9201
"ENSG00000071655",7909
"ENSG00000071677",264
"ENSG00000071794",6024
"ENSG00000071859",2552
"ENSG00000071889",5098
"ENSG00000071894",6058
"ENSG00000071909",8236
"ENSG00000071967",5172
"ENSG00000071991",6864
"ENSG00000071994",6476
"ENSG00000072041",20154
"ENSG00000072042",5498
"ENSG00000072062",7330
"ENSG00000072071",8487
"ENSG00000072080",1265
"ENSG00000072110",14325
"ENSG00000072121",15884
"ENSG00000072133",8988
"ENSG00000072134",8492
"ENSG00000072135",5732
"ENSG00000072163",8731
"ENSG00000072182",5250
"ENSG00000072195",17066
"ENSG00000072201",5624
"ENSG00000072210",15331
"ENSG00000072274",17376
"ENSG00000072310",8234
"ENSG00000072315",12143
"ENSG00000072364",11281
"ENSG00000072401",3480
"ENSG00000072415",14825
"ENSG00000072422",4779
"ENSG00000072501",10830
"ENSG00000072506",2822
"ENSG00000072518",12010
"ENSG00000072571",3932
"ENSG00000072609",17113
"ENSG00000072657",12264
"ENSG00000072682",10128
"ENSG00000072694",6655
"ENSG00000072736",8806
"ENSG00000072756",14503
"ENSG00000072778",4820
"ENSG00000072786",8915
"ENSG00000072803",5577
"ENSG00000072818",7420
"ENSG00000072832",5869
"ENSG00000072840",7144
"ENSG00000072849",6383
"ENSG00000072858",7937
"ENSG00000072864",8217
"ENSG00000072952",7700
"ENSG00000072954",2987
"ENSG00000072958",14094
"ENSG00000073008",10427
"ENSG00000073050",2745
"ENSG00000073060",14887
"ENSG00000073067",2791
"ENSG00000073111",4902
"ENSG00000073146",6826
"ENSG00000073150",3103
"ENSG00000073169",2331
"ENSG00000073282",7479
"ENSG00000073331",12326
"ENSG00000073350",7939
"ENSG00000073417",8004
"ENSG00000073464",7562
"ENSG00000073536",5475
"ENSG00000073578",8703
"ENSG00000073584",18470
"ENSG00000073598",1352
"ENSG00000073605",5905
"ENSG00000073614",12029
"ENSG00000073670",4813
"ENSG00000073711",7785
"ENSG00000073712",8463
"ENSG00000073734",7715
"ENSG00000073737",3750
"ENSG00000073754",2469
"ENSG00000073756",5484
"ENSG00000073792",5330
"ENSG00000073803",12604
"ENSG00000073849",11142
"ENSG00000073861",2625
"ENSG00000073905",848
"ENSG00000073910",18852
"ENSG00000073921",6342
"ENSG00000073969",9462
"ENSG00000074047",7720
"ENSG00000074054",11004
"ENSG00000074071",1092
"ENSG00000074181",9408
"ENSG00000074201",4581
"ENSG00000074211",9366
"ENSG00000074219",2980
"ENSG00000074266",7989
"ENSG00000074276",5397
"ENSG00000074317",2008
"ENSG00000074319",3558
"ENSG00000074356",14720
"ENSG00000074370",6895
"ENSG00000074410",6998
"ENSG00000074416",11298
"ENSG00000074527",4365
"ENSG00000074582",3379
"ENSG00000074590",5924
"ENSG00000074603",10211
"ENSG00000074621",9084
"ENSG00000074657",11754
"ENSG00000074660",4954
"ENSG00000074695",6070
"ENSG00000074696",7094
"ENSG00000074706",8485
"ENSG00000074755",15888
"ENSG00000074771",1980
"ENSG00000074800",5216
"ENSG00000074803",12838
"ENSG00000074842",1670
"ENSG00000074855",5005
"ENSG00000074935",7087
"ENSG00000074964",7954
"ENSG00000074966",6701
"ENSG00000075035",6740
"ENSG00000075043",12816
"ENSG00000075073",2922
"ENSG00000075089",3813
"ENSG00000075131",2739
"ENSG00000075142",4226
"ENSG00000075151",11885
"ENSG00000075188",3488
"ENSG00000075213",9259
"ENSG00000075218",4113
"ENSG00000075223",6100
"ENSG00000075234",3578
"ENSG00000075239",7223
"ENSG00000075240",4901
"ENSG00000075275",16045
"ENSG00000075290",2144
"ENSG00000075292",13508
"ENSG00000075303",5084
"ENSG00000075336",5197
"ENSG00000075340",12673
"ENSG00000075388",3165
"ENSG00000075391",20172
"ENSG00000075399",3340
"ENSG00000075407",13190
"ENSG00000075413",21530
"ENSG00000075415",8896
"ENSG00000075420",13324
"ENSG00000075426",7162
"ENSG00000075429",10576
"ENSG00000075461",3583
"ENSG00000075539",18165
"ENSG00000075568",13042
"ENSG00000075618",3699
"ENSG00000075624",4405
"ENSG00000075643",6303
"ENSG00000075651",9954
"ENSG00000075673",4424
"ENSG00000075702",12217
"ENSG00000075711",16552
"ENSG00000075785",7194
"ENSG00000075790",5625
"ENSG00000075826",7934
"ENSG00000075856",7637
"ENSG00000075884",6127
"ENSG00000075886",1572
"ENSG00000075891",6582
"ENSG00000075914",4429
"ENSG00000075945",4978
"ENSG00000075975",9783
"ENSG00000076003",4135
"ENSG00000076043",3650
"ENSG00000076053",7885
"ENSG00000076067",8911
"ENSG00000076108",10936
"ENSG00000076201",6866
"ENSG00000076242",8144
"ENSG00000076248",5271
"ENSG00000076258",2542
"ENSG00000076321",4244
"ENSG00000076344",4798
"ENSG00000076351",7954
"ENSG00000076356",13845
"ENSG00000076382",5218
"ENSG00000076513",7350
"ENSG00000076554",8111
"ENSG00000076555",14513
"ENSG00000076604",4567
"ENSG00000076641",11023
"ENSG00000076650",4469
"ENSG00000076662",2788
"ENSG00000076685",9137
"ENSG00000076706",7422
"ENSG00000076716",4959
"ENSG00000076770",13009
"ENSG00000076826",4884
"ENSG00000076864",5743
"ENSG00000076924",4653
"ENSG00000076928",8624
"ENSG00000076944",6071
"ENSG00000076984",5145
"ENSG00000077009",1175
"ENSG00000077044",9784
"ENSG00000077063",6969
"ENSG00000077080",2376
"ENSG00000077092",9445
"ENSG00000077097",18645
"ENSG00000077147",7494
"ENSG00000077150",5583
"ENSG00000077152",1930
"ENSG00000077157",21118
"ENSG00000077232",25053
"ENSG00000077235",11562
"ENSG00000077238",5884
"ENSG00000077254",6918
"ENSG00000077264",10442
"ENSG00000077274",3532
"ENSG00000077279",10203
"ENSG00000077312",2353
"ENSG00000077327",3876
"ENSG00000077348",3712
"ENSG00000077380",6433
"ENSG00000077420",4489
"ENSG00000077454",7117
"ENSG00000077458",6031
"ENSG00000077463",2749
"ENSG00000077498",2593
"ENSG00000077514",5501
"ENSG00000077522",17931
"ENSG00000077549",19094
"ENSG00000077585",2307
"ENSG00000077616",7168
"ENSG00000077684",9052
"ENSG00000077713",2839
"ENSG00000077721",5998
"ENSG00000077782",17201
"ENSG00000077800",4746
"ENSG00000077935",4253
"ENSG00000077942",7285
"ENSG00000077943",7320
"ENSG00000077984",891
"ENSG00000078018",11842
"ENSG00000078043",17535
"ENSG00000078053",5489
"ENSG00000078061",3409
"ENSG00000078070",4311
"ENSG00000078081",3785
"ENSG00000078098",6968
"ENSG00000078114",17810
"ENSG00000078124",23102
"ENSG00000078140",5180
"ENSG00000078142",15154
"ENSG00000078177",10053
"ENSG00000078237",9444
"ENSG00000078246",3179
"ENSG00000078269",12517
"ENSG00000078295",17608
"ENSG00000078304",14378
"ENSG00000078319",537
"ENSG00000078328",15744
"ENSG00000078369",9030
"ENSG00000078399",3033
"ENSG00000078401",2035
"ENSG00000078403",9130
"ENSG00000078487",3318
"ENSG00000078549",7008
"ENSG00000078579",1840
"ENSG00000078589",3576
"ENSG00000078596",2051
"ENSG00000078618",6640
"ENSG00000078668",3181
"ENSG00000078674",14447
"ENSG00000078687",11634
"ENSG00000078699",9457
"ENSG00000078725",3874
"ENSG00000078747",12406
"ENSG00000078795",4653
"ENSG00000078804",4179
"ENSG00000078808",4686
"ENSG00000078814",8245
"ENSG00000078898",1788
"ENSG00000078900",7281
"ENSG00000078902",5983
"ENSG00000078967",4715
"ENSG00000079101",3846
"ENSG00000079102",13629
"ENSG00000079112",3878
"ENSG00000079134",8099
"ENSG00000079150",6710
"ENSG00000079156",11488
"ENSG00000079215",21227
"ENSG00000079246",5463
"ENSG00000079257",1459
"ENSG00000079263",5582
"ENSG00000079277",8071
"ENSG00000079308",16368
"ENSG00000079313",5579
"ENSG00000079332",6914
"ENSG00000079335",6735
"ENSG00000079337",12106
"ENSG00000079385",5527
"ENSG00000079387",9420
"ENSG00000079393",1728
"ENSG00000079432",11031
"ENSG00000079435",5178
"ENSG00000079459",5080
"ENSG00000079462",1419
"ENSG00000079482",20704
"ENSG00000079557",2182
"ENSG00000079616",7169
"ENSG00000079689",1482
"ENSG00000079691",6853
"ENSG00000079739",4077
"ENSG00000079785",10125
"ENSG00000079805",17565
"ENSG00000079819",10320
"ENSG00000079841",12948
"ENSG00000079931",5223
"ENSG00000079950",16387
"ENSG00000079974",6297
"ENSG00000079999",3573
"ENSG00000080007",2724
"ENSG00000080031",4345
"ENSG00000080166",7540
"ENSG00000080189",7708
"ENSG00000080200",10979
"ENSG00000080224",18310
"ENSG00000080293",3415
"ENSG00000080298",11169
"ENSG00000080345",18166
"ENSG00000080371",16048
"ENSG00000080493",9331
"ENSG00000080503",19075
"ENSG00000080511",2001
"ENSG00000080546",7276
"ENSG00000080561",7554
"ENSG00000080572",1956
"ENSG00000080573",6783
"ENSG00000080603",13863
"ENSG00000080608",2573
"ENSG00000080618",6699
"ENSG00000080644",4761
"ENSG00000080709",6108
"ENSG00000080802",7317
"ENSG00000080815",25147
"ENSG00000080819",3157
"ENSG00000080822",5210
"ENSG00000080823",10986
"ENSG00000080824",5097
"ENSG00000080839",5956
"ENSG00000080845",8785
"ENSG00000080854",17862
"ENSG00000080910",4214
"ENSG00000080947",2137
"ENSG00000080986",3554
"ENSG00000081014",7354
"ENSG00000081019",6819
"ENSG00000081026",8414
"ENSG00000081041",1398
"ENSG00000081051",3201
"ENSG00000081052",11820
"ENSG00000081059",10093
"ENSG00000081087",13527
"ENSG00000081138",14528
"ENSG00000081148",8352
"ENSG00000081154",3045
"ENSG00000081177",6276
"ENSG00000081181",2284
"ENSG00000081189",11755
"ENSG00000081237",17302
"ENSG00000081248",7283
"ENSG00000081277",6211
"ENSG00000081307",8072
"ENSG00000081320",8150
"ENSG00000081377",10575
"ENSG00000081386",7233
"ENSG00000081479",16109
"ENSG00000081665",10374
"ENSG00000081692",4315
"ENSG00000081721",1762
"ENSG00000081760",16039
"ENSG00000081791",6000
"ENSG00000081800",4401
"ENSG00000081803",6353
"ENSG00000081818",3806
"ENSG00000081842",6136
"ENSG00000081853",6720
"ENSG00000081870",3006
"ENSG00000081913",9051
"ENSG00000081923",7028
"ENSG00000081985",7496
"ENSG00000082014",4919
"ENSG00000082068",6966
"ENSG00000082074",8823
"ENSG00000082126",4924
"ENSG00000082146",3177
"ENSG00000082153",8085
"ENSG00000082175",14692
"ENSG00000082196",4547
"ENSG00000082212",15897
"ENSG00000082213",4146
"ENSG00000082258",9081
"ENSG00000082269",10476
"ENSG00000082293",11018
"ENSG00000082397",12203
"ENSG00000082438",17176
"ENSG00000082458",7883
"ENSG00000082482",4294
"ENSG00000082497",5470
"ENSG00000082512",9022
"ENSG00000082515",5264
"ENSG00000082516",5644
"ENSG00000082556",5670
"ENSG00000082641",5883
"ENSG00000082684",8517
"ENSG00000082701",17871
"ENSG00000082781",6515
"ENSG00000082805",15826
"ENSG00000082898",23843
"ENSG00000082929",1379
"ENSG00000082996",3573
"ENSG00000083067",22314
"ENSG00000083093",7498
"ENSG00000083097",10045
"ENSG00000083099",8675
"ENSG00000083123",4071
"ENSG00000083168",24143
"ENSG00000083223",6707
"ENSG00000083290",9868
"ENSG00000083307",6053
"ENSG00000083312",13099
"ENSG00000083444",5320
"ENSG00000083454",4031
"ENSG00000083457",6602
"ENSG00000083520",10835
"ENSG00000083535",4179
"ENSG00000083544",7823
"ENSG00000083622",376
"ENSG00000083635",3480
"ENSG00000083642",13187
"ENSG00000083720",4100
"ENSG00000083750",2715
"ENSG00000083782",1802
"ENSG00000083799",12952
"ENSG00000083807",8025
"ENSG00000083812",5653
"ENSG00000083814",3532
"ENSG00000083817",2545
"ENSG00000083828",5480
"ENSG00000083838",4768
"ENSG00000083844",12532
"ENSG00000083845",3617
"ENSG00000083857",16158
"ENSG00000083896",7033
"ENSG00000083937",8243
"ENSG00000084070",3601
"ENSG00000084072",11124
"ENSG00000084073",4022
"ENSG00000084090",4416
"ENSG00000084092",2218
"ENSG00000084093",9408
"ENSG00000084110",5146
"ENSG00000084112",14538
"ENSG00000084207",1764
"ENSG00000084234",7463
"ENSG00000084444",6710
"ENSG00000084453",11524
"ENSG00000084463",5258
"ENSG00000084623",9526
"ENSG00000084628",3320
"ENSG00000084636",9253
"ENSG00000084652",5114
"ENSG00000084674",14828
"ENSG00000084676",8982
"ENSG00000084693",5283
"ENSG00000084710",10643
"ENSG00000084731",6401
"ENSG00000084733",3654
"ENSG00000084734",3149
"ENSG00000084754",4331
"ENSG00000084764",3628
"ENSG00000084774",8443
"ENSG00000085063",10557
"ENSG00000085117",4044
"ENSG00000085185",7984
"ENSG00000085224",22740
"ENSG00000085231",2140
"ENSG00000085265",7588
"ENSG00000085274",5165
"ENSG00000085276",9260
"ENSG00000085365",6746
"ENSG00000085377",8917
"ENSG00000085382",9237
"ENSG00000085415",10481
"ENSG00000085433",4417
"ENSG00000085449",5485
"ENSG00000085465",2520
"ENSG00000085491",6726
"ENSG00000085511",7522
"ENSG00000085514",1990
"ENSG00000085552",6637
"ENSG00000085563",6422
"ENSG00000085644",6442
"ENSG00000085662",3654
"ENSG00000085719",6737
"ENSG00000085721",4139
"ENSG00000085733",6949
"ENSG00000085741",2371
"ENSG00000085760",3374
"ENSG00000085788",10548
"ENSG00000085831",9491
"ENSG00000085832",8329
"ENSG00000085840",3121
"ENSG00000085871",3172
"ENSG00000085872",6015
"ENSG00000085978",6047
"ENSG00000085982",9349
"ENSG00000085998",9028
"ENSG00000085999",4078
"ENSG00000086015",8062
"ENSG00000086061",2668
"ENSG00000086062",8548
"ENSG00000086065",2391
"ENSG00000086102",7146
"ENSG00000086159",5129
"ENSG00000086189",10981
"ENSG00000086200",7540
"ENSG00000086205",5335
"ENSG00000086232",5492
"ENSG00000086288",2435
"ENSG00000086289",2647
"ENSG00000086300",9556
"ENSG00000086475",3884
"ENSG00000086504",3053
"ENSG00000086506",528
"ENSG00000086544",3376
"ENSG00000086548",2956
"ENSG00000086570",14712
"ENSG00000086589",3587
"ENSG00000086598",3833
"ENSG00000086619",15361
"ENSG00000086666",7052
"ENSG00000086696",9529
"ENSG00000086712",4455
"ENSG00000086717",4372
"ENSG00000086730",4545
"ENSG00000086758",17780
"ENSG00000086827",2916
"ENSG00000086848",8070
"ENSG00000086967",3719
"ENSG00000086991",6099
"ENSG00000087008",3846
"ENSG00000087053",13952
"ENSG00000087074",3433
"ENSG00000087076",1112
"ENSG00000087077",2553
"ENSG00000087085",4074
"ENSG00000087086",2064
"ENSG00000087087",4858
"ENSG00000087088",2587
"ENSG00000087095",4769
"ENSG00000087111",8049
"ENSG00000087116",8965
"ENSG00000087128",2124
"ENSG00000087152",5333
"ENSG00000087157",5058
"ENSG00000087191",4279
"ENSG00000087206",4767
"ENSG00000087237",3391
"ENSG00000087245",4706
"ENSG00000087250",1679
"ENSG00000087253",7361
"ENSG00000087258",14656
"ENSG00000087263",5779
"ENSG00000087266",14135
"ENSG00000087269",3559
"ENSG00000087274",13240
"ENSG00000087299",6560
"ENSG00000087301",6108
"ENSG00000087302",8287
"ENSG00000087303",6217
"ENSG00000087338",4892
"ENSG00000087365",9795
"ENSG00000087448",7594
"ENSG00000087460",22221
"ENSG00000087470",8061
"ENSG00000087494",3405
"ENSG00000087495",6103
"ENSG00000087502",5826
"ENSG00000087510",3001
"ENSG00000087586",2928
"ENSG00000087589",5070
"ENSG00000087842",2512
"ENSG00000087884",1936
"ENSG00000087903",9094
"ENSG00000087995",6398
"ENSG00000088002",2725
"ENSG00000088035",5487
"ENSG00000088038",6821
"ENSG00000088053",2703
"ENSG00000088179",13276
"ENSG00000088205",7808
"ENSG00000088247",5162
"ENSG00000088256",6285
"ENSG00000088280",5194
"ENSG00000088298",1884
"ENSG00000088305",6876
"ENSG00000088320",1660
"ENSG00000088325",3605
"ENSG00000088340",5998
"ENSG00000088356",1957
"ENSG00000088367",9676
"ENSG00000088386",4210
"ENSG00000088387",15065
"ENSG00000088448",4563
"ENSG00000088451",2571
"ENSG00000088538",9069
"ENSG00000088543",3244
"ENSG00000088682",4319
"ENSG00000088726",3297
"ENSG00000088727",5878
"ENSG00000088756",11912
"ENSG00000088766",5367
"ENSG00000088782",530
"ENSG00000088808",9573
"ENSG00000088812",8771
"ENSG00000088826",2946
"ENSG00000088827",8126
"ENSG00000088832",5973
"ENSG00000088833",5757
"ENSG00000088836",4319
"ENSG00000088854",8584
"ENSG00000088876",4643
"ENSG00000088881",4060
"ENSG00000088882",2376
"ENSG00000088888",11771
"ENSG00000088899",5352
"ENSG00000088926",3995
"ENSG00000088930",3408
"ENSG00000088970",5207
"ENSG00000088986",2931
"ENSG00000088992",1926
"ENSG00000089006",7953
"ENSG00000089009",4442
"ENSG00000089012",2242
"ENSG00000089022",13955
"ENSG00000089041",5546
"ENSG00000089048",3249
"ENSG00000089050",3843
"ENSG00000089053",12259
"ENSG00000089057",7526
"ENSG00000089060",6768
"ENSG00000089063",3035
"ENSG00000089091",8411
"ENSG00000089094",15554
"ENSG00000089101",7915
"ENSG00000089116",3063
"ENSG00000089123",2897
"ENSG00000089127",13021
"ENSG00000089154",9660
"ENSG00000089157",3988
"ENSG00000089159",7460
"ENSG00000089163",1222
"ENSG00000089169",10276
"ENSG00000089177",7733
"ENSG00000089195",3783
"ENSG00000089199",4447
"ENSG00000089220",1514
"ENSG00000089225",4443
"ENSG00000089234",4656
"ENSG00000089248",3049
"ENSG00000089250",13113
"ENSG00000089280",12347
"ENSG00000089289",1864
"ENSG00000089327",3357
"ENSG00000089335",5032
"ENSG00000089351",5906
"ENSG00000089356",3390
"ENSG00000089472",9888
"ENSG00000089486",4274
"ENSG00000089505",1465
"ENSG00000089558",3788
"ENSG00000089597",5030
"ENSG00000089639",3730
"ENSG00000089682",18967
"ENSG00000089685",3815
"ENSG00000089692",3056
"ENSG00000089693",3367
"ENSG00000089723",4241
"ENSG00000089737",8597
"ENSG00000089775",12222
"ENSG00000089818",8785
"ENSG00000089820",5580
"ENSG00000089847",4522
"ENSG00000089876",3925
"ENSG00000089902",6199
"ENSG00000089916",21987
"ENSG00000090006",8110
"ENSG00000090013",1613
"ENSG00000090020",6195
"ENSG00000090054",10589
"ENSG00000090060",13609
"ENSG00000090061",8220
"ENSG00000090097",3738
"ENSG00000090104",4074
"ENSG00000090238",3181
"ENSG00000090263",5245
"ENSG00000090266",4447
"ENSG00000090273",2848
"ENSG00000090316",9821
"ENSG00000090339",3448
"ENSG00000090372",7637
"ENSG00000090376",9688
"ENSG00000090382",1724
"ENSG00000090402",6139
"ENSG00000090432",2428
"ENSG00000090447",7867
"ENSG00000090470",3235
"ENSG00000090487",3983
"ENSG00000090512",2024
"ENSG00000090520",9385
"ENSG00000090530",5573
"ENSG00000090534",2705
"ENSG00000090539",6639
"ENSG00000090554",2846
"ENSG00000090565",6287
"ENSG00000090581",5718
"ENSG00000090612",14096
"ENSG00000090615",14822
"ENSG00000090621",10274
"ENSG00000090659",4414
"ENSG00000090661",4071
"ENSG00000090674",3958
"ENSG00000090686",9497
"ENSG00000090776",3303
"ENSG00000090857",9679
"ENSG00000090861",10248
"ENSG00000090863",14111
"ENSG00000090889",4573
"ENSG00000090905",12968
"ENSG00000090924",9116
"ENSG00000090932",2618
"ENSG00000090971",1979
"ENSG00000090975",9499
"ENSG00000090989",5367
"ENSG00000091009",6664
"ENSG00000091010",2575
"ENSG00000091039",9198
"ENSG00000091073",5042
"ENSG00000091106",3788
"ENSG00000091127",4433
"ENSG00000091128",7021
"ENSG00000091129",7975
"ENSG00000091136",18592
"ENSG00000091137",5607
"ENSG00000091138",3382
"ENSG00000091140",5102
"ENSG00000091157",8899
"ENSG00000091164",11297
"ENSG00000091181",6602
"ENSG00000091262",6908
"ENSG00000091317",3857
"ENSG00000091409",7096
"ENSG00000091428",7125
"ENSG00000091436",13804
"ENSG00000091482",1324
"ENSG00000091483",9350
"ENSG00000091490",7483
"ENSG00000091513",26038
"ENSG00000091527",4411
"ENSG00000091536",19944
"ENSG00000091542",3601
"ENSG00000091583",1332
"ENSG00000091592",20157
"ENSG00000091622",10671
"ENSG00000091640",2776
"ENSG00000091651",4309
"ENSG00000091656",15851
"ENSG00000091664",4615
"ENSG00000091704",2837
"ENSG00000091732",4000
"ENSG00000091831",13726
"ENSG00000091844",7932
"ENSG00000091879",6794
"ENSG00000091947",3029
"ENSG00000091972",7902
"ENSG00000091986",13068
"ENSG00000092009",937
"ENSG00000092010",1776
"ENSG00000092020",3863
"ENSG00000092036",2539
"ENSG00000092051",5294
"ENSG00000092054",6103
"ENSG00000092067",1764
"ENSG00000092068",5991
"ENSG00000092094",5031
"ENSG00000092096",4270
"ENSG00000092098",6713
"ENSG00000092108",29169
"ENSG00000092140",9319
"ENSG00000092148",21483
"ENSG00000092199",7293
"ENSG00000092200",5547
"ENSG00000092201",6900
"ENSG00000092203",7091
"ENSG00000092208",2695
"ENSG00000092295",3735
"ENSG00000092330",4378
"ENSG00000092345",3555
"ENSG00000092377",2625
"ENSG00000092421",10906
"ENSG00000092439",12380
"ENSG00000092445",10770
"ENSG00000092470",4054
"ENSG00000092529",12774
"ENSG00000092531",5852
"ENSG00000092607",4344
"ENSG00000092621",9187
"ENSG00000092758",4841
"ENSG00000092820",3286
"ENSG00000092841",4424
"ENSG00000092847",14043
"ENSG00000092850",1959
"ENSG00000092853",9591
"ENSG00000092871",8367
"ENSG00000092929",7802
"ENSG00000092931",6347
"ENSG00000092964",7296
"ENSG00000092969",6050
"ENSG00000092978",8841
"ENSG00000093000",8236
"ENSG00000093009",2978
"ENSG00000093010",7376
"ENSG00000093072",11032
"ENSG00000093100",4328
"ENSG00000093134",1505
"ENSG00000093144",5676
"ENSG00000093167",10674
"ENSG00000093183",8159
"ENSG00000093217",6327
"ENSG00000094631",14472
"ENSG00000094661",6057
"ENSG00000094755",4621
"ENSG00000094796",1615
"ENSG00000094804",5311
"ENSG00000094841",3689
"ENSG00000094880",4616
"ENSG00000094914",4727
"ENSG00000094916",15038
"ENSG00000094963",6201
"ENSG00000094975",7893
"ENSG00000095002",14265
"ENSG00000095015",7741
"ENSG00000095059",2984
"ENSG00000095066",5950
"ENSG00000095110",7084
"ENSG00000095139",4177
"ENSG00000095203",7975
"ENSG00000095209",4531
"ENSG00000095261",4399
"ENSG00000095303",5784
"ENSG00000095319",8041
"ENSG00000095321",7565
"ENSG00000095370",4628
"ENSG00000095380",4931
"ENSG00000095383",3597
"ENSG00000095397",6364
"ENSG00000095464",3361
"ENSG00000095485",3985
"ENSG00000095539",5298
"ENSG00000095564",8679
"ENSG00000095574",4928
"ENSG00000095585",10554
"ENSG00000095587",8157
"ENSG00000095596",2964
"ENSG00000095627",8686
"ENSG00000095637",11052
"ENSG00000095713",3553
"ENSG00000095739",2139
"ENSG00000095752",2678
"ENSG00000095777",8437
"ENSG00000095787",12903
"ENSG00000095794",5699
"ENSG00000095906",4947
"ENSG00000095917",1583
"ENSG00000095932",1481
"ENSG00000095951",11294
"ENSG00000095970",1095
"ENSG00000095981",1974
"ENSG00000096006",2255
"ENSG00000096060",10628
"ENSG00000096063",6692
"ENSG00000096070",6613
"ENSG00000096080",1385
"ENSG00000096088",2025
"ENSG00000096092",988
"ENSG00000096093",22744
"ENSG00000096264",1268
"ENSG00000096384",2980
"ENSG00000096395",558
"ENSG00000096401",6241
"ENSG00000096433",9870
"ENSG00000096654",3366
"ENSG00000096696",19837
"ENSG00000096717",4564
"ENSG00000096746",5375
"ENSG00000096872",7277
"ENSG00000096968",7908
"ENSG00000096996",4291
"ENSG00000097007",6991
"ENSG00000097021",3500
"ENSG00000097033",6881
"ENSG00000097046",3599
"ENSG00000097096",7113
"ENSG00000099139",13341
"ENSG00000099194",5245
"ENSG00000099203",1884
"ENSG00000099204",10211
"ENSG00000099219",15257
"ENSG00000099246",16272
"ENSG00000099250",11522
"ENSG00000099251",1033
"ENSG00000099256",2324
"ENSG00000099260",8074
"ENSG00000099282",2651
"ENSG00000099284",14988
"ENSG00000099290",5162
"ENSG00000099308",7249
"ENSG00000099326",6654
"ENSG00000099330",1858
"ENSG00000099331",9952
"ENSG00000099337",6168
"ENSG00000099338",9190
"ENSG00000099341",4313
"ENSG00000099364",4865
"ENSG00000099365",5206
"ENSG00000099377",2490
"ENSG00000099381",6986
"ENSG00000099385",3740
"ENSG00000099399",1607
"ENSG00000099617",2424
"ENSG00000099622",6368
"ENSG00000099624",2249
"ENSG00000099625",4591
"ENSG00000099715",11804
"ENSG00000099721",968
"ENSG00000099725",1019
"ENSG00000099769",2332
"ENSG00000099783",5606
"ENSG00000099785",2216
"ENSG00000099795",535
"ENSG00000099797",5899
"ENSG00000099800",1664
"ENSG00000099804",1894
"ENSG00000099810",14527
"ENSG00000099812",2980
"ENSG00000099814",7183
"ENSG00000099817",4870
"ENSG00000099821",5060
"ENSG00000099822",3420
"ENSG00000099834",3861
"ENSG00000099840",2770
"ENSG00000099849",2514
"ENSG00000099860",2684
"ENSG00000099864",4912
"ENSG00000099866",2453
"ENSG00000099869",2869
"ENSG00000099875",5221
"ENSG00000099889",5636
"ENSG00000099899",3954
"ENSG00000099901",4620
"ENSG00000099904",5545
"ENSG00000099910",4607
"ENSG00000099917",10374
"ENSG00000099937",2319
"ENSG00000099940",4925
"ENSG00000099942",5342
"ENSG00000099949",8673
"ENSG00000099953",5149
"ENSG00000099954",10667
"ENSG00000099956",16526
"ENSG00000099957",3787
"ENSG00000099958",3796
"ENSG00000099960",2450
"ENSG00000099968",7662
"ENSG00000099974",1582
"ENSG00000099977",3996
"ENSG00000099984",1184
"ENSG00000099985",2125
"ENSG00000099991",9388
"ENSG00000099992",6948
"ENSG00000099994",5047
"ENSG00000099995",6301
"ENSG00000099998",6020
"ENSG00000099999",10643
"ENSG00000100003",5887
"ENSG00000100012",3631
"ENSG00000100014",7461
"ENSG00000100023",13915
"ENSG00000100024",6793
"ENSG00000100027",4681
"ENSG00000100028",3914
"ENSG00000100029",4527
"ENSG00000100030",6179
"ENSG00000100031",4375
"ENSG00000100033",8714
"ENSG00000100034",10089
"ENSG00000100036",5402
"ENSG00000100038",6638
"ENSG00000100053",855
"ENSG00000100055",6099
"ENSG00000100056",6003
"ENSG00000100058",538
"ENSG00000100060",3034
"ENSG00000100065",5754
"ENSG00000100068",1676
"ENSG00000100075",1999
"ENSG00000100077",9327
"ENSG00000100078",2600
"ENSG00000100079",833
"ENSG00000100083",9370
"ENSG00000100084",4299
"ENSG00000100092",4890
"ENSG00000100095",7161
"ENSG00000100097",1067
"ENSG00000100099",22355
"ENSG00000100100",3909
"ENSG00000100101",4904
"ENSG00000100104",4319
"ENSG00000100105",5807
"ENSG00000100106",12189
"ENSG00000100109",5436
"ENSG00000100116",2102
"ENSG00000100121",1153
"ENSG00000100122",1152
"ENSG00000100124",4390
"ENSG00000100129",4296
"ENSG00000100138",2927
"ENSG00000100139",7015
"ENSG00000100142",7008
"ENSG00000100146",4826
"ENSG00000100147",7135
"ENSG00000100150",17927
"ENSG00000100151",4371
"ENSG00000100154",12620
"ENSG00000100156",2303
"ENSG00000100162",2381
"ENSG00000100167",7217
"ENSG00000100170",5081
"ENSG00000100181",213
"ENSG00000100191",2048
"ENSG00000100196",1913
"ENSG00000100197",2345
"ENSG00000100201",9997
"ENSG00000100206",2944
"ENSG00000100207",9512
"ENSG00000100209",1454
"ENSG00000100211",2348
"ENSG00000100216",2182
"ENSG00000100218",2333
"ENSG00000100219",3028
"ENSG00000100220",2941
"ENSG00000100221",4327
"ENSG00000100225",8521
"ENSG00000100226",8021
"ENSG00000100227",3650
"ENSG00000100228",5380
"ENSG00000100234",4597
"ENSG00000100239",5349
"ENSG00000100241",17923
"ENSG00000100242",8354
"ENSG00000100243",10450
"ENSG00000100246",2430
"ENSG00000100249",982
"ENSG00000100253",1796
"ENSG00000100258",3065
"ENSG00000100263",2997
"ENSG00000100266",4558
"ENSG00000100271",1868
"ENSG00000100276",2181
"ENSG00000100280",6555
"ENSG00000100281",6006
"ENSG00000100284",5869
"ENSG00000100285",3795
"ENSG00000100288",2866
"ENSG00000100290",951
"ENSG00000100292",2306
"ENSG00000100294",2389
"ENSG00000100296",7878
"ENSG00000100297",7268
"ENSG00000100298",1251
"ENSG00000100299",4501
"ENSG00000100300",1422
"ENSG00000100302",3447
"ENSG00000100304",4623
"ENSG00000100307",7467
"ENSG00000100311",3992
"ENSG00000100312",2064
"ENSG00000100314",3334
"ENSG00000100316",4710
"ENSG00000100319",3200
"ENSG00000100320",12348
"ENSG00000100321",6940
"ENSG00000100324",4419
"ENSG00000100325",5415
"ENSG00000100330",9891
"ENSG00000100335",7555
"ENSG00000100336",4420
"ENSG00000100341",2540
"ENSG00000100342",3458
"ENSG00000100344",3193
"ENSG00000100345",17034
"ENSG00000100346",10790
"ENSG00000100347",6410
"ENSG00000100348",1650
"ENSG00000100350",7427
"ENSG00000100351",6188
"ENSG00000100353",3813
"ENSG00000100354",19998
"ENSG00000100359",4770
"ENSG00000100360",8009
"ENSG00000100362",1050
"ENSG00000100364",8238
"ENSG00000100365",2239
"ENSG00000100368",4990
"ENSG00000100372",3989
"ENSG00000100373",1084
"ENSG00000100376",6425
"ENSG00000100379",2783
"ENSG00000100380",3764
"ENSG00000100385",7282
"ENSG00000100387",3092
"ENSG00000100393",11774
"ENSG00000100395",6374
"ENSG00000100399",2596
"ENSG00000100401",6136
"ENSG00000100403",10522
"ENSG00000100410",1202
"ENSG00000100412",11812
"ENSG00000100413",6599
"ENSG00000100416",9219
"ENSG00000100417",5057
"ENSG00000100418",4919
"ENSG00000100422",4930
"ENSG00000100425",6216
"ENSG00000100426",10507
"ENSG00000100427",3821
"ENSG00000100429",4951
"ENSG00000100433",8278
"ENSG00000100439",3765
"ENSG00000100441",8024
"ENSG00000100442",2263
"ENSG00000100445",3072
"ENSG00000100448",1368
"ENSG00000100450",951
"ENSG00000100453",1408
"ENSG00000100461",14022
"ENSG00000100462",3276
"ENSG00000100473",4031
"ENSG00000100478",10470
"ENSG00000100479",2942
"ENSG00000100483",2055
"ENSG00000100485",6948
"ENSG00000100490",9288
"ENSG00000100503",30950
"ENSG00000100504",4546
"ENSG00000100505",8945
"ENSG00000100519",7479
"ENSG00000100522",4010
"ENSG00000100523",18377
"ENSG00000100526",1829
"ENSG00000100528",5019
"ENSG00000100532",4547
"ENSG00000100554",4247
"ENSG00000100557",4108
"ENSG00000100558",1569
"ENSG00000100564",2907
"ENSG00000100565",2332
"ENSG00000100567",3107
"ENSG00000100568",5768
"ENSG00000100575",1416
"ENSG00000100577",8365
"ENSG00000100578",17733
"ENSG00000100580",7761
"ENSG00000100583",3036
"ENSG00000100591",2944
"ENSG00000100592",10712
"ENSG00000100593",4097
"ENSG00000100596",12287
"ENSG00000100599",8676
"ENSG00000100600",3876
"ENSG00000100601",2847
"ENSG00000100603",2432
"ENSG00000100604",3024
"ENSG00000100605",6790
"ENSG00000100612",3249
"ENSG00000100614",11907
"ENSG00000100625",6771
"ENSG00000100626",11462
"ENSG00000100628",4975
"ENSG00000100629",9353
"ENSG00000100632",1113
"ENSG00000100644",5151
"ENSG00000100647",5832
"ENSG00000100650",5357
"ENSG00000100652",2002
"ENSG00000100664",8318
"ENSG00000100665",1987
"ENSG00000100678",8618
"ENSG00000100697",22151
"ENSG00000100711",8390
"ENSG00000100714",17357
"ENSG00000100721",2256
"ENSG00000100722",20998
"ENSG00000100726",4239
"ENSG00000100731",16715
"ENSG00000100739",2372
"ENSG00000100744",4567
"ENSG00000100749",31679
"ENSG00000100764",6129
"ENSG00000100767",7699
"ENSG00000100784",27982
"ENSG00000100796",6015
"ENSG00000100802",4257
"ENSG00000100804",1549
"ENSG00000100811",9757
"ENSG00000100813",9110
"ENSG00000100814",3680
"ENSG00000100815",10372
"ENSG00000100823",1886
"ENSG00000100836",3686
"ENSG00000100842",3236
"ENSG00000100852",10887
"ENSG00000100865",5344
"ENSG00000100867",7527
"ENSG00000100883",8477
"ENSG00000100884",5996
"ENSG00000100888",20953
"ENSG00000100889",4177
"ENSG00000100890",6990
"ENSG00000100897",6350
"ENSG00000100902",6506
"ENSG00000100906",3394
"ENSG00000100908",1591
"ENSG00000100911",3582
"ENSG00000100916",3877
"ENSG00000100918",3843
"ENSG00000100926",3530
"ENSG00000100934",8660
"ENSG00000100938",3601
"ENSG00000100941",4203
"ENSG00000100949",3417
"ENSG00000100968",8437
"ENSG00000100979",2541
"ENSG00000100982",3164
"ENSG00000100983",6166
"ENSG00000100985",2336
"ENSG00000100987",3598
"ENSG00000100991",3162
"ENSG00000100994",4456
"ENSG00000100997",4479
"ENSG00000101000",1697
"ENSG00000101003",8017
"ENSG00000101004",16583
"ENSG00000101017",5619
"ENSG00000101019",6672
"ENSG00000101040",7625
"ENSG00000101049",5438
"ENSG00000101052",2539
"ENSG00000101057",2776
"ENSG00000101074",1323
"ENSG00000101076",10167
"ENSG00000101079",3260
"ENSG00000101082",2737
"ENSG00000101084",1472
"ENSG00000101096",8286
"ENSG00000101098",5414
"ENSG00000101104",5050
"ENSG00000101109",20763
"ENSG00000101115",5773
"ENSG00000101126",8482
"ENSG00000101132",1909
"ENSG00000101134",2606
"ENSG00000101138",4793
"ENSG00000101144",5425
"ENSG00000101146",5642
"ENSG00000101150",4694
"ENSG00000101152",6222
"ENSG00000101158",6298
"ENSG00000101160",19384
"ENSG00000101161",3047
"ENSG00000101162",3321
"ENSG00000101166",2877
"ENSG00000101180",2692
"ENSG00000101181",5450
"ENSG00000101182",1752
"ENSG00000101187",3991
"ENSG00000101188",4238
"ENSG00000101189",2752
"ENSG00000101190",3605
"ENSG00000101191",13283
"ENSG00000101193",4594
"ENSG00000101194",5461
"ENSG00000101197",1550
"ENSG00000101198",2591
"ENSG00000101199",6610
"ENSG00000101200",619
"ENSG00000101203",10974
"ENSG00000101204",11897
"ENSG00000101210",4826
"ENSG00000101213",2953
"ENSG00000101216",4767
"ENSG00000101220",1809
"ENSG00000101222",1925
"ENSG00000101224",3903
"ENSG00000101230",3090
"ENSG00000101236",7644
"ENSG00000101246",7627
"ENSG00000101247",7158
"ENSG00000101251",3887
"ENSG00000101255",3714
"ENSG00000101265",5722
"ENSG00000101266",29523
"ENSG00000101276",5984
"ENSG00000101278",531
"ENSG00000101280",4692
"ENSG00000101282",2757
"ENSG00000101290",11800
"ENSG00000101292",4521
"ENSG00000101294",7491
"ENSG00000101298",5709
"ENSG00000101306",2976
"ENSG00000101307",8227
"ENSG00000101310",4347
"ENSG00000101311",10236
"ENSG00000101323",1757
"ENSG00000101327",3524
"ENSG00000101331",2599
"ENSG00000101333",21611
"ENSG00000101335",2808
"ENSG00000101336",3083
"ENSG00000101337",5207
"ENSG00000101342",2553
"ENSG00000101343",4567
"ENSG00000101346",6643
"ENSG00000101347",10835
"ENSG00000101349",4983
"ENSG00000101350",6116
"ENSG00000101353",3708
"ENSG00000101361",4950
"ENSG00000101363",2034
"ENSG00000101365",2569
"ENSG00000101367",2562
"ENSG00000101384",9298
"ENSG00000101391",4567
"ENSG00000101400",2211
"ENSG00000101405",513
"ENSG00000101407",4472
"ENSG00000101412",2690
"ENSG00000101413",5330
"ENSG00000101417",5719
"ENSG00000101421",1602
"ENSG00000101425",5552
"ENSG00000101435",694
"ENSG00000101438",2550
"ENSG00000101439",3615
"ENSG00000101440",845
"ENSG00000101441",749
"ENSG00000101442",2547
"ENSG00000101443",1335
"ENSG00000101444",3894
"ENSG00000101445",6408
"ENSG00000101446",474
"ENSG00000101447",2475
"ENSG00000101448",6238
"ENSG00000101452",4998
"ENSG00000101457",1866
"ENSG00000101460",1152
"ENSG00000101463",2417
"ENSG00000101464",2707
"ENSG00000101470",847
"ENSG00000101473",4354
"ENSG00000101474",2226
"ENSG00000101489",6329
"ENSG00000101493",8777
"ENSG00000101542",4277
"ENSG00000101544",5657
"ENSG00000101546",7945
"ENSG00000101557",5987
"ENSG00000101558",11866
"ENSG00000101574",5724
"ENSG00000101577",7375
"ENSG00000101596",23903
"ENSG00000101605",6433
"ENSG00000101608",3032
"ENSG00000101624",6165
"ENSG00000101638",15673
"ENSG00000101639",9897
"ENSG00000101654",6980
"ENSG00000101665",3946
"ENSG00000101670",13089
"ENSG00000101680",15857
"ENSG00000101695",6308
"ENSG00000101745",12248
"ENSG00000101746",6468
"ENSG00000101751",9358
"ENSG00000101752",13258
"ENSG00000101773",5078
"ENSG00000101782",4856
"ENSG00000101811",2743
"ENSG00000101812",1875
"ENSG00000101825",9804
"ENSG00000101842",3769
"ENSG00000101843",2390
"ENSG00000101844",2927
"ENSG00000101846",12317
"ENSG00000101849",13858
"ENSG00000101850",2369
"ENSG00000101856",1919
"ENSG00000101868",15547
"ENSG00000101871",14370
"ENSG00000101882",7873
"ENSG00000101883",5200
"ENSG00000101888",3104
"ENSG00000101890",3728
"ENSG00000101892",4773
"ENSG00000101898",2855
"ENSG00000101901",8188
"ENSG00000101911",2758
"ENSG00000101916",4353
"ENSG00000101928",2659
"ENSG00000101935",6804
"ENSG00000101938",3920
"ENSG00000101940",7872
"ENSG00000101945",3233
"ENSG00000101951",2340
"ENSG00000101955",1987
"ENSG00000101958",3817
"ENSG00000101966",9523
"ENSG00000101972",15987
"ENSG00000101974",7409
"ENSG00000101977",5047
"ENSG00000101981",3858
"ENSG00000101986",4238
"ENSG00000101997",2507
"ENSG00000102001",6928
"ENSG00000102003",6977
"ENSG00000102007",1303
"ENSG00000102010",2828
"ENSG00000102021",1746
"ENSG00000102024",4092
"ENSG00000102030",4946
"ENSG00000102032",2047
"ENSG00000102034",5237
"ENSG00000102038",4363
"ENSG00000102043",2803
"ENSG00000102048",2328
"ENSG00000102053",10132
"ENSG00000102054",7340
"ENSG00000102055",798
"ENSG00000102057",6478
"ENSG00000102076",1242
"ENSG00000102078",3009
"ENSG00000102081",10289
"ENSG00000102096",2761
"ENSG00000102098",4327
"ENSG00000102100",3745
"ENSG00000102103",3810
"ENSG00000102104",3706
"ENSG00000102109",1338
"ENSG00000102119",1995
"ENSG00000102125",6144
"ENSG00000102128",1029
"ENSG00000102144",5437
"ENSG00000102145",1553
"ENSG00000102158",6801
"ENSG00000102172",2130
"ENSG00000102174",10399
"ENSG00000102178",2575
"ENSG00000102181",5751
"ENSG00000102189",10150
"ENSG00000102195",2020
"ENSG00000102218",3700
"ENSG00000102221",5149
"ENSG00000102225",6531
"ENSG00000102226",5093
"ENSG00000102230",5666
"ENSG00000102239",2773
"ENSG00000102241",3055
"ENSG00000102243",1478
"ENSG00000102245",6887
"ENSG00000102265",1446
"ENSG00000102271",6158
"ENSG00000102287",9612
"ENSG00000102290",11799
"ENSG00000102302",4343
"ENSG00000102309",4357
"ENSG00000102312",5795
"ENSG00000102313",5493
"ENSG00000102316",2943
"ENSG00000102317",5827
"ENSG00000102349",12729
"ENSG00000102359",7707
"ENSG00000102362",10275
"ENSG00000102383",6820
"ENSG00000102384",6981
"ENSG00000102385",8192
"ENSG00000102387",2712
"ENSG00000102390",1648
"ENSG00000102393",6195
"ENSG00000102401",4239
"ENSG00000102409",1312
"ENSG00000102445",15923
"ENSG00000102452",19444
"ENSG00000102466",14646
"ENSG00000102468",5628
"ENSG00000102471",10720
"ENSG00000102524",3059
"ENSG00000102531",7698
"ENSG00000102539",1239
"ENSG00000102543",3863
"ENSG00000102547",4944
"ENSG00000102554",3679
"ENSG00000102572",12077
"ENSG00000102575",4351
"ENSG00000102580",5590
"ENSG00000102595",8091
"ENSG00000102606",11768
"ENSG00000102678",4849
"ENSG00000102683",1594
"ENSG00000102699",6043
"ENSG00000102710",10870
"ENSG00000102738",2148
"ENSG00000102743",4186
"ENSG00000102753",4222
"ENSG00000102755",12575
"ENSG00000102760",1030
"ENSG00000102763",7635
"ENSG00000102780",19742
"ENSG00000102781",8172
"ENSG00000102786",25509
"ENSG00000102794",2147
"ENSG00000102796",3531
"ENSG00000102802",2294
"ENSG00000102804",8364
"ENSG00000102805",22814
"ENSG00000102837",2843
"ENSG00000102854",2588
"ENSG00000102858",10185
"ENSG00000102870",6083
"ENSG00000102871",2173
"ENSG00000102878",3913
"ENSG00000102879",4779
"ENSG00000102882",3669
"ENSG00000102886",1572
"ENSG00000102890",2575
"ENSG00000102891",270
"ENSG00000102893",11905
"ENSG00000102897",3593
"ENSG00000102898",5003
"ENSG00000102900",11123
"ENSG00000102901",5660
"ENSG00000102904",3852
"ENSG00000102908",20275
"ENSG00000102910",9953
"ENSG00000102921",7810
"ENSG00000102924",2601
"ENSG00000102931",1994
"ENSG00000102934",8705
"ENSG00000102935",8974
"ENSG00000102962",2917
"ENSG00000102967",6921
"ENSG00000102970",621
"ENSG00000102974",10106
"ENSG00000102977",3218
"ENSG00000102978",3666
"ENSG00000102981",1484
"ENSG00000102984",3402
"ENSG00000102996",4231
"ENSG00000103005",8773
"ENSG00000103018",10047
"ENSG00000103021",5927
"ENSG00000103023",2112
"ENSG00000103024",1242
"ENSG00000103034",9647
"ENSG00000103035",2701
"ENSG00000103037",7739
"ENSG00000103042",6657
"ENSG00000103043",8275
"ENSG00000103044",5200
"ENSG00000103047",6914
"ENSG00000103051",5474
"ENSG00000103056",6984
"ENSG00000103061",5230
"ENSG00000103064",7588
"ENSG00000103066",4460
"ENSG00000103067",5189
"ENSG00000103089",3279
"ENSG00000103091",9402
"ENSG00000103111",6935
"ENSG00000103121",12564
"ENSG00000103126",7537
"ENSG00000103145",1428
"ENSG00000103148",6426
"ENSG00000103150",16792
"ENSG00000103152",1497
"ENSG00000103154",2908
"ENSG00000103160",4512
"ENSG00000103168",5577
"ENSG00000103174",5484
"ENSG00000103175",8578
"ENSG00000103184",6463
"ENSG00000103187",6761
"ENSG00000103194",5075
"ENSG00000103196",7962
"ENSG00000103197",20527
"ENSG00000103199",6463
"ENSG00000103200",472
"ENSG00000103202",3665
"ENSG00000103222",8736
"ENSG00000103226",12002
"ENSG00000103227",8218
"ENSG00000103241",3520
"ENSG00000103245",8094
"ENSG00000103248",6861
"ENSG00000103249",8331
"ENSG00000103253",5357
"ENSG00000103254",1912
"ENSG00000103257",4771
"ENSG00000103260",3689
"ENSG00000103264",6910
"ENSG00000103266",2318
"ENSG00000103269",1879
"ENSG00000103274",1955
"ENSG00000103275",16527
"ENSG00000103310",3453
"ENSG00000103313",5557
"ENSG00000103316",3593
"ENSG00000103319",8030
"ENSG00000103326",7992
"ENSG00000103335",11292
"ENSG00000103342",8054
"ENSG00000103343",2890
"ENSG00000103351",7746
"ENSG00000103353",8260
"ENSG00000103355",2140
"ENSG00000103356",6990
"ENSG00000103363",5714
"ENSG00000103365",9560
"ENSG00000103375",1387
"ENSG00000103381",6354
"ENSG00000103404",12199
"ENSG00000103415",3377
"ENSG00000103423",7071
"ENSG00000103426",3815
"ENSG00000103429",4285
"ENSG00000103449",6303
"ENSG00000103460",6754
"ENSG00000103472",38200
"ENSG00000103479",8110
"ENSG00000103485",3680
"ENSG00000103489",11083
"ENSG00000103490",1660
"ENSG00000103494",14211
"ENSG00000103495",3512
"ENSG00000103496",4055
"ENSG00000103502",3003
"ENSG00000103507",3873
"ENSG00000103510",5726
"ENSG00000103512",5776
"ENSG00000103522",5457
"ENSG00000103528",7545
"ENSG00000103534",6206
"ENSG00000103540",11313
"ENSG00000103544",9767
"ENSG00000103546",8043
"ENSG00000103549",6286
"ENSG00000103550",7758
"ENSG00000103569",3235
"ENSG00000103591",4138
"ENSG00000103599",7122
"ENSG00000103642",3939
"ENSG00000103647",3975
"ENSG00000103653",4546
"ENSG00000103657",17059
"ENSG00000103671",3103
"ENSG00000103707",3432
"ENSG00000103710",2681
"ENSG00000103723",14432
"ENSG00000103740",8148
"ENSG00000103742",7619
"ENSG00000103769",5680
"ENSG00000103811",13757
"ENSG00000103832",1755
"ENSG00000103852",6148
"ENSG00000103855",5482
"ENSG00000103876",10161
"ENSG00000103888",7621
"ENSG00000103932",7046
"ENSG00000103942",14685
"ENSG00000103966",7864
"ENSG00000103978",5544
"ENSG00000103994",12226
"ENSG00000103995",8165
"ENSG00000104043",11062
"ENSG00000104044",3256
"ENSG00000104047",14996
"ENSG00000104055",3684
"ENSG00000104059",5803
"ENSG00000104064",5680
"ENSG00000104067",11315
"ENSG00000104081",5447
"ENSG00000104093",13807
"ENSG00000104112",3171
"ENSG00000104129",5628
"ENSG00000104131",3127
"ENSG00000104133",16081
"ENSG00000104140",1650
"ENSG00000104142",4029
"ENSG00000104147",1201
"ENSG00000104154",8026
"ENSG00000104164",6773
"ENSG00000104177",13893
"ENSG00000104205",5691
"ENSG00000104213",2420
"ENSG00000104218",31717
"ENSG00000104219",6282
"ENSG00000104221",2733
"ENSG00000104228",4223
"ENSG00000104231",4214
"ENSG00000104237",15703
"ENSG00000104267",2007
"ENSG00000104290",13786
"ENSG00000104299",4905
"ENSG00000104312",3059
"ENSG00000104313",9322
"ENSG00000104320",19417
"ENSG00000104321",6345
"ENSG00000104324",3442
"ENSG00000104325",5048
"ENSG00000104327",7138
"ENSG00000104331",7619
"ENSG00000104332",4733
"ENSG00000104341",3197
"ENSG00000104343",9091
"ENSG00000104356",4857
"ENSG00000104361",5606
"ENSG00000104365",11048
"ENSG00000104368",7770
"ENSG00000104369",4590
"ENSG00000104371",896
"ENSG00000104375",12604
"ENSG00000104381",24256
"ENSG00000104388",5592
"ENSG00000104408",37761
"ENSG00000104412",6059
"ENSG00000104413",4875
"ENSG00000104415",5190
"ENSG00000104419",12002
"ENSG00000104427",4335
"ENSG00000104432",3392
"ENSG00000104435",2042
"ENSG00000104442",3419
"ENSG00000104447",11046
"ENSG00000104450",5056
"ENSG00000104472",3305
"ENSG00000104490",8043
"ENSG00000104497",4608
"ENSG00000104499",945
"ENSG00000104517",13742
"ENSG00000104518",5085
"ENSG00000104522",3608
"ENSG00000104524",3947
"ENSG00000104529",9390
"ENSG00000104537",3801
"ENSG00000104549",4305
"ENSG00000104611",4072
"ENSG00000104613",6618
"ENSG00000104626",6382
"ENSG00000104635",6908
"ENSG00000104643",8404
"ENSG00000104660",5411
"ENSG00000104671",1961
"ENSG00000104679",2630
"ENSG00000104687",3602
"ENSG00000104689",2927
"ENSG00000104691",4151
"ENSG00000104695",4510
"ENSG00000104714",9711
"ENSG00000104722",3635
"ENSG00000104723",5190
"ENSG00000104728",10842
"ENSG00000104731",11177
"ENSG00000104738",9852
"ENSG00000104755",2843
"ENSG00000104756",4383
"ENSG00000104760",3301
"ENSG00000104763",15378
"ENSG00000104765",4149
"ENSG00000104774",8054
"ENSG00000104783",3123
"ENSG00000104804",3090
"ENSG00000104805",7646
"ENSG00000104808",1064
"ENSG00000104812",4241
"ENSG00000104814",3919
"ENSG00000104818",881
"ENSG00000104823",2303
"ENSG00000104824",6492
"ENSG00000104825",2324
"ENSG00000104826",630
"ENSG00000104827",877
"ENSG00000104833",3245
"ENSG00000104835",3098
"ENSG00000104848",4151
"ENSG00000104852",4684
"ENSG00000104853",5095
"ENSG00000104856",2997
"ENSG00000104859",4926
"ENSG00000104863",1753
"ENSG00000104866",7701
"ENSG00000104870",4052
"ENSG00000104872",3390
"ENSG00000104879",1556
"ENSG00000104880",7671
"ENSG00000104881",5028
"ENSG00000104883",1482
"ENSG00000104884",6937
"ENSG00000104885",11488
"ENSG00000104886",4655
"ENSG00000104888",5989
"ENSG00000104889",2056
"ENSG00000104892",3654
"ENSG00000104894",4161
"ENSG00000104897",2790
"ENSG00000104899",2587
"ENSG00000104901",1325
"ENSG00000104903",3119
"ENSG00000104904",3578
"ENSG00000104907",3364
"ENSG00000104915",1796
"ENSG00000104918",516
"ENSG00000104921",2451
"ENSG00000104936",8322
"ENSG00000104938",3977
"ENSG00000104941",2533
"ENSG00000104946",4492
"ENSG00000104951",2495
"ENSG00000104953",3555
"ENSG00000104957",3222
"ENSG00000104960",5962
"ENSG00000104964",5236
"ENSG00000104967",9182
"ENSG00000104969",8248
"ENSG00000104970",1367
"ENSG00000104972",5502
"ENSG00000104973",7683
"ENSG00000104974",3878
"ENSG00000104976",2315
"ENSG00000104979",1197
"ENSG00000104980",4635
"ENSG00000104983",2588
"ENSG00000104998",2950
"ENSG00000105011",1958
"ENSG00000105048",2119
"ENSG00000105053",9795
"ENSG00000105058",1921
"ENSG00000105063",6606
"ENSG00000105072",4338
"ENSG00000105085",5328
"ENSG00000105088",2463
"ENSG00000105122",4654
"ENSG00000105127",6299
"ENSG00000105131",2050
"ENSG00000105135",5616
"ENSG00000105136",8009
"ENSG00000105137",3964
"ENSG00000105141",3401
"ENSG00000105143",7647
"ENSG00000105146",1741
"ENSG00000105171",4308
"ENSG00000105173",2461
"ENSG00000105176",5448
"ENSG00000105185",2132
"ENSG00000105186",7849
"ENSG00000105193",2674
"ENSG00000105197",7192
"ENSG00000105198",686
"ENSG00000105202",2138
"ENSG00000105204",3192
"ENSG00000105205",631
"ENSG00000105219",2046
"ENSG00000105220",10680
"ENSG00000105221",15902
"ENSG00000105223",13563
"ENSG00000105227",7402
"ENSG00000105229",3556
"ENSG00000105245",5823
"ENSG00000105246",1256
"ENSG00000105248",1668
"ENSG00000105251",2144
"ENSG00000105254",3373
"ENSG00000105255",3113
"ENSG00000105258",1137
"ENSG00000105261",755
"ENSG00000105270",3765
"ENSG00000105278",6088
"ENSG00000105281",3372
"ENSG00000105287",5664
"ENSG00000105289",3964
"ENSG00000105290",3550
"ENSG00000105298",5948
"ENSG00000105321",3781
"ENSG00000105323",6691
"ENSG00000105325",6477
"ENSG00000105327",3185
"ENSG00000105329",3264
"ENSG00000105339",14693
"ENSG00000105341",4381
"ENSG00000105352",1320
"ENSG00000105355",2739
"ENSG00000105357",10396
"ENSG00000105364",4080
"ENSG00000105366",3171
"ENSG00000105369",1344
"ENSG00000105370",1002
"ENSG00000105371",1439
"ENSG00000105372",3461
"ENSG00000105373",5317
"ENSG00000105374",921
"ENSG00000105376",3935
"ENSG00000105379",6496
"ENSG00000105383",5975
"ENSG00000105388",3986
"ENSG00000105392",5991
"ENSG00000105393",2581
"ENSG00000105397",8525
"ENSG00000105398",1904
"ENSG00000105401",3085
"ENSG00000105402",5690
"ENSG00000105404",1930
"ENSG00000105409",5983
"ENSG00000105419",5126
"ENSG00000105426",11794
"ENSG00000105427",613
"ENSG00000105428",1440
"ENSG00000105429",11372
"ENSG00000105438",2244
"ENSG00000105443",9333
"ENSG00000105447",5627
"ENSG00000105464",5511
"ENSG00000105467",1269
"ENSG00000105472",1424
"ENSG00000105479",5145
"ENSG00000105483",13219
"ENSG00000105486",11348
"ENSG00000105492",4279
"ENSG00000105497",7413
"ENSG00000105499",6613
"ENSG00000105501",553
"ENSG00000105507",2097
"ENSG00000105509",2238
"ENSG00000105514",4384
"ENSG00000105516",6485
"ENSG00000105518",1606
"ENSG00000105519",2551
"ENSG00000105520",3273
"ENSG00000105523",4127
"ENSG00000105538",4040
"ENSG00000105549",2086
"ENSG00000105550",1350
"ENSG00000105552",4553
"ENSG00000105556",3810
"ENSG00000105559",5396
"ENSG00000105568",10346
"ENSG00000105576",7022
"ENSG00000105583",713
"ENSG00000105605",2866
"ENSG00000105607",6382
"ENSG00000105609",7027
"ENSG00000105610",1613
"ENSG00000105612",3834
"ENSG00000105613",7381
"ENSG00000105617",1381
"ENSG00000105618",2673
"ENSG00000105619",1215
"ENSG00000105639",8369
"ENSG00000105640",3493
"ENSG00000105641",3680
"ENSG00000105642",4268
"ENSG00000105643",4637
"ENSG00000105647",5171
"ENSG00000105649",1786
"ENSG00000105650",7196
"ENSG00000105655",3150
"ENSG00000105656",4918
"ENSG00000105662",6964
"ENSG00000105664",3092
"ENSG00000105668",1363
"ENSG00000105669",2875
"ENSG00000105671",3306
"ENSG00000105672",2152
"ENSG00000105675",3901
"ENSG00000105676",4052
"ENSG00000105677",1927
"ENSG00000105679",1479
"ENSG00000105694",317
"ENSG00000105695",2960
"ENSG00000105696",2626
"ENSG00000105697",2862
"ENSG00000105698",4968
"ENSG00000105699",2916
"ENSG00000105700",4112
"ENSG00000105701",2819
"ENSG00000105705",5021
"ENSG00000105707",3383
"ENSG00000105708",2963
"ENSG00000105711",8200
"ENSG00000105717",2331
"ENSG00000105722",3269
"ENSG00000105723",5782
"ENSG00000105726",8359
"ENSG00000105732",4669
"ENSG00000105737",5722
"ENSG00000105738",10352
"ENSG00000105750",4668
"ENSG00000105755",1590
"ENSG00000105767",2257
"ENSG00000105771",7908
"ENSG00000105778",14756
"ENSG00000105784",4725
"ENSG00000105792",9139
"ENSG00000105793",10434
"ENSG00000105808",7744
"ENSG00000105810",12239
"ENSG00000105819",16849
"ENSG00000105821",6706
"ENSG00000105825",2444
"ENSG00000105829",5244
"ENSG00000105835",23584
"ENSG00000105849",3948
"ENSG00000105851",7765
"ENSG00000105852",4119
"ENSG00000105854",3844
"ENSG00000105855",15156
"ENSG00000105856",6344
"ENSG00000105865",5498
"ENSG00000105866",6225
"ENSG00000105875",16225
"ENSG00000105877",16147
"ENSG00000105879",5457
"ENSG00000105880",1744
"ENSG00000105887",3782
"ENSG00000105889",6478
"ENSG00000105894",1622
"ENSG00000105926",9369
"ENSG00000105928",8598
"ENSG00000105929",4124
"ENSG00000105939",8466
"ENSG00000105948",4999
"ENSG00000105953",5209
"ENSG00000105954",1190
"ENSG00000105963",5063
"ENSG00000105967",8644
"ENSG00000105968",7003
"ENSG00000105971",6578
"ENSG00000105974",3868
"ENSG00000105976",7224
"ENSG00000105982",4371
"ENSG00000105983",11805
"ENSG00000105988",462
"ENSG00000105989",4360
"ENSG00000105991",2543
"ENSG00000105993",14981
"ENSG00000105996",2333
"ENSG00000105997",4308
"ENSG00000106003",3440
"ENSG00000106004",1720
"ENSG00000106006",1285
"ENSG00000106009",6673
"ENSG00000106012",9239
"ENSG00000106013",3032
"ENSG00000106018",5132
"ENSG00000106025",3309
"ENSG00000106028",4975
"ENSG00000106031",5071
"ENSG00000106034",7683
"ENSG00000106038",3358
"ENSG00000106049",2211
"ENSG00000106052",9167
"ENSG00000106066",3336
"ENSG00000106069",8842
"ENSG00000106070",9795
"ENSG00000106077",2274
"ENSG00000106078",14349
"ENSG00000106080",5344
"ENSG00000106086",12352
"ENSG00000106089",3693
"ENSG00000106100",6820
"ENSG00000106105",17366
"ENSG00000106113",3812
"ENSG00000106123",5325
"ENSG00000106125",7336
"ENSG00000106128",3134
"ENSG00000106133",1385
"ENSG00000106144",8020
"ENSG00000106153",1262
"ENSG00000106178",1457
"ENSG00000106211",3141
"ENSG00000106236",3029
"ENSG00000106244",2912
"ENSG00000106245",2374
"ENSG00000106246",5687
"ENSG00000106258",9815
"ENSG00000106261",10319
"ENSG00000106263",8989
"ENSG00000106266",5750
"ENSG00000106268",2089
"ENSG00000106278",10137
"ENSG00000106290",7195
"ENSG00000106299",4363
"ENSG00000106302",2741
"ENSG00000106304",3032
"ENSG00000106305",1828
"ENSG00000106327",5065
"ENSG00000106328",3121
"ENSG00000106330",1696
"ENSG00000106331",3002
"ENSG00000106333",3346
"ENSG00000106336",3329
"ENSG00000106341",1884
"ENSG00000106344",15866
"ENSG00000106346",7007
"ENSG00000106348",3396
"ENSG00000106351",5487
"ENSG00000106355",4695
"ENSG00000106366",3156
"ENSG00000106367",1699
"ENSG00000106384",2436
"ENSG00000106392",7773
"ENSG00000106397",5671
"ENSG00000106399",3232
"ENSG00000106400",5013
"ENSG00000106404",2893
"ENSG00000106410",2113
"ENSG00000106415",6883
"ENSG00000106436",1128
"ENSG00000106443",14044
"ENSG00000106459",4119
"ENSG00000106460",14321
"ENSG00000106462",10774
"ENSG00000106477",14095
"ENSG00000106479",8422
"ENSG00000106483",3508
"ENSG00000106484",4767
"ENSG00000106511",2371
"ENSG00000106524",2851
"ENSG00000106526",6454
"ENSG00000106536",8320
"ENSG00000106537",2004
"ENSG00000106538",1909
"ENSG00000106540",564
"ENSG00000106541",2764
"ENSG00000106546",8051
"ENSG00000106554",3428
"ENSG00000106560",2097
"ENSG00000106565",1806
"ENSG00000106571",13799
"ENSG00000106588",8378
"ENSG00000106591",3358
"ENSG00000106603",11820
"ENSG00000106605",1821
"ENSG00000106608",7388
"ENSG00000106609",5086
"ENSG00000106610",530
"ENSG00000106615",3533
"ENSG00000106617",16580
"ENSG00000106624",4971
"ENSG00000106628",8005
"ENSG00000106631",1458
"ENSG00000106633",6772
"ENSG00000106635",3230
"ENSG00000106636",7683
"ENSG00000106638",6396
"ENSG00000106648",3320
"ENSG00000106665",7375
"ENSG00000106682",5807
"ENSG00000106683",7038
"ENSG00000106686",9565
"ENSG00000106688",3974
"ENSG00000106689",2497
"ENSG00000106692",20342
"ENSG00000106701",9877
"ENSG00000106714",17578
"ENSG00000106723",4903
"ENSG00000106733",3865
"ENSG00000106771",9503
"ENSG00000106772",14683
"ENSG00000106780",6300
"ENSG00000106785",5481
"ENSG00000106789",5714
"ENSG00000106799",8410
"ENSG00000106803",1209
"ENSG00000106804",16890
"ENSG00000106809",4020
"ENSG00000106819",2470
"ENSG00000106823",4913
"ENSG00000106829",8276
"ENSG00000106852",5764
"ENSG00000106853",3770
"ENSG00000106868",4074
"ENSG00000106927",1897
"ENSG00000106948",10601
"ENSG00000106952",4605
"ENSG00000106976",10748
"ENSG00000106991",5536
"ENSG00000106992",2593
"ENSG00000106993",3950
"ENSG00000107014",1029
"ENSG00000107018",1144
"ENSG00000107020",1542
"ENSG00000107021",3931
"ENSG00000107036",8591
"ENSG00000107077",10323
"ENSG00000107099",20056
"ENSG00000107104",25055
"ENSG00000107105",5140
"ENSG00000107130",5462
"ENSG00000107140",3341
"ENSG00000107147",15592
"ENSG00000107159",1598
"ENSG00000107164",6728
"ENSG00000107165",3736
"ENSG00000107175",1635
"ENSG00000107185",7126
"ENSG00000107186",11373
"ENSG00000107187",3840
"ENSG00000107201",10485
"ENSG00000107223",1222
"ENSG00000107242",5092
"ENSG00000107249",15467
"ENSG00000107262",7073
"ENSG00000107263",7243
"ENSG00000107281",2720
"ENSG00000107282",11644
"ENSG00000107290",12141
"ENSG00000107295",2693
"ENSG00000107317",2712
"ENSG00000107331",11500
"ENSG00000107338",6035
"ENSG00000107341",4477
"ENSG00000107362",3221
"ENSG00000107371",7660
"ENSG00000107372",7065
"ENSG00000107404",3882
"ENSG00000107438",2227
"ENSG00000107443",4148
"ENSG00000107447",1959
"ENSG00000107485",3396
"ENSG00000107518",9957
"ENSG00000107521",15437
"ENSG00000107537",3377
"ENSG00000107551",9481
"ENSG00000107554",8489
"ENSG00000107560",6507
"ENSG00000107562",6143
"ENSG00000107566",3491
"ENSG00000107581",7095
"ENSG00000107593",2848
"ENSG00000107611",13264
"ENSG00000107614",15453
"ENSG00000107625",2683
"ENSG00000107643",9674
"ENSG00000107651",7870
"ENSG00000107669",17116
"ENSG00000107672",3543
"ENSG00000107679",13738
"ENSG00000107719",12543
"ENSG00000107731",6841
"ENSG00000107736",18592
"ENSG00000107738",5153
"ENSG00000107742",6405
"ENSG00000107745",3775
"ENSG00000107758",5089
"ENSG00000107771",8424
"ENSG00000107779",10906
"ENSG00000107789",3017
"ENSG00000107796",6399
"ENSG00000107798",4891
"ENSG00000107807",2626
"ENSG00000107815",4135
"ENSG00000107816",6547
"ENSG00000107819",4687
"ENSG00000107821",4171
"ENSG00000107829",5038
"ENSG00000107831",1443
"ENSG00000107833",961
"ENSG00000107854",6242
"ENSG00000107859",1426
"ENSG00000107862",22901
"ENSG00000107863",11156
"ENSG00000107864",7919
"ENSG00000107872",2455
"ENSG00000107874",1335
"ENSG00000107882",6880
"ENSG00000107890",13564
"ENSG00000107897",11794
"ENSG00000107902",4075
"ENSG00000107929",17029
"ENSG00000107937",6121
"ENSG00000107938",7741
"ENSG00000107949",4496
"ENSG00000107951",8341
"ENSG00000107954",5229
"ENSG00000107957",12035
"ENSG00000107959",12635
"ENSG00000107960",14571
"ENSG00000107968",3517
"ENSG00000107984",2221
"ENSG00000108001",7596
"ENSG00000108010",5189
"ENSG00000108018",10133
"ENSG00000108021",11341
"ENSG00000108039",6691
"ENSG00000108055",15505
"ENSG00000108061",15182
"ENSG00000108064",5282
"ENSG00000108091",7261
"ENSG00000108094",14494
"ENSG00000108100",6108
"ENSG00000108106",2799
"ENSG00000108107",6346
"ENSG00000108175",10804
"ENSG00000108176",2139
"ENSG00000108179",2671
"ENSG00000108187",5172
"ENSG00000108219",18351
"ENSG00000108231",15449
"ENSG00000108239",7286
"ENSG00000108242",2310
"ENSG00000108244",2910
"ENSG00000108255",798
"ENSG00000108256",10877
"ENSG00000108262",5650
"ENSG00000108298",3591
"ENSG00000108306",11053
"ENSG00000108309",4904
"ENSG00000108312",7074
"ENSG00000108342",2220
"ENSG00000108344",4953
"ENSG00000108349",6380
"ENSG00000108352",5736
"ENSG00000108370",7051
"ENSG00000108375",6329
"ENSG00000108379",5391
"ENSG00000108381",5845
"ENSG00000108384",16404
"ENSG00000108387",10135
"ENSG00000108389",7489
"ENSG00000108395",5482
"ENSG00000108405",3946
"ENSG00000108406",5906
"ENSG00000108417",1743
"ENSG00000108423",3386
"ENSG00000108424",10305
"ENSG00000108433",14366
"ENSG00000108439",5226
"ENSG00000108442",615
"ENSG00000108443",7697
"ENSG00000108448",1176
"ENSG00000108452",168
"ENSG00000108465",6077
"ENSG00000108468",3044
"ENSG00000108469",8766
"ENSG00000108474",6162
"ENSG00000108479",2416
"ENSG00000108506",8621
"ENSG00000108509",6022
"ENSG00000108510",12673
"ENSG00000108511",2604
"ENSG00000108515",4292
"ENSG00000108516",421
"ENSG00000108518",1599
"ENSG00000108523",2744
"ENSG00000108528",2471
"ENSG00000108551",1748
"ENSG00000108556",3521
"ENSG00000108557",9708
"ENSG00000108559",11942
"ENSG00000108561",2335
"ENSG00000108576",6983
"ENSG00000108578",5119
"ENSG00000108582",12510
"ENSG00000108587",9855
"ENSG00000108588",4354
"ENSG00000108590",2107
"ENSG00000108591",7404
"ENSG00000108592",5204
"ENSG00000108599",4839
"ENSG00000108602",3878
"ENSG00000108604",5898
"ENSG00000108622",3243
"ENSG00000108639",4051
"ENSG00000108641",8488
"ENSG00000108651",6388
"ENSG00000108654",9311
"ENSG00000108666",5740
"ENSG00000108669",7751
"ENSG00000108671",7083
"ENSG00000108679",3422
"ENSG00000108684",5904
"ENSG00000108688",863
"ENSG00000108691",1935
"ENSG00000108700",862
"ENSG00000108702",594
"ENSG00000108733",2795
"ENSG00000108759",2005
"ENSG00000108771",3824
"ENSG00000108773",3775
"ENSG00000108774",2759
"ENSG00000108784",2935
"ENSG00000108785",955
"ENSG00000108786",1951
"ENSG00000108788",4255
"ENSG00000108797",6306
"ENSG00000108798",2272
"ENSG00000108799",6988
"ENSG00000108813",4160
"ENSG00000108819",4343
"ENSG00000108821",9007
"ENSG00000108823",3055
"ENSG00000108825",2383
"ENSG00000108826",3020
"ENSG00000108828",3466
"ENSG00000108829",4540
"ENSG00000108830",4398
"ENSG00000108839",2650
"ENSG00000108840",7618
"ENSG00000108846",9615
"ENSG00000108848",8136
"ENSG00000108849",995
"ENSG00000108852",6069
"ENSG00000108854",7213
"ENSG00000108861",4997
"ENSG00000108878",1302
"ENSG00000108883",10153
"ENSG00000108924",6776
"ENSG00000108932",4056
"ENSG00000108946",12585
"ENSG00000108947",3216
"ENSG00000108950",6181
"ENSG00000108953",3688
"ENSG00000108958",408
"ENSG00000108960",3193
"ENSG00000108961",1420
"ENSG00000108963",6198
"ENSG00000108984",16660
"ENSG00000109016",4946
"ENSG00000109046",8602
"ENSG00000109047",2571
"ENSG00000109061",6023
"ENSG00000109062",2339
"ENSG00000109063",6684
"ENSG00000109065",4067
"ENSG00000109066",4941
"ENSG00000109072",1904
"ENSG00000109079",3889
"ENSG00000109083",3227
"ENSG00000109084",2929
"ENSG00000109089",3536
"ENSG00000109099",10398
"ENSG00000109101",3641
"ENSG00000109103",5090
"ENSG00000109107",2612
"ENSG00000109111",10508
"ENSG00000109113",3303
"ENSG00000109118",12227
"ENSG00000109132",2847
"ENSG00000109133",8462
"ENSG00000109158",11305
"ENSG00000109163",4402
"ENSG00000109171",6306
"ENSG00000109180",4714
"ENSG00000109181",2757
"ENSG00000109182",3110
"ENSG00000109184",7625
"ENSG00000109189",8895
"ENSG00000109193",2084
"ENSG00000109205",1631
"ENSG00000109208",666
"ENSG00000109220",16219
"ENSG00000109255",975
"ENSG00000109265",8704
"ENSG00000109270",4164
"ENSG00000109272",743
"ENSG00000109320",15679
"ENSG00000109321",1642
"ENSG00000109323",11743
"ENSG00000109332",10044
"ENSG00000109339",42623
"ENSG00000109381",8560
"ENSG00000109390",2994
"ENSG00000109424",1621
"ENSG00000109436",5851
"ENSG00000109445",2536
"ENSG00000109452",14562
"ENSG00000109458",10002
"ENSG00000109466",3929
"ENSG00000109471",1119
"ENSG00000109472",3119
"ENSG00000109475",3577
"ENSG00000109501",6369
"ENSG00000109511",1836
"ENSG00000109519",5282
"ENSG00000109534",1964
"ENSG00000109536",3396
"ENSG00000109572",7828
"ENSG00000109576",2970
"ENSG00000109586",6807
"ENSG00000109606",8166
"ENSG00000109610",2018
"ENSG00000109618",9539
"ENSG00000109625",3447
"ENSG00000109654",16203
"ENSG00000109667",6628
"ENSG00000109670",11293
"ENSG00000109674",2914
"ENSG00000109680",4138
"ENSG00000109684",6098
"ENSG00000109685",20352
"ENSG00000109686",8480
"ENSG00000109689",8283
"ENSG00000109705",2259
"ENSG00000109736",3134
"ENSG00000109738",3391
"ENSG00000109743",2865
"ENSG00000109756",13275
"ENSG00000109758",2757
"ENSG00000109762",5048
"ENSG00000109771",7392
"ENSG00000109775",2778
"ENSG00000109787",6771
"ENSG00000109790",9168
"ENSG00000109794",8261
"ENSG00000109805",4847
"ENSG00000109814",4025
"ENSG00000109819",10870
"ENSG00000109832",11036
"ENSG00000109846",4388
"ENSG00000109851",1242
"ENSG00000109854",2796
"ENSG00000109861",24849
"ENSG00000109881",3101
"ENSG00000109906",16557
"ENSG00000109911",27247
"ENSG00000109917",7058
"ENSG00000109919",2881
"ENSG00000109920",7619
"ENSG00000109927",8310
"ENSG00000109929",10054
"ENSG00000109943",2679
"ENSG00000109944",8589
"ENSG00000109956",11749
"ENSG00000109971",4849
"ENSG00000109991",4432
"ENSG00000110002",6361
"ENSG00000110011",2807
"ENSG00000110013",8079
"ENSG00000110025",4884
"ENSG00000110031",2467
"ENSG00000110042",6433
"ENSG00000110046",7831
"ENSG00000110047",7084
"ENSG00000110048",5122
"ENSG00000110057",3536
"ENSG00000110060",2010
"ENSG00000110063",7879
"ENSG00000110066",9530
"ENSG00000110074",7666
"ENSG00000110075",8305
"ENSG00000110076",14002
"ENSG00000110077",5955
"ENSG00000110079",6501
"ENSG00000110080",5962
"ENSG00000110090",6571
"ENSG00000110092",4761
"ENSG00000110104",3342
"ENSG00000110107",2919
"ENSG00000110108",2388
"ENSG00000110148",2585
"ENSG00000110169",3631
"ENSG00000110171",6710
"ENSG00000110172",11099
"ENSG00000110195",1601
"ENSG00000110200",2883
"ENSG00000110203",1396
"ENSG00000110218",2852
"ENSG00000110237",9921
"ENSG00000110243",2019
"ENSG00000110244",1471
"ENSG00000110245",851
"ENSG00000110274",12896
"ENSG00000110315",7825
"ENSG00000110318",8200
"ENSG00000110321",8485
"ENSG00000110324",8831
"ENSG00000110328",3626
"ENSG00000110330",4517
"ENSG00000110344",6561
"ENSG00000110367",11462
"ENSG00000110375",1124
"ENSG00000110395",11718
"ENSG00000110400",7817
"ENSG00000110422",8164
"ENSG00000110427",13498
"ENSG00000110429",12446
"ENSG00000110435",3720
"ENSG00000110436",22800
"ENSG00000110442",6592
"ENSG00000110446",6949
"ENSG00000110448",3127
"ENSG00000110455",5841
"ENSG00000110484",1509
"ENSG00000110492",2182
"ENSG00000110497",7673
"ENSG00000110514",8425
"ENSG00000110536",2740
"ENSG00000110583",5312
"ENSG00000110619",10037
"ENSG00000110628",5231
"ENSG00000110651",7986
"ENSG00000110660",3483
"ENSG00000110665",4074
"ENSG00000110675",5856
"ENSG00000110680",2174
"ENSG00000110693",20093
"ENSG00000110696",10342
"ENSG00000110697",6450
"ENSG00000110700",2115
"ENSG00000110711",2961
"ENSG00000110713",12969
"ENSG00000110717",4523
"ENSG00000110719",4598
"ENSG00000110721",3877
"ENSG00000110723",10944
"ENSG00000110756",6433
"ENSG00000110768",6940
"ENSG00000110777",6996
"ENSG00000110786",5497
"ENSG00000110799",10387
"ENSG00000110801",8773
"ENSG00000110811",4600
"ENSG00000110841",11690
"ENSG00000110844",9444
"ENSG00000110848",2832
"ENSG00000110851",4772
"ENSG00000110852",2503
"ENSG00000110871",2501
"ENSG00000110876",4293
"ENSG00000110880",6462
"ENSG00000110881",5745
"ENSG00000110887",3883
"ENSG00000110888",9225
"ENSG00000110900",7116
"ENSG00000110906",9681
"ENSG00000110911",9888
"ENSG00000110917",8861
"ENSG00000110921",9018
"ENSG00000110925",5230
"ENSG00000110931",7173
"ENSG00000110934",3986
"ENSG00000110944",1178
"ENSG00000110955",2238
"ENSG00000110958",3399
"ENSG00000110975",5082
"ENSG00000110987",6565
"ENSG00000111011",8745
"ENSG00000111012",3440
"ENSG00000111046",1329
"ENSG00000111049",1540
"ENSG00000111052",6804
"ENSG00000111057",3069
"ENSG00000111058",18465
"ENSG00000111077",7964
"ENSG00000111087",4560
"ENSG00000111110",7164
"ENSG00000111142",4491
"ENSG00000111144",7405
"ENSG00000111145",4644
"ENSG00000111181",5317
"ENSG00000111186",4240
"ENSG00000111196",4842
"ENSG00000111199",3876
"ENSG00000111203",6255
"ENSG00000111206",4919
"ENSG00000111215",1310
"ENSG00000111218",6677
"ENSG00000111224",6200
"ENSG00000111229",3027
"ENSG00000111231",2593
"ENSG00000111237",3219
"ENSG00000111241",1411
"ENSG00000111245",3534
"ENSG00000111247",2557
"ENSG00000111249",7507
"ENSG00000111252",5707
"ENSG00000111254",3672
"ENSG00000111261",5716
"ENSG00000111262",7985
"ENSG00000111266",7132
"ENSG00000111269",3922
"ENSG00000111271",8934
"ENSG00000111275",9723
"ENSG00000111276",9255
"ENSG00000111291",1347
"ENSG00000111300",9902
"ENSG00000111305",3033
"ENSG00000111319",5876
"ENSG00000111321",6151
"ENSG00000111325",4589
"ENSG00000111328",6027
"ENSG00000111331",18045
"ENSG00000111335",11233
"ENSG00000111339",5620
"ENSG00000111341",2887
"ENSG00000111344",4820
"ENSG00000111348",2042
"ENSG00000111358",3994
"ENSG00000111361",3627
"ENSG00000111364",5716
"ENSG00000111371",10015
"ENSG00000111404",1549
"ENSG00000111405",2679
"ENSG00000111412",8678
"ENSG00000111424",5674
"ENSG00000111432",3282
"ENSG00000111445",3249
"ENSG00000111450",4656
"ENSG00000111452",14718
"ENSG00000111481",3898
"ENSG00000111490",9877
"ENSG00000111530",13580
"ENSG00000111536",1066
"ENSG00000111537",1211
"ENSG00000111540",6525
"ENSG00000111554",6551
"ENSG00000111581",8103
"ENSG00000111596",13985
"ENSG00000111602",5851
"ENSG00000111605",8050
"ENSG00000111615",10747
"ENSG00000111639",1388
"ENSG00000111640",2396
"ENSG00000111641",4687
"ENSG00000111642",12713
"ENSG00000111644",2816
"ENSG00000111647",6646
"ENSG00000111652",2840
"ENSG00000111653",2709
"ENSG00000111664",3437
"ENSG00000111665",4879
"ENSG00000111666",5991
"ENSG00000111667",3718
"ENSG00000111669",2700
"ENSG00000111670",9774
"ENSG00000111671",2452
"ENSG00000111674",4281
"ENSG00000111676",5116
"ENSG00000111678",1806
"ENSG00000111679",5009
"ENSG00000111684",4693
"ENSG00000111696",8759
"ENSG00000111700",3542
"ENSG00000111701",894
"ENSG00000111704",5392
"ENSG00000111707",5558
"ENSG00000111711",3789
"ENSG00000111713",3214
"ENSG00000111716",2983
"ENSG00000111725",6042
"ENSG00000111726",1974
"ENSG00000111727",6699
"ENSG00000111728",14483
"ENSG00000111729",1296
"ENSG00000111731",6759
"ENSG00000111732",3402
"ENSG00000111737",4018
"ENSG00000111752",6134
"ENSG00000111775",1339
"ENSG00000111780",552
"ENSG00000111783",6686
"ENSG00000111785",7769
"ENSG00000111786",3957
"ENSG00000111788",3158
"ENSG00000111790",5884
"ENSG00000111796",1478
"ENSG00000111799",18860
"ENSG00000111801",5658
"ENSG00000111802",2977
"ENSG00000111816",13363
"ENSG00000111817",19194
"ENSG00000111832",5867
"ENSG00000111834",2840
"ENSG00000111837",4394
"ENSG00000111843",1321
"ENSG00000111845",1523
"ENSG00000111846",9210
"ENSG00000111850",8750
"ENSG00000111859",10359
"ENSG00000111860",9428
"ENSG00000111863",3947
"ENSG00000111875",2589
"ENSG00000111877",12496
"ENSG00000111879",7712
"ENSG00000111880",5188
"ENSG00000111885",5018
"ENSG00000111886",4974
"ENSG00000111897",3125
"ENSG00000111906",5888
"ENSG00000111907",7595
"ENSG00000111911",3325
"ENSG00000111912",7647
"ENSG00000111913",9435
"ENSG00000111961",10014
"ENSG00000111962",4861
"ENSG00000111981",3211
"ENSG00000112029",3856
"ENSG00000112031",4297
"ENSG00000112033",4457
"ENSG00000112038",21032
"ENSG00000112039",4665
"ENSG00000112041",2916
"ENSG00000112053",6034
"ENSG00000112062",8924
"ENSG00000112077",2629
"ENSG00000112078",6239
"ENSG00000112079",3585
"ENSG00000112081",7429
"ENSG00000112110",1374
"ENSG00000112115",1871
"ENSG00000112116",1097
"ENSG00000112118",3645
"ENSG00000112130",6564
"ENSG00000112137",24490
"ENSG00000112139",14690
"ENSG00000112144",6302
"ENSG00000112146",8208
"ENSG00000112149",6148
"ENSG00000112159",33741
"ENSG00000112164",6682
"ENSG00000112167",7401
"ENSG00000112175",3970
"ENSG00000112182",10868
"ENSG00000112183",3425
"ENSG00000112186",3246
"ENSG00000112195",3785
"ENSG00000112200",16414
"ENSG00000112208",6651
"ENSG00000112210",4919
"ENSG00000112212",1075
"ENSG00000112214",4125
"ENSG00000112218",5967
"ENSG00000112232",2912
"ENSG00000112234",8118
"ENSG00000112237",5610
"ENSG00000112238",3232
"ENSG00000112242",5190
"ENSG00000112245",5914
"ENSG00000112246",9272
"ENSG00000112249",11731
"ENSG00000112273",2101
"ENSG00000112276",5791
"ENSG00000112280",10329
"ENSG00000112282",7426
"ENSG00000112290",3260
"ENSG00000112293",7221
"ENSG00000112294",7563
"ENSG00000112297",10981
"ENSG00000112299",3853
"ENSG00000112303",2595
"ENSG00000112304",4394
"ENSG00000112305",4157
"ENSG00000112306",639
"ENSG00000112308",4123
"ENSG00000112309",6587
"ENSG00000112312",2476
"ENSG00000112319",14674
"ENSG00000112320",7895
"ENSG00000112333",3765
"ENSG00000112335",1828
"ENSG00000112337",2533
"ENSG00000112339",11085
"ENSG00000112343",9418
"ENSG00000112357",3409
"ENSG00000112365",10456
"ENSG00000112367",28959
"ENSG00000112378",4198
"ENSG00000112379",14859
"ENSG00000112394",11237
"ENSG00000112406",5646
"ENSG00000112414",8473
"ENSG00000112419",11224
"ENSG00000112425",18282
"ENSG00000112462",1869
"ENSG00000112473",4003
"ENSG00000112486",3526
"ENSG00000112494",2694
"ENSG00000112499",5983
"ENSG00000112511",3596
"ENSG00000112514",1876
"ENSG00000112530",2568
"ENSG00000112531",17364
"ENSG00000112539",2238
"ENSG00000112541",37993
"ENSG00000112559",2535
"ENSG00000112561",6722
"ENSG00000112562",4032
"ENSG00000112576",5761
"ENSG00000112578",2211
"ENSG00000112584",6029
"ENSG00000112592",2318
"ENSG00000112599",2270
"ENSG00000112619",3001
"ENSG00000112624",6661
"ENSG00000112640",3787
"ENSG00000112651",2171
"ENSG00000112655",8985
"ENSG00000112658",4231
"ENSG00000112659",12242
"ENSG00000112667",1247
"ENSG00000112679",5686
"ENSG00000112685",4990
"ENSG00000112695",1922
"ENSG00000112697",5502
"ENSG00000112699",4217
"ENSG00000112701",11417
"ENSG00000112706",3802
"ENSG00000112715",14431
"ENSG00000112739",8429
"ENSG00000112742",4579
"ENSG00000112759",4298
"ENSG00000112761",1916
"ENSG00000112763",3787
"ENSG00000112769",11983
"ENSG00000112773",6053
"ENSG00000112782",10432
"ENSG00000112787",9393
"ENSG00000112796",4275
"ENSG00000112799",1203
"ENSG00000112812",5290
"ENSG00000112818",3088
"ENSG00000112837",8654
"ENSG00000112851",13363
"ENSG00000112852",4098
"ENSG00000112855",3719
"ENSG00000112874",4301
"ENSG00000112877",3590
"ENSG00000112893",11254
"ENSG00000112902",12308
"ENSG00000112936",10105
"ENSG00000112941",6356
"ENSG00000112964",6948
"ENSG00000112972",6627
"ENSG00000112977",3323
"ENSG00000112981",2389
"ENSG00000112983",7009
"ENSG00000112984",3852
"ENSG00000112992",12018
"ENSG00000112996",6180
"ENSG00000113013",9782
"ENSG00000113048",19524
"ENSG00000113068",2152
"ENSG00000113070",2990
"ENSG00000113073",3641
"ENSG00000113083",5596
"ENSG00000113088",1567
"ENSG00000113100",4206
"ENSG00000113108",3609
"ENSG00000113119",3494
"ENSG00000113140",4638
"ENSG00000113141",4036
"ENSG00000113161",10125
"ENSG00000113163",14492
"ENSG00000113194",5924
"ENSG00000113196",1701
"ENSG00000113205",3355
"ENSG00000113209",3410
"ENSG00000113211",3231
"ENSG00000113212",3740
"ENSG00000113231",5594
"ENSG00000113240",7922
"ENSG00000113248",3971
"ENSG00000113249",4856
"ENSG00000113262",8282
"ENSG00000113263",8587
"ENSG00000113269",12817
"ENSG00000113272",2998
"ENSG00000113273",8899
"ENSG00000113282",6338
"ENSG00000113296",4605
"ENSG00000113300",6572
"ENSG00000113302",3078
"ENSG00000113303",3924
"ENSG00000113312",9846
"ENSG00000113318",5329
"ENSG00000113319",11032
"ENSG00000113327",22751
"ENSG00000113328",4620
"ENSG00000113356",4024
"ENSG00000113360",7782
"ENSG00000113361",12443
"ENSG00000113368",3633
"ENSG00000113369",4985
"ENSG00000113384",2742
"ENSG00000113387",9694
"ENSG00000113389",9979
"ENSG00000113391",5415
"ENSG00000113396",3133
"ENSG00000113407",4257
"ENSG00000113430",3444
"ENSG00000113441",14966
"ENSG00000113448",16321
"ENSG00000113456",5627
"ENSG00000113460",4710
"ENSG00000113492",3952
"ENSG00000113494",13006
"ENSG00000113504",6004
"ENSG00000113520",820
"ENSG00000113522",10565
"ENSG00000113525",1586
"ENSG00000113532",7812
"ENSG00000113552",3959
"ENSG00000113555",6114
"ENSG00000113558",12697
"ENSG00000113569",9176
"ENSG00000113575",6556
"ENSG00000113578",4980
"ENSG00000113580",9161
"ENSG00000113583",2301
"ENSG00000113593",3777
"ENSG00000113594",12159
"ENSG00000113595",4654
"ENSG00000113597",6976
"ENSG00000113600",3567
"ENSG00000113615",7291
"ENSG00000113621",4807
"ENSG00000113638",9708
"ENSG00000113643",3417
"ENSG00000113645",10082
"ENSG00000113648",17013
"ENSG00000113649",8795
"ENSG00000113657",7179
"ENSG00000113658",9040
"ENSG00000113712",8505
"ENSG00000113716",6263
"ENSG00000113719",16736
"ENSG00000113721",7135
"ENSG00000113722",1775
"ENSG00000113732",1609
"ENSG00000113734",2440
"ENSG00000113739",5062
"ENSG00000113742",10444
"ENSG00000113749",5675
"ENSG00000113758",5119
"ENSG00000113761",6686
"ENSG00000113763",4317
"ENSG00000113790",4651
"ENSG00000113805",5430
"ENSG00000113810",8164
"ENSG00000113811",2055
"ENSG00000113812",4016
"ENSG00000113838",3398
"ENSG00000113845",2715
"ENSG00000113851",8052
"ENSG00000113889",4603
"ENSG00000113905",4993
"ENSG00000113916",5936
"ENSG00000113924",2682
"ENSG00000113946",3330
"ENSG00000113966",4561
"ENSG00000113971",11488
"ENSG00000114013",3437
"ENSG00000114019",6479
"ENSG00000114021",9226
"ENSG00000114023",11604
"ENSG00000114026",8733
"ENSG00000114030",8498
"ENSG00000114054",7498
"ENSG00000114062",19033
"ENSG00000114098",9843
"ENSG00000114107",4409
"ENSG00000114113",845
"ENSG00000114115",3905
"ENSG00000114120",10339
"ENSG00000114124",6533
"ENSG00000114125",3102
"ENSG00000114126",11897
"ENSG00000114127",11982
"ENSG00000114166",5211
"ENSG00000114200",3072
"ENSG00000114204",2678
"ENSG00000114209",3275
"ENSG00000114248",3125
"ENSG00000114251",7153
"ENSG00000114268",6107
"ENSG00000114270",11133
"ENSG00000114279",11469
"ENSG00000114302",8701
"ENSG00000114315",2059
"ENSG00000114316",7328
"ENSG00000114331",11066
"ENSG00000114346",5499
"ENSG00000114349",3936
"ENSG00000114353",7405
"ENSG00000114354",12709
"ENSG00000114374",18224
"ENSG00000114378",3085
"ENSG00000114383",2404
"ENSG00000114388",3412
"ENSG00000114391",2733
"ENSG00000114395",1926
"ENSG00000114405",4388
"ENSG00000114416",11874
"ENSG00000114423",12269
"ENSG00000114439",11892
"ENSG00000114446",3631
"ENSG00000114450",7975
"ENSG00000114455",3574
"ENSG00000114473",7468
"ENSG00000114480",4651
"ENSG00000114487",3747
"ENSG00000114491",7512
"ENSG00000114503",5111
"ENSG00000114520",2708
"ENSG00000114529",6021
"ENSG00000114541",11201
"ENSG00000114544",6590
"ENSG00000114547",4032
"ENSG00000114554",11235
"ENSG00000114573",6332
"ENSG00000114626",6155
"ENSG00000114631",2175
"ENSG00000114638",2256
"ENSG00000114646",4367
"ENSG00000114648",7064
"ENSG00000114650",6288
"ENSG00000114654",3273
"ENSG00000114656",12033
"ENSG00000114670",5355
"ENSG00000114686",2715
"ENSG00000114698",4231
"ENSG00000114735",19221
"ENSG00000114737",5056
"ENSG00000114738",3915
"ENSG00000114739",15705
"ENSG00000114742",7473
"ENSG00000114744",4895
"ENSG00000114745",8939
"ENSG00000114757",10236
"ENSG00000114767",1542
"ENSG00000114770",11365
"ENSG00000114771",1632
"ENSG00000114779",3161
"ENSG00000114784",1889
"ENSG00000114786",4761
"ENSG00000114790",5459
"ENSG00000114796",8650
"ENSG00000114805",7177
"ENSG00000114812",7384
"ENSG00000114841",13873
"ENSG00000114850",5179
"ENSG00000114853",5685
"ENSG00000114854",1141
"ENSG00000114857",17309
"ENSG00000114859",8522
"ENSG00000114861",32800
"ENSG00000114867",8752
"ENSG00000114902",5121
"ENSG00000114904",6393
"ENSG00000114923",4952
"ENSG00000114933",14373
"ENSG00000114942",1915
"ENSG00000114948",6425
"ENSG00000114956",1455
"ENSG00000114978",6440
"ENSG00000114982",9022
"ENSG00000114988",2709
"ENSG00000114993",5191
"ENSG00000114999",15730
"ENSG00000115008",2017
"ENSG00000115009",1594
"ENSG00000115020",10839
"ENSG00000115041",7956
"ENSG00000115042",5678
"ENSG00000115053",8919
"ENSG00000115073",2853
"ENSG00000115084",13398
"ENSG00000115085",8984
"ENSG00000115091",11946
"ENSG00000115107",4562
"ENSG00000115109",9209
"ENSG00000115112",9367
"ENSG00000115128",1125
"ENSG00000115129",2312
"ENSG00000115137",5624
"ENSG00000115138",1538
"ENSG00000115145",6776
"ENSG00000115155",8025
"ENSG00000115159",7165
"ENSG00000115163",1949
"ENSG00000115165",8789
"ENSG00000115170",9842
"ENSG00000115183",14915
"ENSG00000115194",5766
"ENSG00000115204",5625
"ENSG00000115207",5702
"ENSG00000115211",5193
"ENSG00000115216",5329
"ENSG00000115221",7002
"ENSG00000115226",1937
"ENSG00000115232",10654
"ENSG00000115233",7311
"ENSG00000115234",3767
"ENSG00000115239",6735
"ENSG00000115241",3995
"ENSG00000115252",6632
"ENSG00000115255",2030
"ENSG00000115257",3792
"ENSG00000115263",2378
"ENSG00000115266",12635
"ENSG00000115267",5225
"ENSG00000115268",2138
"ENSG00000115271",5323
"ENSG00000115274",1442
"ENSG00000115275",3584
"ENSG00000115282",4767
"ENSG00000115286",7456
"ENSG00000115289",1744
"ENSG00000115290",2998
"ENSG00000115295",23405
"ENSG00000115297",2810
"ENSG00000115306",18451
"ENSG00000115307",2455
"ENSG00000115310",6644
"ENSG00000115317",3405
"ENSG00000115318",4519
"ENSG00000115325",2800
"ENSG00000115339",4838
"ENSG00000115350",2000
"ENSG00000115353",5128
"ENSG00000115355",33942
"ENSG00000115361",5152
"ENSG00000115363",2745
"ENSG00000115364",8947
"ENSG00000115365",9372
"ENSG00000115368",5040
"ENSG00000115380",3962
"ENSG00000115386",1715
"ENSG00000115392",37977
"ENSG00000115414",17216
"ENSG00000115415",18467
"ENSG00000115419",9833
"ENSG00000115421",8479
"ENSG00000115423",13514
"ENSG00000115425",3196
"ENSG00000115446",2230
"ENSG00000115457",4742
"ENSG00000115459",7259
"ENSG00000115461",6466
"ENSG00000115464",18443
"ENSG00000115468",2671
"ENSG00000115474",3636
"ENSG00000115484",2701
"ENSG00000115486",13307
"ENSG00000115488",1143
"ENSG00000115504",8224
"ENSG00000115507",4833
"ENSG00000115514",2816
"ENSG00000115520",2654
"ENSG00000115523",3047
"ENSG00000115524",10421
"ENSG00000115525",16300
"ENSG00000115526",4499
"ENSG00000115539",2265
"ENSG00000115540",4081
"ENSG00000115541",1823
"ENSG00000115548",13299
"ENSG00000115556",5777
"ENSG00000115561",7019
"ENSG00000115568",11560
"ENSG00000115590",2957
"ENSG00000115592",3409
"ENSG00000115593",4552
"ENSG00000115594",7123
"ENSG00000115596",1719
"ENSG00000115598",2611
"ENSG00000115602",5746
"ENSG00000115604",4500
"ENSG00000115607",2966
"ENSG00000115616",6175
"ENSG00000115641",6626
"ENSG00000115648",7435
"ENSG00000115649",2719
"ENSG00000115652",6980
"ENSG00000115657",5205
"ENSG00000115661",4368
"ENSG00000115665",5168
"ENSG00000115677",12160
"ENSG00000115685",3781
"ENSG00000115687",10665
"ENSG00000115694",7588
"ENSG00000115705",8453
"ENSG00000115718",2491
"ENSG00000115738",2213
"ENSG00000115750",3975
"ENSG00000115756",6237
"ENSG00000115758",3307
"ENSG00000115760",18535
"ENSG00000115761",21331
"ENSG00000115762",6728
"ENSG00000115806",4705
"ENSG00000115808",14351
"ENSG00000115816",3512
"ENSG00000115825",10269
"ENSG00000115827",7657
"ENSG00000115828",2676
"ENSG00000115839",20871
"ENSG00000115840",6126
"ENSG00000115841",6031
"ENSG00000115844",2971
"ENSG00000115850",6580
"ENSG00000115866",4752
"ENSG00000115875",4045
"ENSG00000115884",3613
"ENSG00000115896",8113
"ENSG00000115902",6941
"ENSG00000115904",22984
"ENSG00000115919",17442
"ENSG00000115934",1329
"ENSG00000115935",15561
"ENSG00000115942",5831
"ENSG00000115944",5605
"ENSG00000115946",2630
"ENSG00000115947",8916
"ENSG00000115956",3205
"ENSG00000115963",3594
"ENSG00000115966",5751
"ENSG00000115970",14197
"ENSG00000115977",24843
"ENSG00000115993",7516
"ENSG00000115998",3573
"ENSG00000116001",6607
"ENSG00000116005",5864
"ENSG00000116014",1670
"ENSG00000116016",7291
"ENSG00000116017",7217
"ENSG00000116030",2153
"ENSG00000116031",1866
"ENSG00000116032",3281
"ENSG00000116035",2975
"ENSG00000116039",2656
"ENSG00000116044",14975
"ENSG00000116062",17722
"ENSG00000116095",14205
"ENSG00000116096",1458
"ENSG00000116106",7554
"ENSG00000116117",10522
"ENSG00000116120",6761
"ENSG00000116127",22670
"ENSG00000116128",6331
"ENSG00000116132",8248
"ENSG00000116133",6214
"ENSG00000116138",8563
"ENSG00000116141",15255
"ENSG00000116147",13470
"ENSG00000116151",11337
"ENSG00000116157",1692
"ENSG00000116161",4611
"ENSG00000116171",8253
"ENSG00000116176",1554
"ENSG00000116183",10926
"ENSG00000116191",9161
"ENSG00000116194",3598
"ENSG00000116198",11885
"ENSG00000116199",6046
"ENSG00000116205",12168
"ENSG00000116209",9149
"ENSG00000116212",2411
"ENSG00000116213",7634
"ENSG00000116218",1874
"ENSG00000116221",2549
"ENSG00000116237",4910
"ENSG00000116251",4665
"ENSG00000116254",10094
"ENSG00000116260",9276
"ENSG00000116266",5892
"ENSG00000116273",3632
"ENSG00000116285",4179
"ENSG00000116288",2397
"ENSG00000116299",9194
"ENSG00000116329",9317
"ENSG00000116337",9301
"ENSG00000116350",8806
"ENSG00000116353",4138
"ENSG00000116396",26071
"ENSG00000116406",18576
"ENSG00000116455",2685
"ENSG00000116459",3138
"ENSG00000116473",5532
"ENSG00000116478",3987
"ENSG00000116489",3495
"ENSG00000116497",9190
"ENSG00000116514",2734
"ENSG00000116521",3862
"ENSG00000116525",3976
"ENSG00000116539",13783
"ENSG00000116544",4042
"ENSG00000116560",7720
"ENSG00000116574",3965
"ENSG00000116580",11970
"ENSG00000116584",9250
"ENSG00000116586",1404
"ENSG00000116604",6351
"ENSG00000116641",24890
"ENSG00000116649",1894
"ENSG00000116652",3555
"ENSG00000116661",3163
"ENSG00000116663",1735
"ENSG00000116667",11594
"ENSG00000116668",4068
"ENSG00000116670",7192
"ENSG00000116675",6958
"ENSG00000116678",11370
"ENSG00000116679",11330
"ENSG00000116685",3281
"ENSG00000116688",10234
"ENSG00000116690",5049
"ENSG00000116691",2821
"ENSG00000116698",8317
"ENSG00000116701",4319
"ENSG00000116703",1331
"ENSG00000116704",6193
"ENSG00000116711",2879
"ENSG00000116717",1925
"ENSG00000116721",2439
"ENSG00000116726",2889
"ENSG00000116729",4459
"ENSG00000116731",10933
"ENSG00000116741",2088
"ENSG00000116745",4307
"ENSG00000116747",9070
"ENSG00000116748",3082
"ENSG00000116750",6661
"ENSG00000116752",1289
"ENSG00000116754",8473
"ENSG00000116761",2414
"ENSG00000116771",3095
"ENSG00000116774",2821
"ENSG00000116783",4733
"ENSG00000116785",4261
"ENSG00000116786",4275
"ENSG00000116791",4085
"ENSG00000116793",7170
"ENSG00000116809",4240
"ENSG00000116815",1784
"ENSG00000116819",4308
"ENSG00000116824",1635
"ENSG00000116830",10158
"ENSG00000116833",7543
"ENSG00000116852",12164
"ENSG00000116857",3919
"ENSG00000116863",1651
"ENSG00000116871",5271
"ENSG00000116874",3830
"ENSG00000116882",1877
"ENSG00000116885",2788
"ENSG00000116898",2863
"ENSG00000116903",5100
"ENSG00000116906",3261
"ENSG00000116918",6353
"ENSG00000116922",4443
"ENSG00000116954",5116
"ENSG00000116962",5811
"ENSG00000116977",9462
"ENSG00000116981",9068
"ENSG00000116983",4758
"ENSG00000116984",19254
"ENSG00000116985",4826
"ENSG00000116990",4967
"ENSG00000116991",8552
"ENSG00000116996",2474
"ENSG00000117000",6232
"ENSG00000117009",5946
"ENSG00000117010",3101
"ENSG00000117013",4408
"ENSG00000117016",7259
"ENSG00000117020",16643
"ENSG00000117036",6707
"ENSG00000117054",13774
"ENSG00000117069",6059
"ENSG00000117090",4012
"ENSG00000117091",3254
"ENSG00000117114",24178
"ENSG00000117115",6000
"ENSG00000117118",3071
"ENSG00000117122",2712
"ENSG00000117133",2290
"ENSG00000117139",24899
"ENSG00000117143",4619
"ENSG00000117148",1844
"ENSG00000117151",6934
"ENSG00000117152",4729
"ENSG00000117153",3508
"ENSG00000117154",3033
"ENSG00000117155",8563
"ENSG00000117174",6203
"ENSG00000117215",2681
"ENSG00000117222",4404
"ENSG00000117226",4297
"ENSG00000117228",6103
"ENSG00000117242",4443
"ENSG00000117245",4470
"ENSG00000117262",5561
"ENSG00000117266",6830
"ENSG00000117280",3904
"ENSG00000117281",3971
"ENSG00000117298",7308
"ENSG00000117305",5628
"ENSG00000117308",3955
"ENSG00000117318",1496
"ENSG00000117322",5030
"ENSG00000117335",15505
"ENSG00000117360",5408
"ENSG00000117362",3473
"ENSG00000117385",6766
"ENSG00000117394",6614
"ENSG00000117395",3561
"ENSG00000117399",2012
"ENSG00000117400",3937
"ENSG00000117407",2657
"ENSG00000117408",5072
"ENSG00000117410",3239
"ENSG00000117411",5472
"ENSG00000117419",2785
"ENSG00000117425",6024
"ENSG00000117448",3121
"ENSG00000117450",1682
"ENSG00000117461",7397
"ENSG00000117472",2370
"ENSG00000117475",3820
"ENSG00000117477",3961
"ENSG00000117479",4364
"ENSG00000117480",2724
"ENSG00000117481",8303
"ENSG00000117500",9211
"ENSG00000117501",3776
"ENSG00000117505",10925
"ENSG00000117507",1599
"ENSG00000117519",2783
"ENSG00000117523",14189
"ENSG00000117525",2886
"ENSG00000117528",7655
"ENSG00000117533",4986
"ENSG00000117543",5951
"ENSG00000117560",1805
"ENSG00000117569",20122
"ENSG00000117586",11714
"ENSG00000117592",2311
"ENSG00000117593",7353
"ENSG00000117594",1512
"ENSG00000117595",5106
"ENSG00000117597",10411
"ENSG00000117598",4859
"ENSG00000117600",5201
"ENSG00000117601",1721
"ENSG00000117602",7138
"ENSG00000117614",3773
"ENSG00000117616",6730
"ENSG00000117620",18235
"ENSG00000117625",9092
"ENSG00000117632",6247
"ENSG00000117640",5797
"ENSG00000117643",7934
"ENSG00000117650",3095
"ENSG00000117676",5884
"ENSG00000117682",7156
"ENSG00000117691",1264
"ENSG00000117697",13867
"ENSG00000117707",8899
"ENSG00000117713",16790
"ENSG00000117724",12471
"ENSG00000117748",1981
"ENSG00000117751",2815
"ENSG00000117758",3801
"ENSG00000117791",2597
"ENSG00000117834",4535
"ENSG00000117859",10273
"ENSG00000117862",3445
"ENSG00000117868",7094
"ENSG00000117877",3197
"ENSG00000117899",7455
"ENSG00000117906",9901
"ENSG00000117971",4984
"ENSG00000117983",18598
"ENSG00000117984",5697
"ENSG00000118004",2778
"ENSG00000118007",7843
"ENSG00000118017",1779
"ENSG00000118046",8832
"ENSG00000118058",31469
"ENSG00000118094",3182
"ENSG00000118096",3773
"ENSG00000118113",3437
"ENSG00000118137",1096
"ENSG00000118156",4904
"ENSG00000118160",5271
"ENSG00000118162",2115
"ENSG00000118181",1477
"ENSG00000118193",7294
"ENSG00000118194",7330
"ENSG00000118197",4410
"ENSG00000118200",8445
"ENSG00000118217",14263
"ENSG00000118231",642
"ENSG00000118242",3576
"ENSG00000118245",407
"ENSG00000118246",9759
"ENSG00000118257",13896
"ENSG00000118260",12132
"ENSG00000118263",9616
"ENSG00000118271",2176
"ENSG00000118276",5165
"ENSG00000118292",1270
"ENSG00000118298",3296
"ENSG00000118307",3126
"ENSG00000118308",6611
"ENSG00000118322",11310
"ENSG00000118363",2967
"ENSG00000118369",5754
"ENSG00000118402",3013
"ENSG00000118407",8964
"ENSG00000118412",8147
"ENSG00000118418",1345
"ENSG00000118420",6402
"ENSG00000118432",6345
"ENSG00000118434",1664
"ENSG00000118454",6184
"ENSG00000118473",25445
"ENSG00000118482",20926
"ENSG00000118491",1072
"ENSG00000118492",8661
"ENSG00000118495",6410
"ENSG00000118496",9051
"ENSG00000118503",6443
"ENSG00000118507",4593
"ENSG00000118508",1065
"ENSG00000118513",5495
"ENSG00000118514",2858
"ENSG00000118515",9962
"ENSG00000118518",3392
"ENSG00000118520",2219
"ENSG00000118523",2338
"ENSG00000118526",3679
"ENSG00000118557",5591
"ENSG00000118564",4701
"ENSG00000118579",10972
"ENSG00000118596",13703
"ENSG00000118600",10352
"ENSG00000118620",6831
"ENSG00000118640",895
"ENSG00000118655",4721
"ENSG00000118680",1738
"ENSG00000118689",7670
"ENSG00000118690",4254
"ENSG00000118702",550
"ENSG00000118705",3346
"ENSG00000118707",3973
"ENSG00000118729",13272
"ENSG00000118733",4393
"ENSG00000118762",5531
"ENSG00000118777",5602
"ENSG00000118785",7250
"ENSG00000118804",2244
"ENSG00000118816",4048
"ENSG00000118849",2029
"ENSG00000118855",5227
"ENSG00000118873",21916
"ENSG00000118894",3135
"ENSG00000118898",7699
"ENSG00000118900",8592
"ENSG00000118903",477
"ENSG00000118922",11547
"ENSG00000118939",1890
"ENSG00000118946",8392
"ENSG00000118960",14625
"ENSG00000118961",4433
"ENSG00000118965",7807
"ENSG00000118971",7988
"ENSG00000118972",4713
"ENSG00000118976",3067
"ENSG00000118985",7108
"ENSG00000118990",321
"ENSG00000118997",21349
"ENSG00000119004",10619
"ENSG00000119013",1852
"ENSG00000119041",7330
"ENSG00000119042",14762
"ENSG00000119048",3402
"ENSG00000119121",9289
"ENSG00000119125",7904
"ENSG00000119138",5201
"ENSG00000119139",15243
"ENSG00000119147",1705
"ENSG00000119185",6659
"ENSG00000119203",3686
"ENSG00000119227",3198
"ENSG00000119231",7035
"ENSG00000119242",8219
"ENSG00000119280",5161
"ENSG00000119283",9389
"ENSG00000119285",9061
"ENSG00000119314",8236
"ENSG00000119318",4613
"ENSG00000119321",18557
"ENSG00000119326",3124
"ENSG00000119328",2525
"ENSG00000119333",2672
"ENSG00000119335",5940
"ENSG00000119383",5624
"ENSG00000119392",10755
"ENSG00000119396",4695
"ENSG00000119397",22349
"ENSG00000119401",3777
"ENSG00000119402",11354
"ENSG00000119403",6594
"ENSG00000119408",4433
"ENSG00000119411",2339
"ENSG00000119414",4443
"ENSG00000119421",804
"ENSG00000119431",2092
"ENSG00000119440",505
"ENSG00000119446",5196
"ENSG00000119457",2465
"ENSG00000119471",3307
"ENSG00000119487",6741
"ENSG00000119508",6314
"ENSG00000119509",7131
"ENSG00000119514",3166
"ENSG00000119522",10337
"ENSG00000119523",2970
"ENSG00000119535",10594
"ENSG00000119537",9031
"ENSG00000119541",4315
"ENSG00000119547",16546
"ENSG00000119559",4774
"ENSG00000119574",3006
"ENSG00000119596",14935
"ENSG00000119599",5536
"ENSG00000119608",4826
"ENSG00000119614",3018
"ENSG00000119616",4747
"ENSG00000119630",5804
"ENSG00000119632",1602
"ENSG00000119636",4624
"ENSG00000119638",13327
"ENSG00000119640",1803
"ENSG00000119650",4169
"ENSG00000119655",2584
"ENSG00000119660",365
"ENSG00000119661",8884
"ENSG00000119669",4166
"ENSG00000119673",2239
"ENSG00000119681",9078
"ENSG00000119682",7805
"ENSG00000119684",8358
"ENSG00000119685",12267
"ENSG00000119686",4910
"ENSG00000119688",8922
"ENSG00000119689",4548
"ENSG00000119698",4973
"ENSG00000119699",5223
"ENSG00000119703",8738
"ENSG00000119705",2631
"ENSG00000119707",11764
"ENSG00000119711",6682
"ENSG00000119714",3474
"ENSG00000119715",5930
"ENSG00000119718",5436
"ENSG00000119720",17393
"ENSG00000119723",6686
"ENSG00000119725",6471
"ENSG00000119729",6424
"ENSG00000119737",2094
"ENSG00000119760",5312
"ENSG00000119771",11109
"ENSG00000119772",13781
"ENSG00000119777",4909
"ENSG00000119778",10501
"ENSG00000119782",1677
"ENSG00000119787",5810
"ENSG00000119801",3425
"ENSG00000119812",17840
"ENSG00000119820",12239
"ENSG00000119844",6514
"ENSG00000119862",3933
"ENSG00000119865",3548
"ENSG00000119866",24514
"ENSG00000119878",11687
"ENSG00000119888",2430
"ENSG00000119899",3441
"ENSG00000119900",9176
"ENSG00000119906",8812
"ENSG00000119912",16811
"ENSG00000119913",3935
"ENSG00000119915",1400
"ENSG00000119917",5067
"ENSG00000119919",2088
"ENSG00000119922",4326
"ENSG00000119927",9809
"ENSG00000119929",1792
"ENSG00000119938",2541
"ENSG00000119943",3865
"ENSG00000119946",6156
"ENSG00000119950",5907
"ENSG00000119953",5404
"ENSG00000119965",3083
"ENSG00000119969",14231
"ENSG00000119973",5506
"ENSG00000119977",9465
"ENSG00000119979",6291
"ENSG00000119986",1375
"ENSG00000120008",10707
"ENSG00000120029",4747
"ENSG00000120049",3397
"ENSG00000120051",3491
"ENSG00000120053",2424
"ENSG00000120054",1879
"ENSG00000120055",1469
"ENSG00000120057",1883
"ENSG00000120063",6431
"ENSG00000120068",2404
"ENSG00000120071",23858
"ENSG00000120075",1859
"ENSG00000120088",6979
"ENSG00000120093",7425
"ENSG00000120094",2486
"ENSG00000120129",2013
"ENSG00000120137",10348
"ENSG00000120149",2224
"ENSG00000120156",4804
"ENSG00000120158",4140
"ENSG00000120159",3160
"ENSG00000120160",1412
"ENSG00000120162",7120
"ENSG00000120210",1734
"ENSG00000120211",1952
"ENSG00000120215",2996
"ENSG00000120217",4108
"ENSG00000120235",704
"ENSG00000120242",1069
"ENSG00000120251",14228
"ENSG00000120253",4420
"ENSG00000120254",4891
"ENSG00000120256",6026
"ENSG00000120262",5432
"ENSG00000120265",2831
"ENSG00000120278",10294
"ENSG00000120279",3030
"ENSG00000120280",1792
"ENSG00000120289",2188
"ENSG00000120306",1857
"ENSG00000120314",7483
"ENSG00000120318",6195
"ENSG00000120322",2996
"ENSG00000120324",3295
"ENSG00000120327",4417
"ENSG00000120328",3875
"ENSG00000120329",1415
"ENSG00000120332",5042
"ENSG00000120333",2594
"ENSG00000120334",5165
"ENSG00000120337",2744
"ENSG00000120341",7520
"ENSG00000120370",11246
"ENSG00000120436",2734
"ENSG00000120437",2639
"ENSG00000120438",4883
"ENSG00000120440",3831
"ENSG00000120451",17308
"ENSG00000120457",6237
"ENSG00000120458",4534
"ENSG00000120471",3445
"ENSG00000120498",3351
"ENSG00000120500",1719
"ENSG00000120509",5117
"ENSG00000120519",12495
"ENSG00000120526",10506
"ENSG00000120533",6784
"ENSG00000120539",4660
"ENSG00000120549",12281
"ENSG00000120555",343
"ENSG00000120563",1132
"ENSG00000120594",12567
"ENSG00000120616",11286
"ENSG00000120645",7679
"ENSG00000120647",3550
"ENSG00000120656",8610
"ENSG00000120658",3553
"ENSG00000120659",2730
"ENSG00000120662",3841
"ENSG00000120664",5111
"ENSG00000120669",3363
"ENSG00000120675",8031
"ENSG00000120685",7329
"ENSG00000120686",4382
"ENSG00000120688",2388
"ENSG00000120690",4446
"ENSG00000120693",5975
"ENSG00000120694",8391
"ENSG00000120696",4736
"ENSG00000120697",13831
"ENSG00000120699",13092
"ENSG00000120705",4537
"ENSG00000120708",7717
"ENSG00000120709",7051
"ENSG00000120725",3977
"ENSG00000120727",3158
"ENSG00000120729",2826
"ENSG00000120733",7872
"ENSG00000120738",3137
"ENSG00000120742",5743
"ENSG00000120756",5288
"ENSG00000120784",7708
"ENSG00000120798",6454
"ENSG00000120800",10030
"ENSG00000120802",8516
"ENSG00000120805",4935
"ENSG00000120820",3268
"ENSG00000120832",7794
"ENSG00000120833",6477
"ENSG00000120837",4899
"ENSG00000120860",2654
"ENSG00000120868",7900
"ENSG00000120875",7273
"ENSG00000120885",6285
"ENSG00000120889",5010
"ENSG00000120896",5865
"ENSG00000120899",7860
"ENSG00000120903",5062
"ENSG00000120907",6749
"ENSG00000120910",2899
"ENSG00000120913",12388
"ENSG00000120915",4185
"ENSG00000120925",6055
"ENSG00000120937",708
"ENSG00000120942",5090
"ENSG00000120948",6187
"ENSG00000120949",3812
"ENSG00000120952",1642
"ENSG00000120963",7393
"ENSG00000120992",4694
"ENSG00000121005",4553
"ENSG00000121022",7779
"ENSG00000121039",5331
"ENSG00000121053",2719
"ENSG00000121057",5340
"ENSG00000121058",3014
"ENSG00000121060",12417
"ENSG00000121064",3829
"ENSG00000121067",6506
"ENSG00000121068",6082
"ENSG00000121073",5898
"ENSG00000121075",3996
"ENSG00000121089",648
"ENSG00000121101",5325
"ENSG00000121104",3800
"ENSG00000121152",6545
"ENSG00000121207",7535
"ENSG00000121210",6393
"ENSG00000121211",1511
"ENSG00000121236",3964
"ENSG00000121270",8469
"ENSG00000121274",8592
"ENSG00000121281",8595
"ENSG00000121289",9233
"ENSG00000121297",8280
"ENSG00000121310",11572
"ENSG00000121314",1236
"ENSG00000121316",2375
"ENSG00000121318",1140
"ENSG00000121335",1795
"ENSG00000121350",5723
"ENSG00000121351",2151
"ENSG00000121361",2511
"ENSG00000121377",1096
"ENSG00000121380",5112
"ENSG00000121381",1075
"ENSG00000121388",348
"ENSG00000121390",4817
"ENSG00000121406",9279
"ENSG00000121410",3999
"ENSG00000121413",8175
"ENSG00000121417",4562
"ENSG00000121440",6139
"ENSG00000121446",9063
"ENSG00000121454",6085
"ENSG00000121481",3935
"ENSG00000121486",4914
"ENSG00000121542",4704
"ENSG00000121552",1366
"ENSG00000121570",4967
"ENSG00000121577",2208
"ENSG00000121578",6988
"ENSG00000121579",6438
"ENSG00000121594",3213
"ENSG00000121621",4517
"ENSG00000121634",1392
"ENSG00000121644",4936
"ENSG00000121653",3498
"ENSG00000121671",6200
"ENSG00000121680",3019
"ENSG00000121690",3314
"ENSG00000121691",3579
"ENSG00000121716",5761
"ENSG00000121741",13611
"ENSG00000121742",3270
"ENSG00000121743",5214
"ENSG00000121749",8227
"ENSG00000121753",7756
"ENSG00000121764",2510
"ENSG00000121766",1921
"ENSG00000121769",1398
"ENSG00000121774",3544
"ENSG00000121775",2787
"ENSG00000121797",2991
"ENSG00000121807",3873
"ENSG00000121851",1811
"ENSG00000121853",3088
"ENSG00000121858",3441
"ENSG00000121864",6819
"ENSG00000121871",5274
"ENSG00000121879",17189
"ENSG00000121892",12204
"ENSG00000121895",2562
"ENSG00000121897",11318
"ENSG00000121898",4856
"ENSG00000121900",1417
"ENSG00000121903",10444
"ENSG00000121904",18114
"ENSG00000121905",1964
"ENSG00000121931",3502
"ENSG00000121933",2428
"ENSG00000121940",19957
"ENSG00000121957",19578
"ENSG00000121964",14162
"ENSG00000121966",2902
"ENSG00000121988",9097
"ENSG00000121989",6448
"ENSG00000122008",17863
"ENSG00000122012",11817
"ENSG00000122025",4159
"ENSG00000122026",5114
"ENSG00000122033",1603
"ENSG00000122034",2926
"ENSG00000122035",2623
"ENSG00000122042",4317
"ENSG00000122043",2618
"ENSG00000122068",7897
"ENSG00000122085",9938
"ENSG00000122121",3853
"ENSG00000122122",2741
"ENSG00000122126",7992
"ENSG00000122133",1454
"ENSG00000122136",1035
"ENSG00000122140",2478
"ENSG00000122145",2662
"ENSG00000122176",3034
"ENSG00000122180",1507
"ENSG00000122188",5139
"ENSG00000122194",8930
"ENSG00000122203",3811
"ENSG00000122218",17664
"ENSG00000122223",2889
"ENSG00000122224",9340
"ENSG00000122254",2620
"ENSG00000122257",10475
"ENSG00000122299",7067
"ENSG00000122304",724
"ENSG00000122335",11003
"ENSG00000122359",8513
"ENSG00000122367",10542
"ENSG00000122375",4275
"ENSG00000122376",4239
"ENSG00000122378",6520
"ENSG00000122386",2330
"ENSG00000122390",7349
"ENSG00000122406",3687
"ENSG00000122417",11465
"ENSG00000122420",5764
"ENSG00000122432",4365
"ENSG00000122435",4132
"ENSG00000122477",1940
"ENSG00000122481",1927
"ENSG00000122482",7604
"ENSG00000122483",7613
"ENSG00000122484",17048
"ENSG00000122490",5218
"ENSG00000122507",8981
"ENSG00000122512",11237
"ENSG00000122515",7341
"ENSG00000122543",833
"ENSG00000122545",17138
"ENSG00000122547",4737
"ENSG00000122548",4354
"ENSG00000122550",7066
"ENSG00000122557",3581
"ENSG00000122565",4840
"ENSG00000122566",12613
"ENSG00000122574",6060
"ENSG00000122584",3774
"ENSG00000122585",893
"ENSG00000122591",18606
"ENSG00000122592",2411
"ENSG00000122641",8284
"ENSG00000122642",5169
"ENSG00000122643",3239
"ENSG00000122644",3585
"ENSG00000122674",6431
"ENSG00000122678",4662
"ENSG00000122679",1427
"ENSG00000122687",2886
"ENSG00000122691",1997
"ENSG00000122692",7136
"ENSG00000122694",3055
"ENSG00000122696",3397
"ENSG00000122705",2514
"ENSG00000122707",5569
"ENSG00000122711",651
"ENSG00000122728",6216
"ENSG00000122729",7555
"ENSG00000122733",5847
"ENSG00000122735",3614
"ENSG00000122741",8291
"ENSG00000122756",2098
"ENSG00000122778",12498
"ENSG00000122779",9301
"ENSG00000122783",5321
"ENSG00000122786",9786
"ENSG00000122787",3412
"ENSG00000122824",2062
"ENSG00000122852",2451
"ENSG00000122859",1560
"ENSG00000122861",2949
"ENSG00000122862",1223
"ENSG00000122863",6934
"ENSG00000122870",6835
"ENSG00000122872",705
"ENSG00000122873",2753
"ENSG00000122877",3707
"ENSG00000122882",3675
"ENSG00000122884",3093
"ENSG00000122912",7865
"ENSG00000122952",2377
"ENSG00000122958",5116
"ENSG00000122965",5866
"ENSG00000122966",28605
"ENSG00000122970",7001
"ENSG00000122971",2609
"ENSG00000122986",3646
"ENSG00000123009",414
"ENSG00000123064",5065
"ENSG00000123066",32862
"ENSG00000123080",3018
"ENSG00000123091",3112
"ENSG00000123094",8077
"ENSG00000123095",3854
"ENSG00000123096",6780
"ENSG00000123104",13909
"ENSG00000123106",7535
"ENSG00000123119",6202
"ENSG00000123124",6527
"ENSG00000123130",6244
"ENSG00000123131",1855
"ENSG00000123136",3861
"ENSG00000123143",4623
"ENSG00000123144",1311
"ENSG00000123146",5382
"ENSG00000123154",2358
"ENSG00000123159",4440
"ENSG00000123165",1442
"ENSG00000123171",1162
"ENSG00000123178",3344
"ENSG00000123179",1560
"ENSG00000123191",20637
"ENSG00000123200",10265
"ENSG00000123201",1979
"ENSG00000123213",10939
"ENSG00000123219",4309
"ENSG00000123240",5138
"ENSG00000123243",14628
"ENSG00000123268",2830
"ENSG00000123297",3210
"ENSG00000123307",3927
"ENSG00000123329",5118
"ENSG00000123338",10560
"ENSG00000123342",4672
"ENSG00000123349",4078
"ENSG00000123352",6841
"ENSG00000123353",2688
"ENSG00000123358",7295
"ENSG00000123360",7367
"ENSG00000123364",2357
"ENSG00000123374",3887
"ENSG00000123384",20859
"ENSG00000123388",3265
"ENSG00000123395",3195
"ENSG00000123405",2363
"ENSG00000123407",3266
"ENSG00000123411",6813
"ENSG00000123415",6027
"ENSG00000123416",3574
"ENSG00000123427",3158
"ENSG00000123444",3263
"ENSG00000123447",441
"ENSG00000123453",5118
"ENSG00000123454",2746
"ENSG00000123472",5654
"ENSG00000123473",7821
"ENSG00000123485",3821
"ENSG00000123496",1626
"ENSG00000123500",3830
"ENSG00000123505",10193
"ENSG00000123545",2548
"ENSG00000123552",8105
"ENSG00000123560",6088
"ENSG00000123561",2740
"ENSG00000123562",2648
"ENSG00000123569",915
"ENSG00000123570",3772
"ENSG00000123572",9577
"ENSG00000123575",7624
"ENSG00000123576",1495
"ENSG00000123584",1814
"ENSG00000123594",1407
"ENSG00000123595",2113
"ENSG00000123600",11733
"ENSG00000123607",33812
"ENSG00000123609",3312
"ENSG00000123610",1577
"ENSG00000123612",9054
"ENSG00000123636",20510
"ENSG00000123643",6971
"ENSG00000123684",8790
"ENSG00000123685",2569
"ENSG00000123689",876
"ENSG00000123700",5576
"ENSG00000123728",4118
"ENSG00000123737",4710
"ENSG00000123739",5221
"ENSG00000123810",1479
"ENSG00000123815",12278
"ENSG00000123836",10176
"ENSG00000123838",2470
"ENSG00000123843",3201
"ENSG00000123870",1920
"ENSG00000123892",1432
"ENSG00000123901",4277
"ENSG00000123908",15847
"ENSG00000123933",6873
"ENSG00000123965",516
"ENSG00000123975",616
"ENSG00000123977",2933
"ENSG00000123983",14436
"ENSG00000123989",3703
"ENSG00000123992",6168
"ENSG00000123999",1636
"ENSG00000124003",1176
"ENSG00000124006",9716
"ENSG00000124019",3563
"ENSG00000124067",8397
"ENSG00000124074",2665
"ENSG00000124089",1084
"ENSG00000124091",2064
"ENSG00000124092",8928
"ENSG00000124097",2110
"ENSG00000124098",3518
"ENSG00000124102",551
"ENSG00000124103",889
"ENSG00000124104",4078
"ENSG00000124107",596
"ENSG00000124116",2405
"ENSG00000124120",7056
"ENSG00000124126",7509
"ENSG00000124134",5649
"ENSG00000124140",8907
"ENSG00000124143",3321
"ENSG00000124145",2613
"ENSG00000124151",8417
"ENSG00000124155",19653
"ENSG00000124157",1978
"ENSG00000124159",2466
"ENSG00000124160",3224
"ENSG00000124164",10478
"ENSG00000124171",4690
"ENSG00000124172",5081
"ENSG00000124177",14022
"ENSG00000124181",9648
"ENSG00000124191",3235
"ENSG00000124193",4894
"ENSG00000124194",3404
"ENSG00000124196",839
"ENSG00000124198",12446
"ENSG00000124201",9340
"ENSG00000124203",11992
"ENSG00000124205",3292
"ENSG00000124207",3800
"ENSG00000124208",2757
"ENSG00000124209",9266
"ENSG00000124212",5570
"ENSG00000124214",4094
"ENSG00000124215",5752
"ENSG00000124216",1705
"ENSG00000124217",5112
"ENSG00000124222",5077
"ENSG00000124224",2746
"ENSG00000124225",5732
"ENSG00000124226",4337
"ENSG00000124227",3407
"ENSG00000124228",5405
"ENSG00000124232",2774
"ENSG00000124233",1622
"ENSG00000124237",805
"ENSG00000124243",2084
"ENSG00000124249",2514
"ENSG00000124251",2978
"ENSG00000124253",6828
"ENSG00000124256",5405
"ENSG00000124257",1222
"ENSG00000124260",2899
"ENSG00000124275",6498
"ENSG00000124279",2857
"ENSG00000124299",9517
"ENSG00000124302",3054
"ENSG00000124313",14927
"ENSG00000124333",2615
"ENSG00000124334",4589
"ENSG00000124343",3357
"ENSG00000124356",18050
"ENSG00000124357",8897
"ENSG00000124370",1624
"ENSG00000124374",6300
"ENSG00000124380",1897
"ENSG00000124383",4677
"ENSG00000124391",1393
"ENSG00000124399",390
"ENSG00000124406",11215
"ENSG00000124422",6777
"ENSG00000124429",4003
"ENSG00000124440",8375
"ENSG00000124444",3481
"ENSG00000124449",1709
"ENSG00000124459",4402
"ENSG00000124466",2467
"ENSG00000124467",3953
"ENSG00000124469",2549
"ENSG00000124479",1819
"ENSG00000124486",14265
"ENSG00000124490",1518
"ENSG00000124491",4554
"ENSG00000124493",16302
"ENSG00000124496",7985
"ENSG00000124507",4805
"ENSG00000124508",6398
"ENSG00000124523",11295
"ENSG00000124532",5133
"ENSG00000124535",3898
"ENSG00000124541",2236
"ENSG00000124549",1836
"ENSG00000124557",2954
"ENSG00000124562",1241
"ENSG00000124564",3594
"ENSG00000124568",2019
"ENSG00000124570",13201
"ENSG00000124571",8481
"ENSG00000124574",12533
"ENSG00000124575",776
"ENSG00000124587",3465
"ENSG00000124588",2426
"ENSG00000124593",4479
"ENSG00000124596",6529
"ENSG00000124602",3278
"ENSG00000124608",5242
"ENSG00000124610",756
"ENSG00000124613",4797
"ENSG00000124614",2318
"ENSG00000124615",5372
"ENSG00000124635",4286
"ENSG00000124641",3278
"ENSG00000124657",942
"ENSG00000124659",1606
"ENSG00000124664",1914
"ENSG00000124678",3069
"ENSG00000124688",1848
"ENSG00000124701",1633
"ENSG00000124702",2019
"ENSG00000124713",1076
"ENSG00000124721",15348
"ENSG00000124731",6717
"ENSG00000124733",3017
"ENSG00000124743",5776
"ENSG00000124749",6906
"ENSG00000124762",3056
"ENSG00000124766",4869
"ENSG00000124767",2356
"ENSG00000124772",5772
"ENSG00000124780",2080
"ENSG00000124782",17254
"ENSG00000124783",11349
"ENSG00000124784",2940
"ENSG00000124785",2286
"ENSG00000124786",3990
"ENSG00000124787",1977
"ENSG00000124788",19278
"ENSG00000124789",6121
"ENSG00000124795",7249
"ENSG00000124802",2088
"ENSG00000124812",2007
"ENSG00000124813",8192
"ENSG00000124818",5078
"ENSG00000124827",2541
"ENSG00000124831",13363
"ENSG00000124835",2231
"ENSG00000124839",4761
"ENSG00000124875",2040
"ENSG00000124882",5713
"ENSG00000124900",1832
"ENSG00000124915",3513
"ENSG00000124920",10773
"ENSG00000124935",455
"ENSG00000124939",520
"ENSG00000124942",19466
"ENSG00000125037",4165
"ENSG00000125046",6293
"ENSG00000125084",2422
"ENSG00000125089",10601
"ENSG00000125107",10851
"ENSG00000125122",1634
"ENSG00000125124",16813
"ENSG00000125144",751
"ENSG00000125148",914
"ENSG00000125149",5987
"ENSG00000125166",3751
"ENSG00000125170",4786
"ENSG00000125207",5280
"ENSG00000125245",2000
"ENSG00000125246",8768
"ENSG00000125247",6574
"ENSG00000125249",5623
"ENSG00000125255",3350
"ENSG00000125257",8629
"ENSG00000125266",5005
"ENSG00000125285",2924
"ENSG00000125304",5711
"ENSG00000125319",3005
"ENSG00000125337",5892
"ENSG00000125347",12265
"ENSG00000125351",2531
"ENSG00000125352",1259
"ENSG00000125354",6245
"ENSG00000125355",3858
"ENSG00000125356",421
"ENSG00000125363",835
"ENSG00000125375",4564
"ENSG00000125378",3096
"ENSG00000125384",3689
"ENSG00000125385",403
"ENSG00000125386",6951
"ENSG00000125388",4736
"ENSG00000125398",3931
"ENSG00000125409",2600
"ENSG00000125414",6366
"ENSG00000125430",5369
"ENSG00000125434",3952
"ENSG00000125445",3327
"ENSG00000125447",6467
"ENSG00000125449",2830
"ENSG00000125450",5193
"ENSG00000125454",3316
"ENSG00000125457",3675
"ENSG00000125458",1533
"ENSG00000125459",4287
"ENSG00000125462",18058
"ENSG00000125482",3215
"ENSG00000125484",9041
"ENSG00000125485",5546
"ENSG00000125492",1906
"ENSG00000125498",1692
"ENSG00000125503",7803
"ENSG00000125505",5292
"ENSG00000125508",4082
"ENSG00000125510",3640
"ENSG00000125514",2394
"ENSG00000125520",2874
"ENSG00000125522",3572
"ENSG00000125531",3612
"ENSG00000125533",1109
"ENSG00000125534",4907
"ENSG00000125538",3009
"ENSG00000125551",4036
"ENSG00000125571",931
"ENSG00000125611",3759
"ENSG00000125618",7371
"ENSG00000125629",3949
"ENSG00000125630",8997
"ENSG00000125631",1154
"ENSG00000125633",8065
"ENSG00000125637",13442
"ENSG00000125648",4881
"ENSG00000125650",3911
"ENSG00000125651",2876
"ENSG00000125652",1093
"ENSG00000125656",3635
"ENSG00000125657",1634
"ENSG00000125675",6449
"ENSG00000125676",10277
"ENSG00000125686",8608
"ENSG00000125691",6094
"ENSG00000125695",2128
"ENSG00000125703",3116
"ENSG00000125726",1530
"ENSG00000125730",11577
"ENSG00000125731",5591
"ENSG00000125733",3986
"ENSG00000125734",3190
"ENSG00000125735",5938
"ENSG00000125740",5553
"ENSG00000125741",9619
"ENSG00000125743",1441
"ENSG00000125744",3227
"ENSG00000125746",8173
"ENSG00000125753",3544
"ENSG00000125755",10563
"ENSG00000125772",7507
"ENSG00000125775",2553
"ENSG00000125779",9125
"ENSG00000125780",2694
"ENSG00000125787",823
"ENSG00000125788",434
"ENSG00000125798",2719
"ENSG00000125804",20013
"ENSG00000125810",7383
"ENSG00000125812",5462
"ENSG00000125813",5850
"ENSG00000125814",5234
"ENSG00000125815",910
"ENSG00000125816",1738
"ENSG00000125817",2890
"ENSG00000125818",10361
"ENSG00000125820",2123
"ENSG00000125821",6416
"ENSG00000125823",1265
"ENSG00000125826",10757
"ENSG00000125827",6557
"ENSG00000125831",585
"ENSG00000125834",6839
"ENSG00000125835",5153
"ENSG00000125841",3202
"ENSG00000125843",5842
"ENSG00000125844",6980
"ENSG00000125845",3545
"ENSG00000125846",5730
"ENSG00000125848",5191
"ENSG00000125850",2203
"ENSG00000125851",7029
"ENSG00000125861",1561
"ENSG00000125863",7040
"ENSG00000125864",3371
"ENSG00000125868",3639
"ENSG00000125869",2042
"ENSG00000125870",2608
"ENSG00000125871",2231
"ENSG00000125872",4864
"ENSG00000125875",9775
"ENSG00000125877",1942
"ENSG00000125878",1006
"ENSG00000125879",2198
"ENSG00000125885",7691
"ENSG00000125888",1358
"ENSG00000125895",2516
"ENSG00000125898",2722
"ENSG00000125899",3279
"ENSG00000125900",823
"ENSG00000125901",1016
"ENSG00000125903",698
"ENSG00000125910",1663
"ENSG00000125912",4175
"ENSG00000125931",1760
"ENSG00000125944",8704
"ENSG00000125945",4786
"ENSG00000125952",6257
"ENSG00000125954",2076
"ENSG00000125962",4911
"ENSG00000125965",2631
"ENSG00000125966",4376
"ENSG00000125967",4342
"ENSG00000125968",1713
"ENSG00000125970",7513
"ENSG00000125971",2553
"ENSG00000125975",1450
"ENSG00000125977",2556
"ENSG00000125991",5995
"ENSG00000125995",702
"ENSG00000125997",1178
"ENSG00000125998",3169
"ENSG00000125999",3015
"ENSG00000126001",19802
"ENSG00000126003",5656
"ENSG00000126005",5520
"ENSG00000126010",2417
"ENSG00000126012",12331
"ENSG00000126016",8518
"ENSG00000126062",2107
"ENSG00000126067",4528
"ENSG00000126070",21153
"ENSG00000126088",4029
"ENSG00000126091",19448
"ENSG00000126106",3561
"ENSG00000126107",5072
"ENSG00000126214",19251
"ENSG00000126215",7507
"ENSG00000126216",7248
"ENSG00000126217",23158
"ENSG00000126218",2371
"ENSG00000126226",6246
"ENSG00000126231",1675
"ENSG00000126233",527
"ENSG00000126243",5115
"ENSG00000126246",2203
"ENSG00000126247",3100
"ENSG00000126249",1416
"ENSG00000126251",1724
"ENSG00000126254",2206
"ENSG00000126259",3409
"ENSG00000126261",4815
"ENSG00000126262",2193
"ENSG00000126264",564
"ENSG00000126266",5597
"ENSG00000126267",1369
"ENSG00000126337",1911
"ENSG00000126351",7334
"ENSG00000126353",5196
"ENSG00000126368",2630
"ENSG00000126391",4069
"ENSG00000126432",860
"ENSG00000126453",2833
"ENSG00000126456",3794
"ENSG00000126457",4796
"ENSG00000126458",1102
"ENSG00000126460",1700
"ENSG00000126461",4464
"ENSG00000126464",7554
"ENSG00000126467",2367
"ENSG00000126500",4178
"ENSG00000126522",6031
"ENSG00000126524",2806
"ENSG00000126545",998
"ENSG00000126549",2140
"ENSG00000126550",3784
"ENSG00000126561",6385
"ENSG00000126562",5287
"ENSG00000126581",6414
"ENSG00000126583",3964
"ENSG00000126602",5183
"ENSG00000126603",4657
"ENSG00000126653",4806
"ENSG00000126698",2891
"ENSG00000126705",8297
"ENSG00000126709",936
"ENSG00000126733",7035
"ENSG00000126746",5181
"ENSG00000126749",5575
"ENSG00000126752",1223
"ENSG00000126756",1264
"ENSG00000126759",5617
"ENSG00000126767",3399
"ENSG00000126768",2601
"ENSG00000126773",22042
"ENSG00000126775",5025
"ENSG00000126777",17578
"ENSG00000126778",5439
"ENSG00000126785",4082
"ENSG00000126787",3597
"ENSG00000126790",3493
"ENSG00000126803",5504
"ENSG00000126804",6336
"ENSG00000126814",5514
"ENSG00000126821",3336
"ENSG00000126822",12077
"ENSG00000126838",6252
"ENSG00000126856",4275
"ENSG00000126858",6516
"ENSG00000126860",3086
"ENSG00000126861",3837
"ENSG00000126870",6687
"ENSG00000126878",5299
"ENSG00000126882",5921
"ENSG00000126883",24733
"ENSG00000126890",993
"ENSG00000126895",2293
"ENSG00000126903",2247
"ENSG00000126934",7767
"ENSG00000126945",2296
"ENSG00000126947",2125
"ENSG00000126950",2415
"ENSG00000126952",1658
"ENSG00000126953",3082
"ENSG00000126970",5651
"ENSG00000127022",13764
"ENSG00000127054",8216
"ENSG00000127074",5928
"ENSG00000127080",5033
"ENSG00000127081",5891
"ENSG00000127083",4324
"ENSG00000127084",5818
"ENSG00000127124",14625
"ENSG00000127125",3412
"ENSG00000127129",1649
"ENSG00000127152",8528
"ENSG00000127184",1969
"ENSG00000127191",3665
"ENSG00000127220",2162
"ENSG00000127241",13122
"ENSG00000127249",8988
"ENSG00000127252",1166
"ENSG00000127311",4603
"ENSG00000127314",16926
"ENSG00000127318",1173
"ENSG00000127324",2419
"ENSG00000127325",6863
"ENSG00000127328",12433
"ENSG00000127329",14538
"ENSG00000127334",9470
"ENSG00000127337",1781
"ENSG00000127362",1101
"ENSG00000127364",5018
"ENSG00000127366",1151
"ENSG00000127377",3181
"ENSG00000127399",1968
"ENSG00000127412",3624
"ENSG00000127415",4058
"ENSG00000127418",4342
"ENSG00000127419",3623
"ENSG00000127423",2408
"ENSG00000127445",4577
"ENSG00000127452",2913
"ENSG00000127463",15030
"ENSG00000127472",3342
"ENSG00000127481",24661
"ENSG00000127483",9815
"ENSG00000127507",8642
"ENSG00000127511",8779
"ENSG00000127515",1847
"ENSG00000127526",7290
"ENSG00000127527",8493
"ENSG00000127528",2820
"ENSG00000127529",960
"ENSG00000127530",12208
"ENSG00000127533",3334
"ENSG00000127540",2137
"ENSG00000127554",2701
"ENSG00000127561",3395
"ENSG00000127564",4974
"ENSG00000127578",4879
"ENSG00000127580",3651
"ENSG00000127585",3961
"ENSG00000127586",5916
"ENSG00000127588",985
"ENSG00000127589",1335
"ENSG00000127603",70573
"ENSG00000127616",15581
"ENSG00000127663",14732
"ENSG00000127666",2684
"ENSG00000127720",3644
"ENSG00000127743",1227
"ENSG00000127774",772
"ENSG00000127780",972
"ENSG00000127804",8934
"ENSG00000127824",3698
"ENSG00000127831",6891
"ENSG00000127837",3055
"ENSG00000127838",8220
"ENSG00000127863",5113
"ENSG00000127870",4442
"ENSG00000127884",1277
"ENSG00000127903",3474
"ENSG00000127914",26515
"ENSG00000127920",3019
"ENSG00000127922",10668
"ENSG00000127928",2302
"ENSG00000127946",8955
"ENSG00000127947",5525
"ENSG00000127948",6222
"ENSG00000127951",6480
"ENSG00000127952",2028
"ENSG00000127954",11248
"ENSG00000127955",24192
"ENSG00000127957",772
"ENSG00000127980",7838
"ENSG00000127989",4872
"ENSG00000127990",20876
"ENSG00000127993",6829
"ENSG00000127995",5260
"ENSG00000128000",9239
"ENSG00000128011",3579
"ENSG00000128016",1971
"ENSG00000128039",7702
"ENSG00000128040",766
"ENSG00000128045",2445
"ENSG00000128050",7516
"ENSG00000128052",6341
"ENSG00000128059",5439
"ENSG00000128159",7720
"ENSG00000128165",4289
"ENSG00000128185",1192
"ENSG00000128191",7326
"ENSG00000128203",3370
"ENSG00000128218",567
"ENSG00000128228",1059
"ENSG00000128242",3095
"ENSG00000128245",2392
"ENSG00000128250",1496
"ENSG00000128253",3007
"ENSG00000128254",7574
"ENSG00000128262",1285
"ENSG00000128266",3677
"ENSG00000128268",5789
"ENSG00000128271",4190
"ENSG00000128272",2616
"ENSG00000128274",3358
"ENSG00000128276",1501
"ENSG00000128283",2540
"ENSG00000128284",6442
"ENSG00000128285",2436
"ENSG00000128294",6913
"ENSG00000128298",5825
"ENSG00000128309",6759
"ENSG00000128310",1147
"ENSG00000128311",1877
"ENSG00000128313",1438
"ENSG00000128322",898
"ENSG00000128335",3417
"ENSG00000128340",2616
"ENSG00000128342",3871
"ENSG00000128346",2283
"ENSG00000128383",2011
"ENSG00000128394",5215
"ENSG00000128408",1826
"ENSG00000128422",2996
"ENSG00000128438",1573
"ENSG00000128463",4445
"ENSG00000128482",3652
"ENSG00000128487",21248
"ENSG00000128510",3958
"ENSG00000128512",11774
"ENSG00000128513",8717
"ENSG00000128519",997
"ENSG00000128524",762
"ENSG00000128534",17309
"ENSG00000128536",9726
"ENSG00000128563",3696
"ENSG00000128564",2680
"ENSG00000128567",6893
"ENSG00000128573",16537
"ENSG00000128578",5877
"ENSG00000128581",6585
"ENSG00000128585",12874
"ENSG00000128590",2538
"ENSG00000128591",9652
"ENSG00000128594",4403
"ENSG00000128595",6342
"ENSG00000128596",6238
"ENSG00000128602",4750
"ENSG00000128604",7100
"ENSG00000128606",2827
"ENSG00000128607",6583
"ENSG00000128609",13738
"ENSG00000128610",2942
"ENSG00000128617",1106
"ENSG00000128626",1754
"ENSG00000128641",9533
"ENSG00000128645",1886
"ENSG00000128652",3698
"ENSG00000128654",1717
"ENSG00000128655",12528
"ENSG00000128656",9402
"ENSG00000128683",8242
"ENSG00000128692",984
"ENSG00000128694",3583
"ENSG00000128699",5384
"ENSG00000128708",6794
"ENSG00000128709",1871
"ENSG00000128710",2488
"ENSG00000128713",2116
"ENSG00000128714",2416
"ENSG00000128731",20190
"ENSG00000128739",3408
"ENSG00000128789",12490
"ENSG00000128791",4435
"ENSG00000128805",6776
"ENSG00000128815",13681
"ENSG00000128829",11988
"ENSG00000128833",10051
"ENSG00000128849",8653
"ENSG00000128872",11595
"ENSG00000128881",11646
"ENSG00000128886",2500
"ENSG00000128891",8645
"ENSG00000128908",17829
"ENSG00000128915",16010
"ENSG00000128917",4754
"ENSG00000128918",8127
"ENSG00000128923",9454
"ENSG00000128928",6857
"ENSG00000128944",3696
"ENSG00000128951",3674
"ENSG00000128965",2051
"ENSG00000128973",7344
"ENSG00000128989",6836
"ENSG00000129003",19703
"ENSG00000129007",5007
"ENSG00000129009",2632
"ENSG00000129028",2047
"ENSG00000129038",3637
"ENSG00000129048",2669
"ENSG00000129055",2356
"ENSG00000129071",3353
"ENSG00000129083",5098
"ENSG00000129084",3713
"ENSG00000129103",4101
"ENSG00000129116",10128
"ENSG00000129128",6829
"ENSG00000129151",2464
"ENSG00000129152",1803
"ENSG00000129158",3387
"ENSG00000129159",14417
"ENSG00000129167",5664
"ENSG00000129170",1633
"ENSG00000129173",4134
"ENSG00000129187",3349
"ENSG00000129194",1465
"ENSG00000129195",2797
"ENSG00000129197",7431
"ENSG00000129204",11676
"ENSG00000129214",1971
"ENSG00000129219",4832
"ENSG00000129221",3985
"ENSG00000129226",2163
"ENSG00000129235",3557
"ENSG00000129244",3464
"ENSG00000129245",4357
"ENSG00000129250",8578
"ENSG00000129255",3290
"ENSG00000129292",20571
"ENSG00000129295",4280
"ENSG00000129315",7371
"ENSG00000129317",14014
"ENSG00000129347",4254
"ENSG00000129351",10962
"ENSG00000129353",4952
"ENSG00000129354",2214
"ENSG00000129355",1505
"ENSG00000129422",12044
"ENSG00000129437",1190
"ENSG00000129450",2541
"ENSG00000129451",3798
"ENSG00000129455",1865
"ENSG00000129460",6677
"ENSG00000129465",3229
"ENSG00000129467",8067
"ENSG00000129472",3597
"ENSG00000129473",4840
"ENSG00000129474",5885
"ENSG00000129480",2967
"ENSG00000129484",4062
"ENSG00000129493",10214
"ENSG00000129514",4414
"ENSG00000129515",4083
"ENSG00000129518",2007
"ENSG00000129521",7363
"ENSG00000129534",6250
"ENSG00000129535",4554
"ENSG00000129538",1083
"ENSG00000129559",3787
"ENSG00000129562",761
"ENSG00000129566",11400
"ENSG00000129595",8578
"ENSG00000129596",1894
"ENSG00000129625",3974
"ENSG00000129636",7719
"ENSG00000129646",6070
"ENSG00000129654",2587
"ENSG00000129657",10356
"ENSG00000129667",7055
"ENSG00000129673",2156
"ENSG00000129675",5278
"ENSG00000129680",6885
"ENSG00000129682",20720
"ENSG00000129691",5659
"ENSG00000129696",3806
"ENSG00000129744",1467
"ENSG00000129749",2703
"ENSG00000129757",2480
"ENSG00000129810",3742
"ENSG00000129816",1645
"ENSG00000129824",2159
"ENSG00000129845",1162
"ENSG00000129862",540
"ENSG00000129864",510
"ENSG00000129873",1961
"ENSG00000129910",4647
"ENSG00000129911",2966
"ENSG00000129925",4428
"ENSG00000129932",2121
"ENSG00000129933",10996
"ENSG00000129946",4162
"ENSG00000129951",2719
"ENSG00000129965",1826
"ENSG00000129968",6163
"ENSG00000129988",1825
"ENSG00000129990",5198
"ENSG00000129991",2152
"ENSG00000129993",5975
"ENSG00000130005",2403
"ENSG00000130021",3821
"ENSG00000130023",4267
"ENSG00000130024",5982
"ENSG00000130032",6524
"ENSG00000130035",4431
"ENSG00000130037",2910
"ENSG00000130038",12466
"ENSG00000130045",2384
"ENSG00000130052",5558
"ENSG00000130054",4928
"ENSG00000130055",2638
"ENSG00000130066",2482
"ENSG00000130119",11949
"ENSG00000130147",7085
"ENSG00000130150",5676
"ENSG00000130158",12478
"ENSG00000130159",6294
"ENSG00000130164",7825
"ENSG00000130165",4167
"ENSG00000130167",1559
"ENSG00000130173",945
"ENSG00000130175",5170
"ENSG00000130176",2837
"ENSG00000130177",3959
"ENSG00000130182",3297
"ENSG00000130193",3035
"ENSG00000130202",3742
"ENSG00000130203",2154
"ENSG00000130204",3610
"ENSG00000130208",1178
"ENSG00000130222",1323
"ENSG00000130224",4953
"ENSG00000130226",17955
"ENSG00000130227",6918
"ENSG00000130234",9739
"ENSG00000130244",4640
"ENSG00000130254",6036
"ENSG00000130255",2271
"ENSG00000130270",7014
"ENSG00000130283",2579
"ENSG00000130287",6920
"ENSG00000130294",18058
"ENSG00000130299",4528
"ENSG00000130300",2295
"ENSG00000130303",1101
"ENSG00000130304",8204
"ENSG00000130305",3374
"ENSG00000130307",5137
"ENSG00000130309",6108
"ENSG00000130311",4593
"ENSG00000130312",1523
"ENSG00000130313",2840
"ENSG00000130332",1686
"ENSG00000130338",12285
"ENSG00000130340",15256
"ENSG00000130347",3185
"ENSG00000130348",5453
"ENSG00000130349",2294
"ENSG00000130363",9363
"ENSG00000130368",11111
"ENSG00000130377",3447
"ENSG00000130382",4854
"ENSG00000130383",1992
"ENSG00000130385",1262
"ENSG00000130396",13749
"ENSG00000130402",6125
"ENSG00000130413",7672
"ENSG00000130414",19359
"ENSG00000130427",1662
"ENSG00000130429",5581
"ENSG00000130433",2501
"ENSG00000130449",5518
"ENSG00000130475",7319
"ENSG00000130477",11180
"ENSG00000130479",4933
"ENSG00000130487",5125
"ENSG00000130508",11266
"ENSG00000130511",2974
"ENSG00000130513",2087
"ENSG00000130517",7509
"ENSG00000130518",9144
"ENSG00000130520",2861
"ENSG00000130522",1929
"ENSG00000130528",2657
"ENSG00000130529",6604
"ENSG00000130538",948
"ENSG00000130540",2859
"ENSG00000130544",5759
"ENSG00000130545",1600
"ENSG00000130558",6125
"ENSG00000130559",8960
"ENSG00000130560",2972
"ENSG00000130561",11885
"ENSG00000130584",7086
"ENSG00000130589",12066
"ENSG00000130590",2450
"ENSG00000130592",6221
"ENSG00000130595",2717
"ENSG00000130598",1088
"ENSG00000130600",3463
"ENSG00000130612",1003
"ENSG00000130635",11160
"ENSG00000130638",5098
"ENSG00000130640",14147
"ENSG00000130643",3010
"ENSG00000130649",9622
"ENSG00000130653",9845
"ENSG00000130656",1160
"ENSG00000130669",7101
"ENSG00000130675",4214
"ENSG00000130684",4855
"ENSG00000130695",5145
"ENSG00000130699",10272
"ENSG00000130700",2620
"ENSG00000130701",2799
"ENSG00000130702",14291
"ENSG00000130703",13047
"ENSG00000130706",2142
"ENSG00000130707",3018
"ENSG00000130711",2481
"ENSG00000130713",8594
"ENSG00000130714",12766
"ENSG00000130717",2684
"ENSG00000130720",4056
"ENSG00000130724",3654
"ENSG00000130725",1743
"ENSG00000130726",4306
"ENSG00000130731",1830
"ENSG00000130733",2518
"ENSG00000130734",2278
"ENSG00000130741",4081
"ENSG00000130748",655
"ENSG00000130749",6526
"ENSG00000130751",2565
"ENSG00000130755",1388
"ENSG00000130758",4884
"ENSG00000130762",5324
"ENSG00000130764",4509
"ENSG00000130766",3462
"ENSG00000130768",2663
"ENSG00000130770",2225
"ENSG00000130772",2017
"ENSG00000130775",4621
"ENSG00000130779",18596
"ENSG00000130783",4280
"ENSG00000130787",7072
"ENSG00000130803",5048
"ENSG00000130810",2888
"ENSG00000130811",3489
"ENSG00000130812",2063
"ENSG00000130813",4341
"ENSG00000130816",15379
"ENSG00000130818",7546
"ENSG00000130821",5697
"ENSG00000130822",5077
"ENSG00000130826",9198
"ENSG00000130827",11710
"ENSG00000130829",2769
"ENSG00000130830",5396
"ENSG00000130844",8686
"ENSG00000130856",11254
"ENSG00000130876",3111
"ENSG00000130881",5346
"ENSG00000130921",8318
"ENSG00000130935",4615
"ENSG00000130939",9237
"ENSG00000130940",11336
"ENSG00000130943",7681
"ENSG00000130948",2577
"ENSG00000130950",2559
"ENSG00000130956",4088
"ENSG00000130957",1336
"ENSG00000130958",3827
"ENSG00000130962",7105
"ENSG00000130985",6437
"ENSG00000130988",2811
"ENSG00000130997",7721
"ENSG00000131002",1574
"ENSG00000131007",2666
"ENSG00000131013",2889
"ENSG00000131015",1335
"ENSG00000131016",8775
"ENSG00000131018",47523
"ENSG00000131019",3111
"ENSG00000131023",8492
"ENSG00000131037",5341
"ENSG00000131042",3819
"ENSG00000131043",7291
"ENSG00000131044",6206
"ENSG00000131050",1173
"ENSG00000131051",11974
"ENSG00000131055",669
"ENSG00000131059",2529
"ENSG00000131061",5575
"ENSG00000131067",2962
"ENSG00000131068",1175
"ENSG00000131069",5248
"ENSG00000131080",3616
"ENSG00000131089",14543
"ENSG00000131094",1527
"ENSG00000131095",11229
"ENSG00000131096",1186
"ENSG00000131097",872
"ENSG00000131100",3143
"ENSG00000131115",5069
"ENSG00000131116",1553
"ENSG00000131126",1597
"ENSG00000131127",12944
"ENSG00000131142",2006
"ENSG00000131143",4816
"ENSG00000131148",4021
"ENSG00000131149",13376
"ENSG00000131152",953
"ENSG00000131153",3219
"ENSG00000131165",7228
"ENSG00000131171",2145
"ENSG00000131174",3025
"ENSG00000131183",4529
"ENSG00000131187",5652
"ENSG00000131188",1753
"ENSG00000131196",9068
"ENSG00000131203",3488
"ENSG00000131233",2439
"ENSG00000131236",3814
"ENSG00000131238",3372
"ENSG00000131242",15326
"ENSG00000131263",10627
"ENSG00000131264",1642
"ENSG00000131269",5364
"ENSG00000131323",11883
"ENSG00000131351",5533
"ENSG00000131355",4020
"ENSG00000131368",18309
"ENSG00000131370",4616
"ENSG00000131373",3060
"ENSG00000131374",11269
"ENSG00000131375",5596
"ENSG00000131378",4769
"ENSG00000131379",3452
"ENSG00000131381",7925
"ENSG00000131386",6398
"ENSG00000131389",8254
"ENSG00000131398",6794
"ENSG00000131400",3586
"ENSG00000131401",1266
"ENSG00000131408",5341
"ENSG00000131409",3511
"ENSG00000131435",3167
"ENSG00000131437",6860
"ENSG00000131446",11499
"ENSG00000131459",4721
"ENSG00000131462",4316
"ENSG00000131467",5154
"ENSG00000131469",2026
"ENSG00000131470",2578
"ENSG00000131471",4524
"ENSG00000131473",5208
"ENSG00000131475",2391
"ENSG00000131477",1115
"ENSG00000131480",2677
"ENSG00000131482",4365
"ENSG00000131495",1474
"ENSG00000131503",11124
"ENSG00000131504",7364
"ENSG00000131507",5747
"ENSG00000131508",4161
"ENSG00000131538",1224
"ENSG00000131548",1430
"ENSG00000131558",10017
"ENSG00000131584",8707
"ENSG00000131591",6322
"ENSG00000131620",6268
"ENSG00000131626",11714
"ENSG00000131634",1954
"ENSG00000131650",2339
"ENSG00000131652",1860
"ENSG00000131653",4489
"ENSG00000131668",1755
"ENSG00000131669",2604
"ENSG00000131686",2662
"ENSG00000131697",13167
"ENSG00000131711",12540
"ENSG00000131721",2848
"ENSG00000131724",4650
"ENSG00000131725",4202
"ENSG00000131730",2702
"ENSG00000131732",5130
"ENSG00000131737",1635
"ENSG00000131738",1616
"ENSG00000131746",4873
"ENSG00000131747",6374
"ENSG00000131748",5852
"ENSG00000131759",4743
"ENSG00000131771",4543
"ENSG00000131773",8770
"ENSG00000131778",4301
"ENSG00000131779",1718
"ENSG00000131781",5984
"ENSG00000131788",4806
"ENSG00000131791",5460
"ENSG00000131797",1303
"ENSG00000131808",1953
"ENSG00000131828",4953
"ENSG00000131831",2622
"ENSG00000131844",20778
"ENSG00000131845",4645
"ENSG00000131848",8039
"ENSG00000131849",3660
"ENSG00000131864",3952
"ENSG00000131871",4044
"ENSG00000131873",5667
"ENSG00000131876",3669
"ENSG00000131885",1299
"ENSG00000131899",6628
"ENSG00000131910",1165
"ENSG00000131914",3975
"ENSG00000131931",2462
"ENSG00000131941",4805
"ENSG00000131943",5327
"ENSG00000131944",2735
"ENSG00000131951",8635
"ENSG00000131966",4039
"ENSG00000131969",4551
"ENSG00000131979",2925
"ENSG00000131981",2199
"ENSG00000131982",429
"ENSG00000132000",4168
"ENSG00000132002",9168
"ENSG00000132003",4754
"ENSG00000132004",2103
"ENSG00000132005",5473
"ENSG00000132010",4096
"ENSG00000132016",3840
"ENSG00000132017",2944
"ENSG00000132024",8646
"ENSG00000132026",2678
"ENSG00000132031",3151
"ENSG00000132109",1935
"ENSG00000132122",5938
"ENSG00000132128",8614
"ENSG00000132141",4285
"ENSG00000132153",7744
"ENSG00000132155",19732
"ENSG00000132164",6680
"ENSG00000132170",11981
"ENSG00000132182",13322
"ENSG00000132185",3275
"ENSG00000132196",4784
"ENSG00000132199",11390
"ENSG00000132204",11279
"ENSG00000132205",6469
"ENSG00000132207",2481
"ENSG00000132254",5312
"ENSG00000132256",5350
"ENSG00000132259",2220
"ENSG00000132274",12556
"ENSG00000132275",6921
"ENSG00000132286",2989
"ENSG00000132294",6192
"ENSG00000132297",5443
"ENSG00000132300",10123
"ENSG00000132305",3688
"ENSG00000132313",3825
"ENSG00000132321",5968
"ENSG00000132323",4749
"ENSG00000132326",7088
"ENSG00000132329",1147
"ENSG00000132330",11698
"ENSG00000132334",11193
"ENSG00000132341",4667
"ENSG00000132356",6553
"ENSG00000132357",4275
"ENSG00000132359",8090
"ENSG00000132361",6900
"ENSG00000132376",5173
"ENSG00000132382",5958
"ENSG00000132383",5492
"ENSG00000132386",2990
"ENSG00000132388",4586
"ENSG00000132394",2394
"ENSG00000132405",6260
"ENSG00000132406",1748
"ENSG00000132423",1448
"ENSG00000132424",11292
"ENSG00000132429",2280
"ENSG00000132432",1842
"ENSG00000132434",5341
"ENSG00000132436",4956
"ENSG00000132437",3084
"ENSG00000132446",809
"ENSG00000132463",7736
"ENSG00000132464",5807
"ENSG00000132465",1546
"ENSG00000132466",12041
"ENSG00000132467",2020
"ENSG00000132470",6761
"ENSG00000132471",5399
"ENSG00000132475",6134
"ENSG00000132478",5540
"ENSG00000132481",3145
"ENSG00000132485",4985
"ENSG00000132507",2685
"ENSG00000132510",7392
"ENSG00000132514",2469
"ENSG00000132517",3934
"ENSG00000132518",4022
"ENSG00000132522",3089
"ENSG00000132530",6615
"ENSG00000132535",10277
"ENSG00000132541",1497
"ENSG00000132549",20919
"ENSG00000132554",6294
"ENSG00000132561",6941
"ENSG00000132563",3244
"ENSG00000132570",8324
"ENSG00000132581",3213
"ENSG00000132589",3390
"ENSG00000132591",2240
"ENSG00000132600",13884
"ENSG00000132603",4744
"ENSG00000132604",5634
"ENSG00000132612",6895
"ENSG00000132613",4979
"ENSG00000132622",3133
"ENSG00000132623",5869
"ENSG00000132631",596
"ENSG00000132635",2320
"ENSG00000132639",20369
"ENSG00000132640",6228
"ENSG00000132646",1403
"ENSG00000132661",1062
"ENSG00000132664",6754
"ENSG00000132669",8271
"ENSG00000132670",3911
"ENSG00000132671",3926
"ENSG00000132676",4588
"ENSG00000132677",3384
"ENSG00000132680",5646
"ENSG00000132681",6271
"ENSG00000132688",5568
"ENSG00000132692",4765
"ENSG00000132693",2015
"ENSG00000132694",9878
"ENSG00000132698",1689
"ENSG00000132702",2204
"ENSG00000132703",925
"ENSG00000132704",5058
"ENSG00000132716",7605
"ENSG00000132718",5182
"ENSG00000132740",9715
"ENSG00000132744",1371
"ENSG00000132746",3607
"ENSG00000132749",5789
"ENSG00000132763",5049
"ENSG00000132768",2930
"ENSG00000132773",2358
"ENSG00000132780",8304
"ENSG00000132781",5980
"ENSG00000132792",4069
"ENSG00000132793",4667
"ENSG00000132801",2776
"ENSG00000132819",2697
"ENSG00000132821",1952
"ENSG00000132823",2249
"ENSG00000132824",4649
"ENSG00000132825",3643
"ENSG00000132837",5296
"ENSG00000132840",3735
"ENSG00000132842",27069
"ENSG00000132846",6476
"ENSG00000132849",11813
"ENSG00000132854",6814
"ENSG00000132855",3371
"ENSG00000132872",4308
"ENSG00000132874",4736
"ENSG00000132879",3527
"ENSG00000132881",1574
"ENSG00000132906",5269
"ENSG00000132911",2331
"ENSG00000132912",8003
"ENSG00000132915",7417
"ENSG00000132932",24302
"ENSG00000132938",8454
"ENSG00000132950",3726
"ENSG00000132952",5125
"ENSG00000132953",10497
"ENSG00000132958",3051
"ENSG00000132963",4921
"ENSG00000132964",4741
"ENSG00000132965",1680
"ENSG00000132967",642
"ENSG00000132970",5182
"ENSG00000132972",5617
"ENSG00000132975",5299
"ENSG00000133019",15173
"ENSG00000133020",6041
"ENSG00000133026",32700
"ENSG00000133027",1720
"ENSG00000133028",10299
"ENSG00000133030",18404
"ENSG00000133048",3363
"ENSG00000133055",1818
"ENSG00000133056",10169
"ENSG00000133059",8010
"ENSG00000133063",7732
"ENSG00000133065",6378
"ENSG00000133067",4685
"ENSG00000133069",5822
"ENSG00000133083",14374
"ENSG00000133101",2251
"ENSG00000133103",8048
"ENSG00000133104",6534
"ENSG00000133105",3336
"ENSG00000133106",4924
"ENSG00000133107",8155
"ENSG00000133110",5464
"ENSG00000133111",2308
"ENSG00000133112",7183
"ENSG00000133114",10842
"ENSG00000133115",1998
"ENSG00000133116",5064
"ENSG00000133119",2858
"ENSG00000133121",8386
"ENSG00000133124",16618
"ENSG00000133131",6019
"ENSG00000133134",1137
"ENSG00000133135",3418
"ENSG00000133136",1276
"ENSG00000133138",9515
"ENSG00000133142",2511
"ENSG00000133169",795
"ENSG00000133193",3162
"ENSG00000133195",5583
"ENSG00000133216",12516
"ENSG00000133226",7994
"ENSG00000133243",5934
"ENSG00000133246",3291
"ENSG00000133247",4776
"ENSG00000133250",2761
"ENSG00000133256",5097
"ENSG00000133265",2167
"ENSG00000133275",3781
"ENSG00000133302",6863
"ENSG00000133313",11822
"ENSG00000133315",2096
"ENSG00000133316",4247
"ENSG00000133317",2302
"ENSG00000133318",5792
"ENSG00000133321",3627
"ENSG00000133328",738
"ENSG00000133392",17946
"ENSG00000133393",2392
"ENSG00000133398",1864
"ENSG00000133401",15922
"ENSG00000133422",10817
"ENSG00000133424",14081
"ENSG00000133433",1108
"ENSG00000133454",9710
"ENSG00000133460",8893
"ENSG00000133466",7144
"ENSG00000133475",1845
"ENSG00000133477",16389
"ENSG00000133488",2635
"ENSG00000133519",1403
"ENSG00000133561",3913
"ENSG00000133574",2099
"ENSG00000133597",3110
"ENSG00000133606",5843
"ENSG00000133612",11299
"ENSG00000133619",5337
"ENSG00000133624",565
"ENSG00000133627",6024
"ENSG00000133636",1555
"ENSG00000133639",4855
"ENSG00000133640",8793
"ENSG00000133641",6395
"ENSG00000133657",22838
"ENSG00000133661",4238
"ENSG00000133665",2465
"ENSG00000133678",2996
"ENSG00000133687",14681
"ENSG00000133703",9230
"ENSG00000133704",6809
"ENSG00000133706",20639
"ENSG00000133710",4780
"ENSG00000133731",4405
"ENSG00000133739",5001
"ENSG00000133740",5999
"ENSG00000133742",4068
"ENSG00000133773",3518
"ENSG00000133789",7192
"ENSG00000133794",6934
"ENSG00000133800",3515
"ENSG00000133805",6849
"ENSG00000133812",29111
"ENSG00000133816",20192
"ENSG00000133818",3456
"ENSG00000133835",24901
"ENSG00000133858",9432
"ENSG00000133863",11869
"ENSG00000133872",2999
"ENSG00000133874",1872
"ENSG00000133878",1971
"ENSG00000133884",9155
"ENSG00000133895",5102
"ENSG00000133935",2320
"ENSG00000133937",1140
"ENSG00000133943",7212
"ENSG00000133958",12663
"ENSG00000133961",10965
"ENSG00000133962",5635
"ENSG00000133980",3678
"ENSG00000133983",1917
"ENSG00000133985",5094
"ENSG00000133997",4219
"ENSG00000134001",5320
"ENSG00000134007",2795
"ENSG00000134013",5985
"ENSG00000134014",6374
"ENSG00000134020",1335
"ENSG00000134028",2438
"ENSG00000134030",8115
"ENSG00000134042",5525
"ENSG00000134046",5686
"ENSG00000134049",4233
"ENSG00000134056",1559
"ENSG00000134057",2433
"ENSG00000134058",2416
"ENSG00000134061",5668
"ENSG00000134070",3431
"ENSG00000134072",2715
"ENSG00000134077",5236
"ENSG00000134086",5372
"ENSG00000134107",3516
"ENSG00000134108",3546
"ENSG00000134109",6737
"ENSG00000134115",5507
"ENSG00000134121",11694
"ENSG00000134138",11897
"ENSG00000134146",9347
"ENSG00000134152",7311
"ENSG00000134153",1452
"ENSG00000134160",7339
"ENSG00000134183",1718
"ENSG00000134184",2512
"ENSG00000134186",6955
"ENSG00000134193",3414
"ENSG00000134198",3413
"ENSG00000134200",528
"ENSG00000134201",6067
"ENSG00000134202",4750
"ENSG00000134207",5065
"ENSG00000134215",7306
"ENSG00000134216",4643
"ENSG00000134222",2855
"ENSG00000134240",2565
"ENSG00000134242",4497
"ENSG00000134243",9127
"ENSG00000134245",12374
"ENSG00000134247",6488
"ENSG00000134248",2388
"ENSG00000134249",2983
"ENSG00000134250",16744
"ENSG00000134253",4368
"ENSG00000134255",8657
"ENSG00000134256",3904
"ENSG00000134258",3027
"ENSG00000134259",4110
"ENSG00000134262",6277
"ENSG00000134265",5589
"ENSG00000134278",6505
"ENSG00000134283",12155
"ENSG00000134285",4957
"ENSG00000134287",4938
"ENSG00000134291",3475
"ENSG00000134294",6509
"ENSG00000134297",1524
"ENSG00000134308",2701
"ENSG00000134313",28513
"ENSG00000134317",7952
"ENSG00000134318",11657
"ENSG00000134321",5659
"ENSG00000134323",2755
"ENSG00000134324",11861
"ENSG00000134326",4390
"ENSG00000134330",5901
"ENSG00000134333",6026
"ENSG00000134339",2242
"ENSG00000134343",7795
"ENSG00000134352",12060
"ENSG00000134363",2752
"ENSG00000134365",5840
"ENSG00000134369",23081
"ENSG00000134371",10592
"ENSG00000134375",3504
"ENSG00000134376",12721
"ENSG00000134389",4705
"ENSG00000134398",4740
"ENSG00000134419",6679
"ENSG00000134438",3786
"ENSG00000134440",4089
"ENSG00000134443",861
"ENSG00000134444",10722
"ENSG00000134452",6676
"ENSG00000134453",6372
"ENSG00000134460",3962
"ENSG00000134461",3060
"ENSG00000134463",2185
"ENSG00000134470",3633
"ENSG00000134480",6080
"ENSG00000134489",3664
"ENSG00000134490",5193
"ENSG00000134504",8845
"ENSG00000134508",6874
"ENSG00000134516",14613
"ENSG00000134531",7833
"ENSG00000134532",11289
"ENSG00000134533",4157
"ENSG00000134538",2787
"ENSG00000134539",17412
"ENSG00000134545",2727
"ENSG00000134548",7242
"ENSG00000134551",3261
"ENSG00000134569",8748
"ENSG00000134571",4268
"ENSG00000134574",4842
"ENSG00000134575",3484
"ENSG00000134588",5608
"ENSG00000134590",1192
"ENSG00000134594",945
"ENSG00000134595",2085
"ENSG00000134597",2782
"ENSG00000134602",3317
"ENSG00000134612",2135
"ENSG00000134627",4498
"ENSG00000134640",2025
"ENSG00000134644",6621
"ENSG00000134668",7056
"ENSG00000134684",9775
"ENSG00000134686",5550
"ENSG00000134690",2406
"ENSG00000134697",5747
"ENSG00000134698",7423
"ENSG00000134709",9374
"ENSG00000134716",2973
"ENSG00000134717",5948
"ENSG00000134744",16199
"ENSG00000134748",5617
"ENSG00000134755",13345
"ENSG00000134757",5579
"ENSG00000134758",3776
"ENSG00000134759",11060
"ENSG00000134760",7398
"ENSG00000134762",7699
"ENSG00000134765",4271
"ENSG00000134769",14445
"ENSG00000134775",8131
"ENSG00000134779",10569
"ENSG00000134780",5799
"ENSG00000134802",4517
"ENSG00000134809",776
"ENSG00000134812",2402
"ENSG00000134815",8473
"ENSG00000134817",3674
"ENSG00000134824",10553
"ENSG00000134825",3082
"ENSG00000134827",1500
"ENSG00000134830",6776
"ENSG00000134851",7048
"ENSG00000134852",11533
"ENSG00000134853",9547
"ENSG00000134864",3526
"ENSG00000134871",19737
"ENSG00000134873",3385
"ENSG00000134874",8473
"ENSG00000134882",4673
"ENSG00000134884",5783
"ENSG00000134897",7952
"ENSG00000134899",11043
"ENSG00000134900",21753
"ENSG00000134901",7335
"ENSG00000134905",10436
"ENSG00000134909",12968
"ENSG00000134910",7369
"ENSG00000134917",4141
"ENSG00000134940",1963
"ENSG00000134954",7149
"ENSG00000134955",6340
"ENSG00000134962",6002
"ENSG00000134970",4055
"ENSG00000134982",13867
"ENSG00000134986",9308
"ENSG00000134987",7051
"ENSG00000134996",1348
"ENSG00000135002",3868
"ENSG00000135018",6867
"ENSG00000135040",6805
"ENSG00000135045",2351
"ENSG00000135046",4689
"ENSG00000135047",6113
"ENSG00000135048",9254
"ENSG00000135049",4939
"ENSG00000135052",4233
"ENSG00000135063",9559
"ENSG00000135069",2206
"ENSG00000135070",3251
"ENSG00000135074",7704
"ENSG00000135077",5311
"ENSG00000135083",9223
"ENSG00000135090",10532
"ENSG00000135093",5142
"ENSG00000135094",3005
"ENSG00000135097",3074
"ENSG00000135100",5028
"ENSG00000135108",6885
"ENSG00000135111",5960
"ENSG00000135114",6399
"ENSG00000135116",6853
"ENSG00000135119",7621
"ENSG00000135124",7951
"ENSG00000135127",6117
"ENSG00000135144",4366
"ENSG00000135148",3898
"ENSG00000135164",9369
"ENSG00000135175",830
"ENSG00000135185",3270
"ENSG00000135205",4459
"ENSG00000135211",877
"ENSG00000135218",10880
"ENSG00000135220",3075
"ENSG00000135222",1114
"ENSG00000135226",1857
"ENSG00000135241",5673
"ENSG00000135245",2070
"ENSG00000135248",2489
"ENSG00000135249",3571
"ENSG00000135250",7756
"ENSG00000135253",12525
"ENSG00000135269",4267
"ENSG00000135272",6027
"ENSG00000135297",13313
"ENSG00000135298",7635
"ENSG00000135299",8686
"ENSG00000135312",2568
"ENSG00000135314",3331
"ENSG00000135315",5426
"ENSG00000135316",10452
"ENSG00000135317",25158
"ENSG00000135318",4533
"ENSG00000135324",2137
"ENSG00000135333",16460
"ENSG00000135334",2235
"ENSG00000135336",4205
"ENSG00000135338",5964
"ENSG00000135341",9530
"ENSG00000135346",1984
"ENSG00000135355",2408
"ENSG00000135362",6616
"ENSG00000135363",2896
"ENSG00000135365",25046
"ENSG00000135372",5227
"ENSG00000135373",6617
"ENSG00000135374",4913
"ENSG00000135378",5543
"ENSG00000135387",9095
"ENSG00000135390",3904
"ENSG00000135392",4190
"ENSG00000135404",2422
"ENSG00000135406",2618
"ENSG00000135407",5919
"ENSG00000135409",3656
"ENSG00000135413",882
"ENSG00000135414",8801
"ENSG00000135423",4141
"ENSG00000135424",9080
"ENSG00000135426",5044
"ENSG00000135436",4756
"ENSG00000135437",2983
"ENSG00000135439",7224
"ENSG00000135441",1655
"ENSG00000135443",2713
"ENSG00000135446",3094
"ENSG00000135447",3984
"ENSG00000135451",3954
"ENSG00000135452",5251
"ENSG00000135454",7888
"ENSG00000135457",4177
"ENSG00000135469",3211
"ENSG00000135472",6057
"ENSG00000135473",7282
"ENSG00000135476",8885
"ENSG00000135477",1464
"ENSG00000135480",3999
"ENSG00000135482",8363
"ENSG00000135486",6697
"ENSG00000135502",2070
"ENSG00000135503",5658
"ENSG00000135506",8692
"ENSG00000135517",3553
"ENSG00000135519",4496
"ENSG00000135521",1853
"ENSG00000135525",5447
"ENSG00000135535",6861
"ENSG00000135537",8353
"ENSG00000135540",8741
"ENSG00000135541",31596
"ENSG00000135547",2689
"ENSG00000135549",3432
"ENSG00000135569",1150
"ENSG00000135577",3301
"ENSG00000135587",2053
"ENSG00000135596",6841
"ENSG00000135597",9602
"ENSG00000135604",5758
"ENSG00000135605",4004
"ENSG00000135617",1404
"ENSG00000135622",9067
"ENSG00000135624",3585
"ENSG00000135625",2373
"ENSG00000135631",7058
"ENSG00000135632",3364
"ENSG00000135636",8743
"ENSG00000135637",5801
"ENSG00000135638",5472
"ENSG00000135643",4860
"ENSG00000135655",19418
"ENSG00000135677",6268
"ENSG00000135678",7535
"ENSG00000135679",8306
"ENSG00000135686",10009
"ENSG00000135697",2689
"ENSG00000135698",2188
"ENSG00000135702",3554
"ENSG00000135709",8758
"ENSG00000135720",8089
"ENSG00000135722",3129
"ENSG00000135723",5230
"ENSG00000135736",2551
"ENSG00000135740",5420
"ENSG00000135744",12703
"ENSG00000135747",3197
"ENSG00000135749",13827
"ENSG00000135750",3527
"ENSG00000135763",5989
"ENSG00000135766",5381
"ENSG00000135773",2593
"ENSG00000135775",10946
"ENSG00000135776",4268
"ENSG00000135778",15854
"ENSG00000135801",6464
"ENSG00000135821",12287
"ENSG00000135823",6477
"ENSG00000135824",6700
"ENSG00000135828",6125
"ENSG00000135829",5898
"ENSG00000135835",10452
"ENSG00000135837",29822
"ENSG00000135838",4975
"ENSG00000135842",8330
"ENSG00000135845",5225
"ENSG00000135862",8446
"ENSG00000135870",11698
"ENSG00000135898",4146
"ENSG00000135899",10685
"ENSG00000135900",1689
"ENSG00000135902",3132
"ENSG00000135903",7942
"ENSG00000135905",12033
"ENSG00000135912",7695
"ENSG00000135913",9280
"ENSG00000135914",2170
"ENSG00000135916",2569
"ENSG00000135917",7769
"ENSG00000135919",8957
"ENSG00000135924",5841
"ENSG00000135925",2920
"ENSG00000135926",5093
"ENSG00000135929",2983
"ENSG00000135930",11481
"ENSG00000135931",23371
"ENSG00000135932",5363
"ENSG00000135940",1419
"ENSG00000135945",7769
"ENSG00000135951",7375
"ENSG00000135953",5577
"ENSG00000135956",6555
"ENSG00000135960",4426
"ENSG00000135966",5706
"ENSG00000135968",19079
"ENSG00000135972",1829
"ENSG00000135973",1725
"ENSG00000135974",6057
"ENSG00000135976",10670
"ENSG00000135999",6742
"ENSG00000136002",10095
"ENSG00000136003",4423
"ENSG00000136010",9493
"ENSG00000136011",9280
"ENSG00000136014",5372
"ENSG00000136021",7472
"ENSG00000136026",3666
"ENSG00000136040",10033
"ENSG00000136044",5088
"ENSG00000136045",2804
"ENSG00000136048",3940
"ENSG00000136051",7694
"ENSG00000136052",5903
"ENSG00000136059",6416
"ENSG00000136068",29144
"ENSG00000136098",4008
"ENSG00000136099",5150
"ENSG00000136100",7299
"ENSG00000136104",26360
"ENSG00000136108",4547
"ENSG00000136110",1636
"ENSG00000136111",8032
"ENSG00000136114",3705
"ENSG00000136122",3189
"ENSG00000136141",8610
"ENSG00000136143",8879
"ENSG00000136144",4509
"ENSG00000136146",2590
"ENSG00000136147",4835
"ENSG00000136149",612
"ENSG00000136152",6087
"ENSG00000136153",14371
"ENSG00000136155",4205
"ENSG00000136156",10661
"ENSG00000136158",3213
"ENSG00000136159",1938
"ENSG00000136160",5608
"ENSG00000136161",3541
"ENSG00000136167",5076
"ENSG00000136169",6640
"ENSG00000136193",6048
"ENSG00000136197",2622
"ENSG00000136205",12569
"ENSG00000136206",3296
"ENSG00000136213",16116
"ENSG00000136231",8535
"ENSG00000136235",5906
"ENSG00000136237",10257
"ENSG00000136238",8276
"ENSG00000136240",3930
"ENSG00000136243",4145
"ENSG00000136244",4321
"ENSG00000136247",3557
"ENSG00000136250",7151
"ENSG00000136261",3662
"ENSG00000136267",9491
"ENSG00000136270",5803
"ENSG00000136271",3681
"ENSG00000136273",5571
"ENSG00000136274",4973
"ENSG00000136275",808
"ENSG00000136279",12587
"ENSG00000136280",8193
"ENSG00000136286",8717
"ENSG00000136295",6119
"ENSG00000136297",2465
"ENSG00000136305",2821
"ENSG00000136315",1069
"ENSG00000136319",9672
"ENSG00000136327",1843
"ENSG00000136352",3165
"ENSG00000136367",9926
"ENSG00000136371",3027
"ENSG00000136378",7760
"ENSG00000136379",3620
"ENSG00000136381",10803
"ENSG00000136383",10261
"ENSG00000136404",2496
"ENSG00000136425",2137
"ENSG00000136436",10773
"ENSG00000136444",4137
"ENSG00000136448",8564
"ENSG00000136449",6477
"ENSG00000136450",5781
"ENSG00000136451",4913
"ENSG00000136457",1742
"ENSG00000136463",2347
"ENSG00000136478",9053
"ENSG00000136485",12752
"ENSG00000136487",1156
"ENSG00000136488",1660
"ENSG00000136490",4751
"ENSG00000136492",19639
"ENSG00000136504",16574
"ENSG00000136514",1501
"ENSG00000136518",3668
"ENSG00000136521",5871
"ENSG00000136522",1365
"ENSG00000136527",13084
"ENSG00000136531",24087
"ENSG00000136535",9397
"ENSG00000136536",6288
"ENSG00000136541",4354
"ENSG00000136542",10991
"ENSG00000136546",9728
"ENSG00000136560",5586
"ENSG00000136573",4984
"ENSG00000136574",4443
"ENSG00000136603",8118
"ENSG00000136628",5323
"ENSG00000136630",5629
"ENSG00000136631",12971
"ENSG00000136634",4342
"ENSG00000136636",5017
"ENSG00000136643",6191
"ENSG00000136682",8323
"ENSG00000136688",1373
"ENSG00000136689",3734
"ENSG00000136694",890
"ENSG00000136695",3209
"ENSG00000136696",1871
"ENSG00000136697",1590
"ENSG00000136698",1672
"ENSG00000136699",9171
"ENSG00000136709",14575
"ENSG00000136710",4440
"ENSG00000136715",4373
"ENSG00000136717",6862
"ENSG00000136718",3366
"ENSG00000136720",4974
"ENSG00000136731",11349
"ENSG00000136732",3609
"ENSG00000136738",4130
"ENSG00000136750",5890
"ENSG00000136754",4218
"ENSG00000136758",7359
"ENSG00000136770",2490
"ENSG00000136783",2588
"ENSG00000136802",5209
"ENSG00000136807",3005
"ENSG00000136810",1010
"ENSG00000136811",6376
"ENSG00000136813",8456
"ENSG00000136816",2907
"ENSG00000136819",5099
"ENSG00000136824",6470
"ENSG00000136826",3662
"ENSG00000136827",3998
"ENSG00000136828",10507
"ENSG00000136830",4617
"ENSG00000136834",969
"ENSG00000136839",957
"ENSG00000136840",2633
"ENSG00000136842",3676
"ENSG00000136848",9978
"ENSG00000136854",11406
"ENSG00000136856",3928
"ENSG00000136859",3625
"ENSG00000136861",27056
"ENSG00000136866",6357
"ENSG00000136867",2473
"ENSG00000136868",5145
"ENSG00000136869",13277
"ENSG00000136870",3455
"ENSG00000136872",3904
"ENSG00000136874",8912
"ENSG00000136875",4418
"ENSG00000136877",4098
"ENSG00000136878",5511
"ENSG00000136881",4734
"ENSG00000136883",3069
"ENSG00000136888",3455
"ENSG00000136891",7264
"ENSG00000136895",9695
"ENSG00000136897",3336
"ENSG00000136908",2503
"ENSG00000136918",1387
"ENSG00000136925",5668
"ENSG00000136928",7343
"ENSG00000136929",2192
"ENSG00000136930",1788
"ENSG00000136931",3412
"ENSG00000136932",8045
"ENSG00000136933",3429
"ENSG00000136935",6085
"ENSG00000136936",1816
"ENSG00000136937",5506
"ENSG00000136938",1870
"ENSG00000136939",936
"ENSG00000136940",3351
"ENSG00000136942",1535
"ENSG00000136943",7329
"ENSG00000136944",6345
"ENSG00000136950",3610
"ENSG00000136960",6729
"ENSG00000136982",2487
"ENSG00000136986",6954
"ENSG00000136997",6109
"ENSG00000136999",2614
"ENSG00000137033",3253
"ENSG00000137038",2728
"ENSG00000137040",4601
"ENSG00000137054",2499
"ENSG00000137055",5315
"ENSG00000137070",5257
"ENSG00000137073",12402
"ENSG00000137074",15614
"ENSG00000137075",6138
"ENSG00000137076",9927
"ENSG00000137077",980
"ENSG00000137078",1277
"ENSG00000137080",1024
"ENSG00000137090",3253
"ENSG00000137094",5891
"ENSG00000137098",2722
"ENSG00000137100",3740
"ENSG00000137101",2925
"ENSG00000137103",16221
"ENSG00000137106",7226
"ENSG00000137124",3117
"ENSG00000137133",2395
"ENSG00000137135",6405
"ENSG00000137142",3566
"ENSG00000137145",9481
"ENSG00000137154",2696
"ENSG00000137161",1431
"ENSG00000137166",8078
"ENSG00000137168",1589
"ENSG00000137171",6417
"ENSG00000137177",11138
"ENSG00000137185",3710
"ENSG00000137193",3030
"ENSG00000137198",2225
"ENSG00000137200",5276
"ENSG00000137203",8220
"ENSG00000137204",3528
"ENSG00000137207",3043
"ENSG00000137210",4815
"ENSG00000137216",4425
"ENSG00000137218",2858
"ENSG00000137221",6741
"ENSG00000137225",3548
"ENSG00000137251",2159
"ENSG00000137252",1961
"ENSG00000137261",7208
"ENSG00000137265",5965
"ENSG00000137266",8926
"ENSG00000137267",2907
"ENSG00000137269",4901
"ENSG00000137270",2780
"ENSG00000137273",2451
"ENSG00000137274",5801
"ENSG00000137275",12173
"ENSG00000137285",4160
"ENSG00000137288",4689
"ENSG00000137309",2327
"ENSG00000137310",5628
"ENSG00000137312",3185
"ENSG00000137331",1350
"ENSG00000137337",7622
"ENSG00000137338",3100
"ENSG00000137343",4035
"ENSG00000137364",3184
"ENSG00000137392",601
"ENSG00000137393",5171
"ENSG00000137404",2018
"ENSG00000137409",14126
"ENSG00000137411",6467
"ENSG00000137413",13168
"ENSG00000137414",5382
"ENSG00000137434",891
"ENSG00000137440",1351
"ENSG00000137441",1187
"ENSG00000137449",7370
"ENSG00000137460",6597
"ENSG00000137462",5795
"ENSG00000137463",1224
"ENSG00000137473",3353
"ENSG00000137474",10443
"ENSG00000137478",5245
"ENSG00000137486",9888
"ENSG00000137491",10277
"ENSG00000137492",8802
"ENSG00000137494",6751
"ENSG00000137496",5851
"ENSG00000137497",15224
"ENSG00000137500",6560
"ENSG00000137501",11258
"ENSG00000137502",11832
"ENSG00000137504",7580
"ENSG00000137507",4459
"ENSG00000137509",23408
"ENSG00000137513",16377
"ENSG00000137522",3250
"ENSG00000137547",1773
"ENSG00000137558",7159
"ENSG00000137561",2684
"ENSG00000137563",10619
"ENSG00000137571",9907
"ENSG00000137573",9372
"ENSG00000137574",4562
"ENSG00000137575",4777
"ENSG00000137601",16336
"ENSG00000137628",17337
"ENSG00000137634",2187
"ENSG00000137642",19408
"ENSG00000137648",10294
"ENSG00000137656",2195
"ENSG00000137672",5616
"ENSG00000137673",2320
"ENSG00000137674",2554
"ENSG00000137675",1876
"ENSG00000137691",2647
"ENSG00000137692",13069
"ENSG00000137693",6311
"ENSG00000137699",10040
"ENSG00000137700",6510
"ENSG00000137707",2331
"ENSG00000137709",6700
"ENSG00000137710",8518
"ENSG00000137713",6686
"ENSG00000137714",3144
"ENSG00000137720",3514
"ENSG00000137726",4986
"ENSG00000137727",7139
"ENSG00000137731",5608
"ENSG00000137745",2832
"ENSG00000137747",5369
"ENSG00000137752",3965
"ENSG00000137757",1592
"ENSG00000137760",4501
"ENSG00000137764",5031
"ENSG00000137766",9733
"ENSG00000137767",2941
"ENSG00000137770",9277
"ENSG00000137776",8178
"ENSG00000137801",9158
"ENSG00000137802",10357
"ENSG00000137804",3608
"ENSG00000137806",3991
"ENSG00000137807",6576
"ENSG00000137809",10866
"ENSG00000137812",10250
"ENSG00000137814",4305
"ENSG00000137815",5779
"ENSG00000137817",7646
"ENSG00000137818",3252
"ENSG00000137819",6259
"ENSG00000137821",9992
"ENSG00000137822",11171
"ENSG00000137824",5114
"ENSG00000137825",2093
"ENSG00000137831",10996
"ENSG00000137834",8556
"ENSG00000137841",7349
"ENSG00000137842",4746
"ENSG00000137843",6697
"ENSG00000137845",15979
"ENSG00000137857",8784
"ENSG00000137860",5189
"ENSG00000137868",7669
"ENSG00000137869",8428
"ENSG00000137871",12118
"ENSG00000137872",8523
"ENSG00000137875",1319
"ENSG00000137876",6600
"ENSG00000137877",12312
"ENSG00000137878",6909
"ENSG00000137880",1481
"ENSG00000137936",6919
"ENSG00000137941",10547
"ENSG00000137942",5811
"ENSG00000137944",2196
"ENSG00000137947",2524
"ENSG00000137948",4635
"ENSG00000137955",5920
"ENSG00000137959",11610
"ENSG00000137960",3904
"ENSG00000137962",18370
"ENSG00000137965",2038
"ENSG00000137968",6299
"ENSG00000137970",747
"ENSG00000137975",4406
"ENSG00000137976",1524
"ENSG00000137992",11616
"ENSG00000137996",3028
"ENSG00000138002",15968
"ENSG00000138018",8489
"ENSG00000138028",4052
"ENSG00000138029",4277
"ENSG00000138030",3025
"ENSG00000138031",6456
"ENSG00000138032",7105
"ENSG00000138035",5291
"ENSG00000138036",4618
"ENSG00000138039",5000
"ENSG00000138050",3823
"ENSG00000138061",6024
"ENSG00000138068",1444
"ENSG00000138069",3313
"ENSG00000138071",4041
"ENSG00000138073",3212
"ENSG00000138074",5588
"ENSG00000138075",3720
"ENSG00000138078",8156
"ENSG00000138079",6541
"ENSG00000138080",3905
"ENSG00000138081",12759
"ENSG00000138083",2713
"ENSG00000138085",2005
"ENSG00000138092",5518
"ENSG00000138095",34689
"ENSG00000138100",2727
"ENSG00000138101",7146
"ENSG00000138107",4655
"ENSG00000138109",4058
"ENSG00000138111",3526
"ENSG00000138115",2509
"ENSG00000138119",8490
"ENSG00000138131",3597
"ENSG00000138134",6323
"ENSG00000138135",1689
"ENSG00000138136",1770
"ENSG00000138138",5745
"ENSG00000138152",2413
"ENSG00000138160",5322
"ENSG00000138161",2837
"ENSG00000138162",18855
"ENSG00000138166",2535
"ENSG00000138172",3108
"ENSG00000138175",3834
"ENSG00000138180",3291
"ENSG00000138182",6871
"ENSG00000138185",14344
"ENSG00000138190",6487
"ENSG00000138193",27189
"ENSG00000138207",1458
"ENSG00000138231",5769
"ENSG00000138246",9630
"ENSG00000138271",1566
"ENSG00000138279",2862
"ENSG00000138286",7520
"ENSG00000138303",5916
"ENSG00000138308",1564
"ENSG00000138311",4960
"ENSG00000138315",2365
"ENSG00000138316",5566
"ENSG00000138326",7829
"ENSG00000138336",9612
"ENSG00000138346",4925
"ENSG00000138347",8477
"ENSG00000138356",5410
"ENSG00000138363",3789
"ENSG00000138375",12079
"ENSG00000138376",7572
"ENSG00000138378",8521
"ENSG00000138379",2819
"ENSG00000138380",10112
"ENSG00000138381",2485
"ENSG00000138382",2865
"ENSG00000138385",5054
"ENSG00000138386",4887
"ENSG00000138395",6172
"ENSG00000138398",10923
"ENSG00000138399",5692
"ENSG00000138400",2891
"ENSG00000138411",23675
"ENSG00000138413",4699
"ENSG00000138430",6001
"ENSG00000138433",3178
"ENSG00000138434",9685
"ENSG00000138435",4979
"ENSG00000138439",6205
"ENSG00000138442",9619
"ENSG00000138443",23275
"ENSG00000138448",19336
"ENSG00000138449",4218
"ENSG00000138459",4828
"ENSG00000138463",3322
"ENSG00000138468",6396
"ENSG00000138472",1164
"ENSG00000138483",1197
"ENSG00000138495",1911
"ENSG00000138496",8938
"ENSG00000138587",2511
"ENSG00000138592",20641
"ENSG00000138593",8583
"ENSG00000138594",10632
"ENSG00000138600",15501
"ENSG00000138604",6630
"ENSG00000138606",4904
"ENSG00000138613",5443
"ENSG00000138614",4210
"ENSG00000138615",5678
"ENSG00000138617",3726
"ENSG00000138621",3750
"ENSG00000138622",6922
"ENSG00000138623",3800
"ENSG00000138629",1885
"ENSG00000138639",7870
"ENSG00000138640",13215
"ENSG00000138641",6966
"ENSG00000138642",5779
"ENSG00000138646",4764
"ENSG00000138650",10182
"ENSG00000138653",3719
"ENSG00000138658",9103
"ENSG00000138660",6504
"ENSG00000138663",3566
"ENSG00000138668",7013
"ENSG00000138669",5221
"ENSG00000138670",10183
"ENSG00000138674",9297
"ENSG00000138675",5958
"ENSG00000138678",3623
"ENSG00000138684",3292
"ENSG00000138685",6801
"ENSG00000138686",4930
"ENSG00000138688",45272
"ENSG00000138696",6561
"ENSG00000138698",5421
"ENSG00000138709",9592
"ENSG00000138722",5510
"ENSG00000138735",9586
"ENSG00000138738",9517
"ENSG00000138741",9210
"ENSG00000138744",5115
"ENSG00000138750",15569
"ENSG00000138755",2761
"ENSG00000138756",9931
"ENSG00000138757",13799
"ENSG00000138758",9740
"ENSG00000138759",20323
"ENSG00000138760",19388
"ENSG00000138764",7416
"ENSG00000138767",9353
"ENSG00000138768",4604
"ENSG00000138769",5290
"ENSG00000138771",13829
"ENSG00000138772",4895
"ENSG00000138777",4640
"ENSG00000138778",9928
"ENSG00000138780",6292
"ENSG00000138785",3895
"ENSG00000138792",7720
"ENSG00000138794",1943
"ENSG00000138795",5361
"ENSG00000138796",12881
"ENSG00000138798",7628
"ENSG00000138801",3260
"ENSG00000138802",5219
"ENSG00000138813",3253
"ENSG00000138814",5213
"ENSG00000138821",8482
"ENSG00000138823",5123
"ENSG00000138829",17837
"ENSG00000138834",11666
"ENSG00000138835",13152
"ENSG00000138867",4395
"ENSG00000138892",2651
"ENSG00000138942",3447
"ENSG00000138944",6853
"ENSG00000138964",8621
"ENSG00000139044",7292
"ENSG00000139053",727
"ENSG00000139055",1877
"ENSG00000139083",7230
"ENSG00000139112",4053
"ENSG00000139116",10117
"ENSG00000139117",5120
"ENSG00000139131",2147
"ENSG00000139132",11445
"ENSG00000139133",4202
"ENSG00000139144",6090
"ENSG00000139146",5575
"ENSG00000139151",3431
"ENSG00000139154",6768
"ENSG00000139155",4883
"ENSG00000139160",6868
"ENSG00000139163",13301
"ENSG00000139168",9545
"ENSG00000139173",3440
"ENSG00000139174",8223
"ENSG00000139178",4979
"ENSG00000139180",10391
"ENSG00000139182",6730
"ENSG00000139187",2593
"ENSG00000139190",3270
"ENSG00000139192",3188
"ENSG00000139193",1322
"ENSG00000139194",3027
"ENSG00000139197",5488
"ENSG00000139200",3282
"ENSG00000139209",4145
"ENSG00000139211",3964
"ENSG00000139218",14035
"ENSG00000139219",6662
"ENSG00000139220",8573
"ENSG00000139223",1064
"ENSG00000139233",7975
"ENSG00000139239",645
"ENSG00000139263",5875
"ENSG00000139266",4004
"ENSG00000139269",3046
"ENSG00000139278",6210
"ENSG00000139287",6929
"ENSG00000139289",5913
"ENSG00000139291",6494
"ENSG00000139292",5223
"ENSG00000139304",12412
"ENSG00000139318",3859
"ENSG00000139323",8769
"ENSG00000139324",7327
"ENSG00000139329",2671
"ENSG00000139330",2203
"ENSG00000139343",2417
"ENSG00000139344",2652
"ENSG00000139350",4496
"ENSG00000139351",3829
"ENSG00000139352",2481
"ENSG00000139354",7425
"ENSG00000139364",16153
"ENSG00000139370",5468
"ENSG00000139372",4885
"ENSG00000139405",2309
"ENSG00000139410",2073
"ENSG00000139428",6018
"ENSG00000139433",2746
"ENSG00000139436",13524
"ENSG00000139437",9054
"ENSG00000139438",4113
"ENSG00000139445",3536
"ENSG00000139496",13395
"ENSG00000139505",5253
"ENSG00000139508",3776
"ENSG00000139514",7688
"ENSG00000139515",2603
"ENSG00000139517",4815
"ENSG00000139531",5008
"ENSG00000139537",2374
"ENSG00000139540",2903
"ENSG00000139546",4090
"ENSG00000139547",3464
"ENSG00000139549",4683
"ENSG00000139567",5606
"ENSG00000139572",2043
"ENSG00000139574",670
"ENSG00000139579",2201
"ENSG00000139597",6053
"ENSG00000139610",953
"ENSG00000139613",9179
"ENSG00000139618",14435
"ENSG00000139620",3576
"ENSG00000139624",6766
"ENSG00000139625",7971
"ENSG00000139626",4451
"ENSG00000139629",7347
"ENSG00000139631",4405
"ENSG00000139636",5462
"ENSG00000139637",2500
"ENSG00000139641",5285
"ENSG00000139644",6186
"ENSG00000139645",11096
"ENSG00000139648",2263
"ENSG00000139651",9060
"ENSG00000139668",16199
"ENSG00000139675",1343
"ENSG00000139679",4350
"ENSG00000139684",3527
"ENSG00000139687",6445
"ENSG00000139697",11128
"ENSG00000139714",3856
"ENSG00000139718",8557
"ENSG00000139719",8300
"ENSG00000139722",5634
"ENSG00000139725",6181
"ENSG00000139726",3526
"ENSG00000139734",7383
"ENSG00000139737",4430
"ENSG00000139746",10122
"ENSG00000139767",12227
"ENSG00000139780",1625
"ENSG00000139793",5201
"ENSG00000139797",1380
"ENSG00000139800",4497
"ENSG00000139826",5313
"ENSG00000139832",1507
"ENSG00000139835",2917
"ENSG00000139842",7813
"ENSG00000139865",8602
"ENSG00000139874",4390
"ENSG00000139880",3748
"ENSG00000139890",2240
"ENSG00000139899",2692
"ENSG00000139908",1925
"ENSG00000139910",10328
"ENSG00000139914",1971
"ENSG00000139915",8404
"ENSG00000139921",4608
"ENSG00000139926",9416
"ENSG00000139946",6240
"ENSG00000139970",6019
"ENSG00000139971",7565
"ENSG00000139973",15237
"ENSG00000139974",5518
"ENSG00000139977",7642
"ENSG00000139985",3251
"ENSG00000139988",2355
"ENSG00000139990",8295
"ENSG00000139998",4937
"ENSG00000140006",3218
"ENSG00000140009",11938
"ENSG00000140015",12313
"ENSG00000140022",13009
"ENSG00000140025",8302
"ENSG00000140030",4511
"ENSG00000140043",6984
"ENSG00000140044",6259
"ENSG00000140057",4984
"ENSG00000140067",2119
"ENSG00000140090",14777
"ENSG00000140092",6264
"ENSG00000140093",5464
"ENSG00000140104",5225
"ENSG00000140105",6356
"ENSG00000140107",1840
"ENSG00000140153",7325
"ENSG00000140157",5331
"ENSG00000140199",10508
"ENSG00000140254",3722
"ENSG00000140259",2261
"ENSG00000140262",9446
"ENSG00000140263",12428
"ENSG00000140264",9185
"ENSG00000140265",6652
"ENSG00000140274",2549
"ENSG00000140279",9662
"ENSG00000140280",1874
"ENSG00000140284",2792
"ENSG00000140285",6516
"ENSG00000140287",3895
"ENSG00000140297",6476
"ENSG00000140299",7774
"ENSG00000140307",3204
"ENSG00000140319",2047
"ENSG00000140320",5449
"ENSG00000140323",12752
"ENSG00000140326",5448
"ENSG00000140332",12617
"ENSG00000140350",7544
"ENSG00000140365",6650
"ENSG00000140367",3830
"ENSG00000140368",5110
"ENSG00000140374",9591
"ENSG00000140379",995
"ENSG00000140382",6403
"ENSG00000140386",11610
"ENSG00000140391",8400
"ENSG00000140395",7188
"ENSG00000140396",10009
"ENSG00000140398",6939
"ENSG00000140400",9124
"ENSG00000140403",6591
"ENSG00000140406",4866
"ENSG00000140416",14876
"ENSG00000140443",13941
"ENSG00000140450",4062
"ENSG00000140451",4656
"ENSG00000140455",7764
"ENSG00000140459",3397
"ENSG00000140463",8319
"ENSG00000140464",12672
"ENSG00000140465",3361
"ENSG00000140470",8390
"ENSG00000140471",7724
"ENSG00000140474",3514
"ENSG00000140478",3178
"ENSG00000140479",21740
"ENSG00000140481",7030
"ENSG00000140488",3616
"ENSG00000140497",5000
"ENSG00000140505",3132
"ENSG00000140506",4107
"ENSG00000140511",3489
"ENSG00000140519",2583
"ENSG00000140521",8280
"ENSG00000140522",1848
"ENSG00000140525",17853
"ENSG00000140526",10068
"ENSG00000140527",4054
"ENSG00000140534",8415
"ENSG00000140538",26773
"ENSG00000140543",6859
"ENSG00000140545",8325
"ENSG00000140548",5004
"ENSG00000140553",7498
"ENSG00000140557",5850
"ENSG00000140563",12978
"ENSG00000140564",4960
"ENSG00000140575",11507
"ENSG00000140577",10816
"ENSG00000140598",6695
"ENSG00000140600",3363
"ENSG00000140612",5492
"ENSG00000140623",2040
"ENSG00000140632",5416
"ENSG00000140650",12581
"ENSG00000140675",4468
"ENSG00000140678",7076
"ENSG00000140682",5403
"ENSG00000140688",3608
"ENSG00000140691",5545
"ENSG00000140694",14103
"ENSG00000140718",21379
"ENSG00000140740",4589
"ENSG00000140743",3950
"ENSG00000140749",3467
"ENSG00000140750",9903
"ENSG00000140795",10644
"ENSG00000140798",9897
"ENSG00000140807",17359
"ENSG00000140829",6310
"ENSG00000140830",3073
"ENSG00000140832",6347
"ENSG00000140835",2558
"ENSG00000140836",22347
"ENSG00000140839",2618
"ENSG00000140848",7737
"ENSG00000140853",12386
"ENSG00000140854",4576
"ENSG00000140859",9602
"ENSG00000140873",6598
"ENSG00000140876",1638
"ENSG00000140905",3640
"ENSG00000140931",3123
"ENSG00000140932",1151
"ENSG00000140937",13275
"ENSG00000140939",2994
"ENSG00000140941",5037
"ENSG00000140943",10274
"ENSG00000140945",11025
"ENSG00000140948",8369
"ENSG00000140950",8157
"ENSG00000140955",4111
"ENSG00000140961",5558
"ENSG00000140968",7847
"ENSG00000140983",5160
"ENSG00000140986",2758
"ENSG00000140987",4013
"ENSG00000140988",2388
"ENSG00000140990",1040
"ENSG00000140992",10913
"ENSG00000140993",4140
"ENSG00000140995",5793
"ENSG00000141002",7967
"ENSG00000141012",8402
"ENSG00000141013",5615
"ENSG00000141026",5985
"ENSG00000141027",15620
"ENSG00000141028",564
"ENSG00000141030",2972
"ENSG00000141034",5095
"ENSG00000141040",7997
"ENSG00000141052",8875
"ENSG00000141068",12196
"ENSG00000141076",5600
"ENSG00000141084",6341
"ENSG00000141086",2666
"ENSG00000141096",1738
"ENSG00000141098",8592
"ENSG00000141101",2101
"ENSG00000141127",4734
"ENSG00000141161",5679
"ENSG00000141179",5808
"ENSG00000141194",5127
"ENSG00000141198",7275
"ENSG00000141200",2267
"ENSG00000141219",4675
"ENSG00000141232",2521
"ENSG00000141252",42876
"ENSG00000141255",2860
"ENSG00000141258",9771
"ENSG00000141279",15362
"ENSG00000141293",2651
"ENSG00000141294",2819
"ENSG00000141295",2999
"ENSG00000141298",12696
"ENSG00000141314",5746
"ENSG00000141316",1252
"ENSG00000141337",6583
"ENSG00000141338",11246
"ENSG00000141349",7628
"ENSG00000141367",12243
"ENSG00000141371",1209
"ENSG00000141376",14101
"ENSG00000141378",4738
"ENSG00000141380",6144
"ENSG00000141384",4886
"ENSG00000141385",7133
"ENSG00000141391",2643
"ENSG00000141401",3819
"ENSG00000141404",8165
"ENSG00000141424",3683
"ENSG00000141425",8442
"ENSG00000141428",1616
"ENSG00000141429",5126
"ENSG00000141431",13636
"ENSG00000141433",3877
"ENSG00000141434",2582
"ENSG00000141437",1297
"ENSG00000141441",7966
"ENSG00000141446",5288
"ENSG00000141447",8021
"ENSG00000141448",3799
"ENSG00000141449",11277
"ENSG00000141452",3079
"ENSG00000141456",6577
"ENSG00000141458",9705
"ENSG00000141469",7182
"ENSG00000141480",4265
"ENSG00000141485",8824
"ENSG00000141497",3485
"ENSG00000141499",6009
"ENSG00000141503",7865
"ENSG00000141504",1643
"ENSG00000141505",3748
"ENSG00000141506",7506
"ENSG00000141510",7885
"ENSG00000141519",9961
"ENSG00000141522",2877
"ENSG00000141524",12902
"ENSG00000141526",9236
"ENSG00000141527",10969
"ENSG00000141540",5318
"ENSG00000141542",6164
"ENSG00000141543",5780
"ENSG00000141551",10993
"ENSG00000141552",4027
"ENSG00000141556",23081
"ENSG00000141560",2944
"ENSG00000141562",7896
"ENSG00000141564",10302
"ENSG00000141568",9986
"ENSG00000141569",3900
"ENSG00000141570",4125
"ENSG00000141574",2909
"ENSG00000141576",7913
"ENSG00000141577",3966
"ENSG00000141579",3158
"ENSG00000141580",3542
"ENSG00000141582",2891
"ENSG00000141622",11419
"ENSG00000141627",12343
"ENSG00000141639",7594
"ENSG00000141642",3970
"ENSG00000141644",6734
"ENSG00000141646",19633
"ENSG00000141655",8989
"ENSG00000141664",10213
"ENSG00000141665",6223
"ENSG00000141668",5483
"ENSG00000141682",2186
"ENSG00000141696",3683
"ENSG00000141698",2851
"ENSG00000141699",5145
"ENSG00000141736",10321
"ENSG00000141738",3597
"ENSG00000141741",2037
"ENSG00000141744",1162
"ENSG00000141748",3418
"ENSG00000141750",3430
"ENSG00000141753",2205
"ENSG00000141756",4211
"ENSG00000141759",5217
"ENSG00000141837",43262
"ENSG00000141854",2342
"ENSG00000141858",2295
"ENSG00000141867",13884
"ENSG00000141873",4428
"ENSG00000141905",10321
"ENSG00000141933",3642
"ENSG00000141934",6958
"ENSG00000141946",2627
"ENSG00000141956",12998
"ENSG00000141959",8926
"ENSG00000141965",9540
"ENSG00000141968",4311
"ENSG00000141971",3280
"ENSG00000141977",711
"ENSG00000141979",2567
"ENSG00000141985",3685
"ENSG00000141994",3629
"ENSG00000142002",11114
"ENSG00000142025",3389
"ENSG00000142039",3828
"ENSG00000142046",2487
"ENSG00000142065",7819
"ENSG00000142082",5553
"ENSG00000142089",2844
"ENSG00000142102",5269
"ENSG00000142149",8589
"ENSG00000142156",5536
"ENSG00000142163",948
"ENSG00000142166",15676
"ENSG00000142168",1975
"ENSG00000142173",5334
"ENSG00000142178",5210
"ENSG00000142182",1859
"ENSG00000142185",6360
"ENSG00000142186",4282
"ENSG00000142188",4458
"ENSG00000142192",6608
"ENSG00000142197",9030
"ENSG00000142207",11447
"ENSG00000142208",11110
"ENSG00000142224",6233
"ENSG00000142227",1753
"ENSG00000142230",3742
"ENSG00000142233",3115
"ENSG00000142235",6125
"ENSG00000142252",1909
"ENSG00000142273",1613
"ENSG00000142279",13613
"ENSG00000142303",5705
"ENSG00000142319",5786
"ENSG00000142327",7970
"ENSG00000142330",7456
"ENSG00000142347",11741
"ENSG00000142396",6117
"ENSG00000142405",6561
"ENSG00000142408",8850
"ENSG00000142409",3686
"ENSG00000142444",1785
"ENSG00000142449",9985
"ENSG00000142453",4420
"ENSG00000142459",6267
"ENSG00000142484",932
"ENSG00000142494",5719
"ENSG00000142507",1447
"ENSG00000142511",1269
"ENSG00000142512",3668
"ENSG00000142513",1342
"ENSG00000142515",4639
"ENSG00000142528",6898
"ENSG00000142530",1661
"ENSG00000142534",1409
"ENSG00000142538",454
"ENSG00000142539",1265
"ENSG00000142541",3228
"ENSG00000142544",2126
"ENSG00000142546",4477
"ENSG00000142549",3347
"ENSG00000142552",1703
"ENSG00000142556",5623
"ENSG00000142583",6632
"ENSG00000142599",14288
"ENSG00000142606",3870
"ENSG00000142609",10422
"ENSG00000142611",9767
"ENSG00000142615",1519
"ENSG00000142619",3189
"ENSG00000142621",13296
"ENSG00000142623",4903
"ENSG00000142627",4141
"ENSG00000142632",3788
"ENSG00000142634",2534
"ENSG00000142655",2932
"ENSG00000142657",3333
"ENSG00000142661",9214
"ENSG00000142669",876
"ENSG00000142675",3960
"ENSG00000142676",2659
"ENSG00000142677",2817
"ENSG00000142684",732
"ENSG00000142686",3049
"ENSG00000142687",20875
"ENSG00000142694",1242
"ENSG00000142698",3339
"ENSG00000142700",3168
"ENSG00000142731",4479
"ENSG00000142733",5507
"ENSG00000142748",2496
"ENSG00000142751",4966
"ENSG00000142765",5584
"ENSG00000142784",5911
"ENSG00000142789",1226
"ENSG00000142794",6812
"ENSG00000142798",18118
"ENSG00000142856",5863
"ENSG00000142864",7676
"ENSG00000142867",4346
"ENSG00000142871",3698
"ENSG00000142875",6844
"ENSG00000142892",5514
"ENSG00000142910",5281
"ENSG00000142920",9530
"ENSG00000142937",2781
"ENSG00000142945",3646
"ENSG00000142949",10712
"ENSG00000142959",3027
"ENSG00000142961",5832
"ENSG00000142973",3459
"ENSG00000143001",1825
"ENSG00000143006",2440
"ENSG00000143013",5421
"ENSG00000143028",4042
"ENSG00000143032",2044
"ENSG00000143033",5907
"ENSG00000143036",2869
"ENSG00000143061",7400
"ENSG00000143067",5579
"ENSG00000143079",7371
"ENSG00000143093",7344
"ENSG00000143105",1959
"ENSG00000143106",5734
"ENSG00000143107",3090
"ENSG00000143110",2768
"ENSG00000143119",2166
"ENSG00000143125",1393
"ENSG00000143126",12830
"ENSG00000143127",6242
"ENSG00000143147",11417
"ENSG00000143149",3007
"ENSG00000143153",12290
"ENSG00000143155",3186
"ENSG00000143156",5718
"ENSG00000143157",8463
"ENSG00000143158",2638
"ENSG00000143162",3286
"ENSG00000143164",6306
"ENSG00000143167",2946
"ENSG00000143171",2691
"ENSG00000143178",3810
"ENSG00000143179",6984
"ENSG00000143183",5326
"ENSG00000143184",1227
"ENSG00000143185",562
"ENSG00000143190",16031
"ENSG00000143194",3148
"ENSG00000143195",13946
"ENSG00000143196",1719
"ENSG00000143198",8052
"ENSG00000143199",6141
"ENSG00000143207",4177
"ENSG00000143217",3458
"ENSG00000143222",2100
"ENSG00000143224",4725
"ENSG00000143226",5422
"ENSG00000143228",3362
"ENSG00000143248",6624
"ENSG00000143252",1960
"ENSG00000143256",621
"ENSG00000143257",3247
"ENSG00000143258",3764
"ENSG00000143278",2893
"ENSG00000143294",4071
"ENSG00000143297",12414
"ENSG00000143303",3169
"ENSG00000143314",1695
"ENSG00000143315",7038
"ENSG00000143318",2157
"ENSG00000143319",6324
"ENSG00000143320",1082
"ENSG00000143321",3720
"ENSG00000143322",16676
"ENSG00000143324",8913
"ENSG00000143333",2408
"ENSG00000143337",4692
"ENSG00000143340",2781
"ENSG00000143341",18739
"ENSG00000143344",5306
"ENSG00000143353",2941
"ENSG00000143355",10442
"ENSG00000143363",3156
"ENSG00000143365",6517
"ENSG00000143367",3878
"ENSG00000143368",1704
"ENSG00000143369",3360
"ENSG00000143373",6324
"ENSG00000143374",4020
"ENSG00000143375",6616
"ENSG00000143376",16711
"ENSG00000143379",7375
"ENSG00000143382",6432
"ENSG00000143384",6222
"ENSG00000143387",8447
"ENSG00000143390",4555
"ENSG00000143393",5456
"ENSG00000143398",5405
"ENSG00000143401",3605
"ENSG00000143409",3622
"ENSG00000143412",1594
"ENSG00000143416",3476
"ENSG00000143418",4643
"ENSG00000143420",4619
"ENSG00000143429",761
"ENSG00000143434",5776
"ENSG00000143436",1740
"ENSG00000143437",6448
"ENSG00000143442",12192
"ENSG00000143443",2320
"ENSG00000143450",4633
"ENSG00000143452",2412
"ENSG00000143457",3334
"ENSG00000143458",9189
"ENSG00000143469",14480
"ENSG00000143473",12867
"ENSG00000143476",4923
"ENSG00000143479",10297
"ENSG00000143486",8066
"ENSG00000143493",5326
"ENSG00000143494",9086
"ENSG00000143498",2891
"ENSG00000143499",4889
"ENSG00000143502",5336
"ENSG00000143507",2827
"ENSG00000143512",3290
"ENSG00000143514",5979
"ENSG00000143515",7597
"ENSG00000143520",9124
"ENSG00000143536",1902
"ENSG00000143537",6584
"ENSG00000143543",1482
"ENSG00000143545",2751
"ENSG00000143546",891
"ENSG00000143549",15130
"ENSG00000143552",5884
"ENSG00000143553",1517
"ENSG00000143554",5470
"ENSG00000143556",486
"ENSG00000143569",7524
"ENSG00000143570",3388
"ENSG00000143575",3428
"ENSG00000143578",2902
"ENSG00000143590",1944
"ENSG00000143595",2292
"ENSG00000143603",13599
"ENSG00000143612",2670
"ENSG00000143614",9244
"ENSG00000143621",2261
"ENSG00000143622",4041
"ENSG00000143624",10467
"ENSG00000143627",3168
"ENSG00000143630",4241
"ENSG00000143631",12793
"ENSG00000143632",2381
"ENSG00000143633",5413
"ENSG00000143641",7712
"ENSG00000143643",4212
"ENSG00000143653",2141
"ENSG00000143669",28005
"ENSG00000143674",7960
"ENSG00000143702",11384
"ENSG00000143727",4160
"ENSG00000143740",10190
"ENSG00000143742",2220
"ENSG00000143748",4615
"ENSG00000143751",3987
"ENSG00000143753",2446
"ENSG00000143756",6020
"ENSG00000143761",3232
"ENSG00000143768",2286
"ENSG00000143771",5090
"ENSG00000143772",7072
"ENSG00000143774",4725
"ENSG00000143776",14233
"ENSG00000143786",6367
"ENSG00000143793",4308
"ENSG00000143797",8694
"ENSG00000143799",18399
"ENSG00000143801",16397
"ENSG00000143811",3602
"ENSG00000143815",5710
"ENSG00000143816",4005
"ENSG00000143819",2476
"ENSG00000143839",1749
"ENSG00000143842",7420
"ENSG00000143845",4513
"ENSG00000143847",9718
"ENSG00000143850",10933
"ENSG00000143851",5907
"ENSG00000143858",7811
"ENSG00000143862",1975
"ENSG00000143867",5279
"ENSG00000143869",9267
"ENSG00000143870",4096
"ENSG00000143878",2367
"ENSG00000143882",3502
"ENSG00000143889",5932
"ENSG00000143891",2616
"ENSG00000143919",3994
"ENSG00000143921",10179
"ENSG00000143924",8354
"ENSG00000143933",7113
"ENSG00000143942",1309
"ENSG00000143947",2941
"ENSG00000143951",13600
"ENSG00000143952",5447
"ENSG00000143954",1845
"ENSG00000143970",13238
"ENSG00000143971",7477
"ENSG00000143977",1764
"ENSG00000143994",4630
"ENSG00000143995",10942
"ENSG00000144010",1650
"ENSG00000144015",1699
"ENSG00000144021",4828
"ENSG00000144026",12434
"ENSG00000144028",11188
"ENSG00000144029",13738
"ENSG00000144031",2526
"ENSG00000144034",2004
"ENSG00000144035",1085
"ENSG00000144036",10197
"ENSG00000144040",10979
"ENSG00000144043",4623
"ENSG00000144045",2885
"ENSG00000144048",4383
"ENSG00000144057",7229
"ENSG00000144061",19581
"ENSG00000144063",2623
"ENSG00000144115",7353
"ENSG00000144118",2865
"ENSG00000144119",1905
"ENSG00000144120",2588
"ENSG00000144130",4783
"ENSG00000144134",6008
"ENSG00000144136",5493
"ENSG00000144152",6580
"ENSG00000144158",768
"ENSG00000144161",6543
"ENSG00000144182",2279
"ENSG00000144188",1028
"ENSG00000144191",4343
"ENSG00000144199",3211
"ENSG00000144214",1114
"ENSG00000144218",15701
"ENSG00000144224",4998
"ENSG00000144227",2709
"ENSG00000144228",7106
"ENSG00000144229",6708
"ENSG00000144230",2671
"ENSG00000144231",5222
"ENSG00000144233",5413
"ENSG00000144278",6641
"ENSG00000144283",9537
"ENSG00000144285",20579
"ENSG00000144290",7550
"ENSG00000144306",4144
"ENSG00000144320",9081
"ENSG00000144331",5417
"ENSG00000144339",5856
"ENSG00000144354",4696
"ENSG00000144355",3570
"ENSG00000144357",10065
"ENSG00000144362",1488
"ENSG00000144366",12016
"ENSG00000144369",5731
"ENSG00000144381",7629
"ENSG00000144395",9678
"ENSG00000144401",4511
"ENSG00000144406",20078
"ENSG00000144407",4429
"ENSG00000144410",1245
"ENSG00000144426",26515
"ENSG00000144445",8519
"ENSG00000144451",8235
"ENSG00000144452",9614
"ENSG00000144455",6944
"ENSG00000144460",13172
"ENSG00000144468",6926
"ENSG00000144476",2070
"ENSG00000144481",7928
"ENSG00000144485",1954
"ENSG00000144488",5179
"ENSG00000144504",11613
"ENSG00000144524",6066
"ENSG00000144535",11337
"ENSG00000144550",2313
"ENSG00000144554",11855
"ENSG00000144559",5925
"ENSG00000144560",7199
"ENSG00000144566",3767
"ENSG00000144567",5675
"ENSG00000144579",4747
"ENSG00000144580",5289
"ENSG00000144583",4903
"ENSG00000144589",5697
"ENSG00000144591",6874
"ENSG00000144596",11889
"ENSG00000144597",4909
"ENSG00000144619",9123
"ENSG00000144635",6113
"ENSG00000144642",18437
"ENSG00000144644",7229
"ENSG00000144645",12243
"ENSG00000144647",6838
"ENSG00000144648",5460
"ENSG00000144649",12406
"ENSG00000144655",3230
"ENSG00000144659",2662
"ENSG00000144668",8270
"ENSG00000144671",3659
"ENSG00000144674",10837
"ENSG00000144677",5876
"ENSG00000144681",4237
"ENSG00000144711",10304
"ENSG00000144712",5204
"ENSG00000144713",3714
"ENSG00000144724",14625
"ENSG00000144730",9561
"ENSG00000144736",5833
"ENSG00000144741",21792
"ENSG00000144744",4001
"ENSG00000144746",2555
"ENSG00000144747",7911
"ENSG00000144749",7043
"ENSG00000144771",1575
"ENSG00000144785",1053
"ENSG00000144791",12676
"ENSG00000144792",6513
"ENSG00000144802",5902
"ENSG00000144810",9408
"ENSG00000144815",15133
"ENSG00000144820",4079
"ENSG00000144821",7957
"ENSG00000144824",12309
"ENSG00000144827",3026
"ENSG00000144834",1716
"ENSG00000144837",2169
"ENSG00000144840",6427
"ENSG00000144843",4615
"ENSG00000144847",4899
"ENSG00000144848",6110
"ENSG00000144852",5383
"ENSG00000144857",10330
"ENSG00000144867",4190
"ENSG00000144868",8408
"ENSG00000144891",3478
"ENSG00000144893",14345
"ENSG00000144895",5905
"ENSG00000144908",13712
"ENSG00000144909",4598
"ENSG00000144935",4808
"ENSG00000144959",4808
"ENSG00000144962",2129
"ENSG00000145002",2888
"ENSG00000145012",26373
"ENSG00000145014",4561
"ENSG00000145016",11139
"ENSG00000145020",5675
"ENSG00000145022",2742
"ENSG00000145029",3542
"ENSG00000145040",1498
"ENSG00000145041",6907
"ENSG00000145050",2139
"ENSG00000145063",5463
"ENSG00000145075",4978
"ENSG00000145087",11154
"ENSG00000145088",1770
"ENSG00000145103",2995
"ENSG00000145107",1899
"ENSG00000145113",21021
"ENSG00000145147",11067
"ENSG00000145191",7203
"ENSG00000145192",2216
"ENSG00000145194",4729
"ENSG00000145198",5908
"ENSG00000145214",4983
"ENSG00000145216",13014
"ENSG00000145217",4293
"ENSG00000145220",2304
"ENSG00000145241",8496
"ENSG00000145242",9833
"ENSG00000145244",10086
"ENSG00000145246",7978
"ENSG00000145247",2483
"ENSG00000145248",2551
"ENSG00000145283",1623
"ENSG00000145284",4231
"ENSG00000145287",11080
"ENSG00000145293",2083
"ENSG00000145309",1517
"ENSG00000145321",2095
"ENSG00000145331",4386
"ENSG00000145332",7354
"ENSG00000145335",6202
"ENSG00000145337",1311
"ENSG00000145348",10829
"ENSG00000145349",15626
"ENSG00000145354",6352
"ENSG00000145358",2994
"ENSG00000145362",55143
"ENSG00000145365",5876
"ENSG00000145375",9313
"ENSG00000145384",2226
"ENSG00000145386",2748
"ENSG00000145388",6838
"ENSG00000145390",11949
"ENSG00000145391",13909
"ENSG00000145414",4777
"ENSG00000145416",10421
"ENSG00000145423",1996
"ENSG00000145425",2280
"ENSG00000145428",4144
"ENSG00000145431",5998
"ENSG00000145439",5110
"ENSG00000145451",9526
"ENSG00000145476",9767
"ENSG00000145491",4469
"ENSG00000145494",887
"ENSG00000145495",11344
"ENSG00000145506",2912
"ENSG00000145526",6485
"ENSG00000145536",5863
"ENSG00000145545",10030
"ENSG00000145555",13982
"ENSG00000145569",7040
"ENSG00000145592",8040
"ENSG00000145604",17377
"ENSG00000145623",7174
"ENSG00000145626",8489
"ENSG00000145632",4647
"ENSG00000145642",1314
"ENSG00000145649",896
"ENSG00000145675",16323
"ENSG00000145681",6198
"ENSG00000145685",7977
"ENSG00000145687",11498
"ENSG00000145692",3487
"ENSG00000145700",6526
"ENSG00000145703",10161
"ENSG00000145708",2468
"ENSG00000145715",5237
"ENSG00000145721",3996
"ENSG00000145723",4169
"ENSG00000145725",17270
"ENSG00000145730",7523
"ENSG00000145734",12400
"ENSG00000145736",6330
"ENSG00000145740",5439
"ENSG00000145741",5584
"ENSG00000145743",8125
"ENSG00000145757",2926
"ENSG00000145777",4263
"ENSG00000145779",8506
"ENSG00000145780",5697
"ENSG00000145781",2439
"ENSG00000145782",8867
"ENSG00000145794",9042
"ENSG00000145808",5392
"ENSG00000145817",3698
"ENSG00000145819",17158
"ENSG00000145824",1975
"ENSG00000145826",2131
"ENSG00000145832",12510
"ENSG00000145833",9205
"ENSG00000145835",352
"ENSG00000145839",605
"ENSG00000145850",1516
"ENSG00000145860",4569
"ENSG00000145861",2411
"ENSG00000145863",3596
"ENSG00000145864",17138
"ENSG00000145868",8722
"ENSG00000145879",1545
"ENSG00000145882",6039
"ENSG00000145888",2443
"ENSG00000145901",5898
"ENSG00000145907",20038
"ENSG00000145908",4411
"ENSG00000145911",5985
"ENSG00000145912",1476
"ENSG00000145916",7704
"ENSG00000145919",2386
"ENSG00000145920",7020
"ENSG00000145934",21297
"ENSG00000145936",6036
"ENSG00000145945",1948
"ENSG00000145949",6697
"ENSG00000145975",3133
"ENSG00000145979",8300
"ENSG00000145982",4838
"ENSG00000145990",10686
"ENSG00000145996",4602
"ENSG00000146001",2368
"ENSG00000146005",4532
"ENSG00000146006",6097
"ENSG00000146007",1709
"ENSG00000146013",2210
"ENSG00000146021",11853
"ENSG00000146038",5004
"ENSG00000146039",4641
"ENSG00000146047",569
"ENSG00000146049",1383
"ENSG00000146054",7338
"ENSG00000146063",12811
"ENSG00000146066",654
"ENSG00000146067",5848
"ENSG00000146070",2059
"ENSG00000146072",3595
"ENSG00000146083",5627
"ENSG00000146085",3811
"ENSG00000146090",3015
"ENSG00000146094",5181
"ENSG00000146109",2943
"ENSG00000146112",4599
"ENSG00000146122",12955
"ENSG00000146143",5652
"ENSG00000146147",10785
"ENSG00000146151",4779
"ENSG00000146166",5829
"ENSG00000146192",10631
"ENSG00000146197",7819
"ENSG00000146205",6294
"ENSG00000146215",2482
"ENSG00000146216",10231
"ENSG00000146221",3086
"ENSG00000146223",7811
"ENSG00000146232",2581
"ENSG00000146233",3111
"ENSG00000146242",3481
"ENSG00000146243",7463
"ENSG00000146247",17998
"ENSG00000146250",2444
"ENSG00000146263",21793
"ENSG00000146267",11682
"ENSG00000146276",3769
"ENSG00000146278",2992
"ENSG00000146281",4703
"ENSG00000146282",17631
"ENSG00000146285",9066
"ENSG00000146350",6912
"ENSG00000146352",11219
"ENSG00000146360",1947
"ENSG00000146373",12887
"ENSG00000146374",4957
"ENSG00000146376",4592
"ENSG00000146378",1217
"ENSG00000146383",1038
"ENSG00000146385",1085
"ENSG00000146386",1137
"ENSG00000146399",2871
"ENSG00000146409",2844
"ENSG00000146410",2450
"ENSG00000146411",5572
"ENSG00000146414",17695
"ENSG00000146416",8431
"ENSG00000146425",2953
"ENSG00000146426",11571
"ENSG00000146433",15427
"ENSG00000146453",2206
"ENSG00000146457",6413
"ENSG00000146463",7905
"ENSG00000146469",1585
"ENSG00000146476",2819
"ENSG00000146477",3234
"ENSG00000146530",6711
"ENSG00000146535",7479
"ENSG00000146540",4961
"ENSG00000146555",12241
"ENSG00000146556",1684
"ENSG00000146574",6933
"ENSG00000146576",2724
"ENSG00000146587",6959
"ENSG00000146592",11681
"ENSG00000146618",640
"ENSG00000146648",15941
"ENSG00000146666",1188
"ENSG00000146670",3901
"ENSG00000146674",4569
"ENSG00000146676",9232
"ENSG00000146677",408
"ENSG00000146678",1642
"ENSG00000146700",2821
"ENSG00000146701",3641
"ENSG00000146707",1879
"ENSG00000146722",468
"ENSG00000146729",5651
"ENSG00000146731",3846
"ENSG00000146733",2762
"ENSG00000146755",2493
"ENSG00000146757",3513
"ENSG00000146776",8585
"ENSG00000146802",7831
"ENSG00000146809",4910
"ENSG00000146826",3263
"ENSG00000146828",8901
"ENSG00000146830",7058
"ENSG00000146833",4832
"ENSG00000146834",3533
"ENSG00000146839",8872
"ENSG00000146842",4669
"ENSG00000146856",7307
"ENSG00000146857",1443
"ENSG00000146858",1766
"ENSG00000146859",2313
"ENSG00000146872",14835
"ENSG00000146904",4697
"ENSG00000146909",7793
"ENSG00000146910",4060
"ENSG00000146918",7105
"ENSG00000146926",2375
"ENSG00000146938",7439
"ENSG00000146950",8218
"ENSG00000146955",2706
"ENSG00000146963",6316
"ENSG00000146966",5175
"ENSG00000147003",1783
"ENSG00000147010",16293
"ENSG00000147027",4040
"ENSG00000147036",10298
"ENSG00000147041",4820
"ENSG00000147044",19788
"ENSG00000147050",27742
"ENSG00000147059",2787
"ENSG00000147065",11407
"ENSG00000147081",3027
"ENSG00000147082",5412
"ENSG00000147099",22888
"ENSG00000147100",4292
"ENSG00000147113",6721
"ENSG00000147117",2516
"ENSG00000147118",3598
"ENSG00000147119",2396
"ENSG00000147121",3685
"ENSG00000147123",3396
"ENSG00000147124",5613
"ENSG00000147127",1344
"ENSG00000147130",6916
"ENSG00000147133",11320
"ENSG00000147138",5494
"ENSG00000147140",11222
"ENSG00000147144",5318
"ENSG00000147145",4733
"ENSG00000147155",1768
"ENSG00000147160",2453
"ENSG00000147162",9803
"ENSG00000147164",2595
"ENSG00000147166",2185
"ENSG00000147168",2735
"ENSG00000147174",3595
"ENSG00000147180",5045
"ENSG00000147183",1630
"ENSG00000147202",9475
"ENSG00000147206",3544
"ENSG00000147223",1196
"ENSG00000147224",3390
"ENSG00000147231",4850
"ENSG00000147234",9615
"ENSG00000147246",4842
"ENSG00000147251",6804
"ENSG00000147255",7573
"ENSG00000147256",3071
"ENSG00000147257",3281
"ENSG00000147262",4433
"ENSG00000147274",5882
"ENSG00000147316",27241
"ENSG00000147324",6868
"ENSG00000147364",11438
"ENSG00000147378",1072
"ENSG00000147381",3370
"ENSG00000147383",1996
"ENSG00000147394",4968
"ENSG00000147400",1887
"ENSG00000147403",4602
"ENSG00000147408",7632
"ENSG00000147416",15863
"ENSG00000147419",4410
"ENSG00000147421",6633
"ENSG00000147432",2597
"ENSG00000147434",2596
"ENSG00000147437",1764
"ENSG00000147439",5072
"ENSG00000147443",2041
"ENSG00000147454",7996
"ENSG00000147457",4698
"ENSG00000147459",15989
"ENSG00000147465",4443
"ENSG00000147471",3427
"ENSG00000147475",8736
"ENSG00000147481",10600
"ENSG00000147485",5239
"ENSG00000147488",14438
"ENSG00000147509",3205
"ENSG00000147526",12573
"ENSG00000147533",7474
"ENSG00000147535",4102
"ENSG00000147536",5447
"ENSG00000147548",15245
"ENSG00000147570",3663
"ENSG00000147571",1288
"ENSG00000147573",3079
"ENSG00000147576",3378
"ENSG00000147586",1817
"ENSG00000147588",3524
"ENSG00000147592",1932
"ENSG00000147596",2368
"ENSG00000147601",15706
"ENSG00000147604",2700
"ENSG00000147606",6257
"ENSG00000147613",2897
"ENSG00000147614",2940
"ENSG00000147642",7029
"ENSG00000147647",3813
"ENSG00000147649",7876
"ENSG00000147650",10011
"ENSG00000147654",7884
"ENSG00000147655",4355
"ENSG00000147669",1673
"ENSG00000147676",3438
"ENSG00000147677",6431
"ENSG00000147679",5244
"ENSG00000147684",16591
"ENSG00000147687",4778
"ENSG00000147689",6317
"ENSG00000147697",2670
"ENSG00000147724",14064
"ENSG00000147753",3358
"ENSG00000147761",3775
"ENSG00000147789",10242
"ENSG00000147799",5049
"ENSG00000147804",4982
"ENSG00000147813",2837
"ENSG00000147852",16507
"ENSG00000147853",4395
"ENSG00000147854",9921
"ENSG00000147862",12763
"ENSG00000147869",1231
"ENSG00000147872",5011
"ENSG00000147873",988
"ENSG00000147874",7719
"ENSG00000147883",4000
"ENSG00000147885",939
"ENSG00000147889",3885
"ENSG00000147894",7015
"ENSG00000147896",1164
"ENSG00000147905",3957
"ENSG00000147912",6028
"ENSG00000147955",3123
"ENSG00000147996",12673
"ENSG00000148019",14355
"ENSG00000148053",33162
"ENSG00000148057",1814
"ENSG00000148082",9980
"ENSG00000148090",2263
"ENSG00000148110",4098
"ENSG00000148120",16061
"ENSG00000148123",3651
"ENSG00000148136",957
"ENSG00000148143",12190
"ENSG00000148153",4336
"ENSG00000148154",4567
"ENSG00000148156",1399
"ENSG00000148158",11656
"ENSG00000148175",3199
"ENSG00000148180",11057
"ENSG00000148187",11035
"ENSG00000148200",7125
"ENSG00000148204",6349
"ENSG00000148215",963
"ENSG00000148218",4945
"ENSG00000148219",10403
"ENSG00000148225",4933
"ENSG00000148229",2607
"ENSG00000148248",3445
"ENSG00000148288",4020
"ENSG00000148290",1758
"ENSG00000148291",999
"ENSG00000148296",4414
"ENSG00000148297",7235
"ENSG00000148300",2654
"ENSG00000148303",2238
"ENSG00000148308",3592
"ENSG00000148331",4622
"ENSG00000148334",6084
"ENSG00000148335",3033
"ENSG00000148337",8690
"ENSG00000148339",5926
"ENSG00000148341",6842
"ENSG00000148343",6302
"ENSG00000148344",1891
"ENSG00000148346",1596
"ENSG00000148356",9862
"ENSG00000148357",20542
"ENSG00000148358",9135
"ENSG00000148362",1363
"ENSG00000148377",1356
"ENSG00000148384",6847
"ENSG00000148386",1657
"ENSG00000148396",11301
"ENSG00000148399",4925
"ENSG00000148400",12531
"ENSG00000148408",10187
"ENSG00000148411",7216
"ENSG00000148426",3663
"ENSG00000148429",7550
"ENSG00000148444",2903
"ENSG00000148450",1979
"ENSG00000148459",1913
"ENSG00000148468",4182
"ENSG00000148481",4081
"ENSG00000148482",2808
"ENSG00000148483",5515
"ENSG00000148484",4126
"ENSG00000148488",7063
"ENSG00000148498",7339
"ENSG00000148513",5284
"ENSG00000148516",8650
"ENSG00000148541",6752
"ENSG00000148572",1901
"ENSG00000148584",9603
"ENSG00000148600",7729
"ENSG00000148602",2386
"ENSG00000148604",4942
"ENSG00000148606",15800
"ENSG00000148634",15800
"ENSG00000148655",6382
"ENSG00000148660",8353
"ENSG00000148671",1405
"ENSG00000148672",14283
"ENSG00000148677",1790
"ENSG00000148680",3472
"ENSG00000148688",4418
"ENSG00000148690",8162
"ENSG00000148700",6539
"ENSG00000148702",3630
"ENSG00000148704",5788
"ENSG00000148719",5568
"ENSG00000148730",7491
"ENSG00000148734",9249
"ENSG00000148735",5904
"ENSG00000148737",6736
"ENSG00000148773",12845
"ENSG00000148795",3384
"ENSG00000148798",3251
"ENSG00000148803",2476
"ENSG00000148814",11500
"ENSG00000148824",5308
"ENSG00000148826",2770
"ENSG00000148832",2250
"ENSG00000148834",1691
"ENSG00000148835",7029
"ENSG00000148840",6097
"ENSG00000148841",7296
"ENSG00000148842",16324
"ENSG00000148843",7672
"ENSG00000148848",9882
"ENSG00000148908",1274
"ENSG00000148925",3488
"ENSG00000148926",2325
"ENSG00000148935",4202
"ENSG00000148942",7571
"ENSG00000148943",4842
"ENSG00000148948",5356
"ENSG00000148950",3901
"ENSG00000148965",630
"ENSG00000148985",3701
"ENSG00000149016",3542
"ENSG00000149021",584
"ENSG00000149043",4704
"ENSG00000149050",5160
"ENSG00000149054",5968
"ENSG00000149084",7716
"ENSG00000149089",5217
"ENSG00000149090",3861
"ENSG00000149091",10787
"ENSG00000149100",7430
"ENSG00000149115",7149
"ENSG00000149124",3115
"ENSG00000149131",7231
"ENSG00000149133",945
"ENSG00000149136",6337
"ENSG00000149150",3526
"ENSG00000149177",9737
"ENSG00000149179",6693
"ENSG00000149182",5918
"ENSG00000149187",10555
"ENSG00000149196",3433
"ENSG00000149201",4544
"ENSG00000149212",10578
"ENSG00000149218",4651
"ENSG00000149231",21886
"ENSG00000149243",5203
"ENSG00000149256",16414
"ENSG00000149257",6281
"ENSG00000149260",6137
"ENSG00000149262",12926
"ENSG00000149269",6021
"ENSG00000149273",5859
"ENSG00000149289",9688
"ENSG00000149292",5247
"ENSG00000149294",12695
"ENSG00000149295",4117
"ENSG00000149300",1799
"ENSG00000149305",4709
"ENSG00000149308",9465
"ENSG00000149311",39841
"ENSG00000149313",6003
"ENSG00000149328",7166
"ENSG00000149346",6486
"ENSG00000149357",2688
"ENSG00000149380",3990
"ENSG00000149403",7474
"ENSG00000149418",4116
"ENSG00000149428",6825
"ENSG00000149435",1279
"ENSG00000149443",1783
"ENSG00000149451",5386
"ENSG00000149452",8533
"ENSG00000149474",5018
"ENSG00000149476",8126
"ENSG00000149480",4261
"ENSG00000149483",8592
"ENSG00000149485",10228
"ENSG00000149488",7006
"ENSG00000149489",1977
"ENSG00000149499",5500
"ENSG00000149503",6759
"ENSG00000149506",2456
"ENSG00000149507",1763
"ENSG00000149516",2082
"ENSG00000149527",10809
"ENSG00000149531",761
"ENSG00000149532",6036
"ENSG00000149534",4454
"ENSG00000149541",2407
"ENSG00000149547",3491
"ENSG00000149548",4823
"ENSG00000149554",5600
"ENSG00000149557",9324
"ENSG00000149564",2920
"ENSG00000149571",6595
"ENSG00000149573",4740
"ENSG00000149575",5353
"ENSG00000149577",9058
"ENSG00000149582",5529
"ENSG00000149591",6550
"ENSG00000149596",10658
"ENSG00000149599",3705
"ENSG00000149600",2046
"ENSG00000149609",2399
"ENSG00000149633",8068
"ENSG00000149634",742
"ENSG00000149635",2123
"ENSG00000149636",2739
"ENSG00000149639",14975
"ENSG00000149646",5005
"ENSG00000149651",516
"ENSG00000149654",4921
"ENSG00000149656",183
"ENSG00000149657",3377
"ENSG00000149658",3206
"ENSG00000149679",3783
"ENSG00000149716",7872
"ENSG00000149735",931
"ENSG00000149742",2366
"ENSG00000149743",2210
"ENSG00000149761",3721
"ENSG00000149781",11636
"ENSG00000149782",4957
"ENSG00000149792",3080
"ENSG00000149798",2164
"ENSG00000149806",1548
"ENSG00000149809",3408
"ENSG00000149823",4880
"ENSG00000149922",3103
"ENSG00000149923",2733
"ENSG00000149925",3829
"ENSG00000149926",4932
"ENSG00000149927",6368
"ENSG00000149929",3560
"ENSG00000149930",8831
"ENSG00000149932",2377
"ENSG00000149948",15070
"ENSG00000149968",1854
"ENSG00000149970",31865
"ENSG00000149972",9064
"ENSG00000150045",1260
"ENSG00000150048",3169
"ENSG00000150051",4107
"ENSG00000150054",6371
"ENSG00000150093",17512
"ENSG00000150175",1347
"ENSG00000150201",833
"ENSG00000150244",1467
"ENSG00000150261",960
"ENSG00000150269",933
"ENSG00000150275",15397
"ENSG00000150276",522
"ENSG00000150281",1644
"ENSG00000150316",2734
"ENSG00000150337",2155
"ENSG00000150347",8760
"ENSG00000150361",4149
"ENSG00000150394",13529
"ENSG00000150401",4345
"ENSG00000150403",10381
"ENSG00000150433",7580
"ENSG00000150455",7042
"ENSG00000150456",1342
"ENSG00000150457",5613
"ENSG00000150459",3804
"ENSG00000150471",14923
"ENSG00000150477",11137
"ENSG00000150510",6700
"ENSG00000150527",10539
"ENSG00000150540",4756
"ENSG00000150551",3979
"ENSG00000150556",3539
"ENSG00000150593",4547
"ENSG00000150594",3879
"ENSG00000150625",6553
"ENSG00000150627",7801
"ENSG00000150628",2437
"ENSG00000150630",2615
"ENSG00000150636",5805
"ENSG00000150637",13659
"ENSG00000150656",7117
"ENSG00000150667",3463
"ENSG00000150672",28206
"ENSG00000150676",2359
"ENSG00000150681",2801
"ENSG00000150687",11444
"ENSG00000150712",5523
"ENSG00000150722",4902
"ENSG00000150732",228
"ENSG00000150750",1344
"ENSG00000150753",5638
"ENSG00000150756",3285
"ENSG00000150760",8142
"ENSG00000150764",8438
"ENSG00000150768",7925
"ENSG00000150773",3269
"ENSG00000150776",5755
"ENSG00000150779",1166
"ENSG00000150782",2607
"ENSG00000150783",1152
"ENSG00000150787",3128
"ENSG00000150867",5106
"ENSG00000150873",7902
"ENSG00000150893",16275
"ENSG00000150907",5957
"ENSG00000150938",7270
"ENSG00000150961",9920
"ENSG00000150967",13282
"ENSG00000150977",6094
"ENSG00000150990",6908
"ENSG00000150991",3898
"ENSG00000150995",32120
"ENSG00000151005",2660
"ENSG00000151006",5489
"ENSG00000151012",9645
"ENSG00000151014",2512
"ENSG00000151023",4076
"ENSG00000151025",7989
"ENSG00000151033",818
"ENSG00000151062",7463
"ENSG00000151065",4610
"ENSG00000151067",25552
"ENSG00000151079",3985
"ENSG00000151090",10968
"ENSG00000151092",8616
"ENSG00000151093",2476
"ENSG00000151116",5515
"ENSG00000151117",4243
"ENSG00000151131",25882
"ENSG00000151135",4768
"ENSG00000151136",7916
"ENSG00000151148",12453
"ENSG00000151150",25830
"ENSG00000151151",6093
"ENSG00000151164",4648
"ENSG00000151176",5264
"ENSG00000151208",10500
"ENSG00000151224",3664
"ENSG00000151229",10023
"ENSG00000151233",7492
"ENSG00000151239",3885
"ENSG00000151240",8524
"ENSG00000151247",4971
"ENSG00000151276",11733
"ENSG00000151287",2256
"ENSG00000151292",4926
"ENSG00000151303",6833
"ENSG00000151304",3111
"ENSG00000151320",19726
"ENSG00000151322",11175
"ENSG00000151327",10329
"ENSG00000151332",3422
"ENSG00000151338",28625
"ENSG00000151348",20632
"ENSG00000151353",8560
"ENSG00000151360",2537
"ENSG00000151364",1899
"ENSG00000151365",1174
"ENSG00000151366",2302
"ENSG00000151376",3838
"ENSG00000151379",1339
"ENSG00000151388",9605
"ENSG00000151413",7590
"ENSG00000151414",5454
"ENSG00000151418",678
"ENSG00000151422",13577
"ENSG00000151445",3695
"ENSG00000151458",8798
"ENSG00000151461",5881
"ENSG00000151465",2298
"ENSG00000151466",8980
"ENSG00000151468",3699
"ENSG00000151470",7015
"ENSG00000151474",14714
"ENSG00000151475",1812
"ENSG00000151490",20254
"ENSG00000151491",8540
"ENSG00000151498",7121
"ENSG00000151500",2119
"ENSG00000151502",6453
"ENSG00000151503",18698
"ENSG00000151532",8408
"ENSG00000151552",4144
"ENSG00000151553",6216
"ENSG00000151572",4997
"ENSG00000151575",8361
"ENSG00000151576",8054
"ENSG00000151577",3251
"ENSG00000151611",8375
"ENSG00000151612",19123
"ENSG00000151615",3144
"ENSG00000151617",4238
"ENSG00000151623",6607
"ENSG00000151631",983
"ENSG00000151632",6086
"ENSG00000151640",3111
"ENSG00000151650",2459
"ENSG00000151651",4763
"ENSG00000151655",3331
"ENSG00000151657",6856
"ENSG00000151665",4914
"ENSG00000151687",5758
"ENSG00000151689",3576
"ENSG00000151690",6031
"ENSG00000151692",6450
"ENSG00000151693",7257
"ENSG00000151694",15964
"ENSG00000151702",8026
"ENSG00000151704",4637
"ENSG00000151715",2998
"ENSG00000151718",10002
"ENSG00000151725",3483
"ENSG00000151726",6505
"ENSG00000151729",4819
"ENSG00000151743",3137
"ENSG00000151746",12868
"ENSG00000151748",5605
"ENSG00000151773",5416
"ENSG00000151778",1945
"ENSG00000151779",21043
"ENSG00000151789",15214
"ENSG00000151790",5264
"ENSG00000151806",4463
"ENSG00000151812",4272
"ENSG00000151834",16898
"ENSG00000151835",26912
"ENSG00000151838",3220
"ENSG00000151846",3119
"ENSG00000151849",5816
"ENSG00000151876",3014
"ENSG00000151881",3158
"ENSG00000151882",4524
"ENSG00000151883",10097
"ENSG00000151892",10655
"ENSG00000151893",12406
"ENSG00000151914",48142
"ENSG00000151917",5611
"ENSG00000151923",7355
"ENSG00000151929",2737
"ENSG00000151948",3478
"ENSG00000151952",7434
"ENSG00000151962",4027
"ENSG00000151963",241
"ENSG00000151967",9817
"ENSG00000152034",3783
"ENSG00000152049",3748
"ENSG00000152056",9717
"ENSG00000152061",16071
"ENSG00000152076",4487
"ENSG00000152078",7385
"ENSG00000152082",1519
"ENSG00000152086",1518
"ENSG00000152092",9201
"ENSG00000152093",1669
"ENSG00000152102",5435
"ENSG00000152104",18752
"ENSG00000152117",2762
"ENSG00000152127",8765
"ENSG00000152128",6804
"ENSG00000152133",3973
"ENSG00000152137",3581
"ENSG00000152147",4363
"ENSG00000152154",2472
"ENSG00000152192",4539
"ENSG00000152193",3507
"ENSG00000152207",5372
"ENSG00000152208",10617
"ENSG00000152213",3618
"ENSG00000152214",2045
"ENSG00000152217",14344
"ENSG00000152219",5643
"ENSG00000152223",22221
"ENSG00000152229",4120
"ENSG00000152234",10908
"ENSG00000152240",2119
"ENSG00000152242",9577
"ENSG00000152253",1829
"ENSG00000152254",3074
"ENSG00000152256",14845
"ENSG00000152266",931
"ENSG00000152270",11626
"ENSG00000152284",4431
"ENSG00000152291",6900
"ENSG00000152292",4466
"ENSG00000152315",2289
"ENSG00000152332",9248
"ENSG00000152348",5445
"ENSG00000152359",3415
"ENSG00000152377",6200
"ENSG00000152380",3109
"ENSG00000152382",2900
"ENSG00000152402",16306
"ENSG00000152404",3547
"ENSG00000152409",9096
"ENSG00000152413",6071
"ENSG00000152422",2676
"ENSG00000152430",3973
"ENSG00000152433",3568
"ENSG00000152439",8141
"ENSG00000152443",5454
"ENSG00000152454",2207
"ENSG00000152455",3565
"ENSG00000152457",15295
"ENSG00000152463",2334
"ENSG00000152464",1930
"ENSG00000152465",6470
"ENSG00000152467",2396
"ENSG00000152475",2046
"ENSG00000152484",5096
"ENSG00000152492",9183
"ENSG00000152495",13614
"ENSG00000152503",6061
"ENSG00000152518",3693
"ENSG00000152520",6352
"ENSG00000152527",9848
"ENSG00000152556",7246
"ENSG00000152558",4442
"ENSG00000152578",10567
"ENSG00000152580",9222
"ENSG00000152582",16140
"ENSG00000152583",3476
"ENSG00000152591",4331
"ENSG00000152592",3064
"ENSG00000152595",2487
"ENSG00000152601",9989
"ENSG00000152611",1142
"ENSG00000152620",5015
"ENSG00000152642",4697
"ENSG00000152661",3395
"ENSG00000152669",1737
"ENSG00000152670",3829
"ENSG00000152672",2474
"ENSG00000152683",5410
"ENSG00000152684",4371
"ENSG00000152689",14421
"ENSG00000152700",10798
"ENSG00000152705",1569
"ENSG00000152749",8884
"ENSG00000152760",3360
"ENSG00000152763",6673
"ENSG00000152766",3995
"ENSG00000152767",36232
"ENSG00000152778",4369
"ENSG00000152779",4873
"ENSG00000152782",7308
"ENSG00000152784",4589
"ENSG00000152785",6087
"ENSG00000152795",5529
"ENSG00000152804",2522
"ENSG00000152818",15009
"ENSG00000152822",7408
"ENSG00000152894",8936
"ENSG00000152904",3809
"ENSG00000152910",8001
"ENSG00000152926",14182
"ENSG00000152931",12703
"ENSG00000152932",9621
"ENSG00000152936",3083
"ENSG00000152939",5366
"ENSG00000152942",4159
"ENSG00000152944",3632
"ENSG00000152952",14518
"ENSG00000152953",5282
"ENSG00000152954",4122
"ENSG00000152969",13824
"ENSG00000152977",6825
"ENSG00000152990",9261
"ENSG00000153002",5703
"ENSG00000153006",8460
"ENSG00000153012",6495
"ENSG00000153015",49554
"ENSG00000153029",9441
"ENSG00000153037",10517
"ENSG00000153044",2218
"ENSG00000153046",4562
"ENSG00000153048",5577
"ENSG00000153060",1760
"ENSG00000153064",6144
"ENSG00000153066",4268
"ENSG00000153071",7717
"ENSG00000153086",2716
"ENSG00000153093",6107
"ENSG00000153094",6987
"ENSG00000153107",13984
"ENSG00000153113",6331
"ENSG00000153130",6296
"ENSG00000153132",2822
"ENSG00000153140",3090
"ENSG00000153147",8146
"ENSG00000153157",3956
"ENSG00000153162",3784
"ENSG00000153165",7439
"ENSG00000153179",4241
"ENSG00000153187",22512
"ENSG00000153201",26842
"ENSG00000153207",9579
"ENSG00000153208",4133
"ENSG00000153214",5321
"ENSG00000153230",945
"ENSG00000153233",5037
"ENSG00000153234",4111
"ENSG00000153237",3798
"ENSG00000153246",15362
"ENSG00000153250",11763
"ENSG00000153253",11566
"ENSG00000153266",2228
"ENSG00000153283",5867
"ENSG00000153291",3285
"ENSG00000153292",12383
"ENSG00000153294",3391
"ENSG00000153303",8907
"ENSG00000153310",9632
"ENSG00000153317",8294
"ENSG00000153339",9198
"ENSG00000153347",2473
"ENSG00000153363",7488
"ENSG00000153391",5073
"ENSG00000153395",6795
"ENSG00000153404",13287
"ENSG00000153406",3427
"ENSG00000153443",3591
"ENSG00000153446",2067
"ENSG00000153485",2455
"ENSG00000153487",6330
"ENSG00000153495",956
"ENSG00000153498",1078
"ENSG00000153531",11007
"ENSG00000153551",3724
"ENSG00000153558",7644
"ENSG00000153560",9760
"ENSG00000153561",6686
"ENSG00000153563",3976
"ENSG00000153574",1813
"ENSG00000153684",5666
"ENSG00000153707",11468
"ENSG00000153714",3062
"ENSG00000153721",21579
"ENSG00000153767",3370
"ENSG00000153774",3335
"ENSG00000153779",976
"ENSG00000153786",3953
"ENSG00000153789",1862
"ENSG00000153790",3842
"ENSG00000153802",3264
"ENSG00000153814",4258
"ENSG00000153815",13062
"ENSG00000153820",7046
"ENSG00000153822",6340
"ENSG00000153823",3367
"ENSG00000153827",13714
"ENSG00000153832",3955
"ENSG00000153879",4056
"ENSG00000153885",6388
"ENSG00000153896",6799
"ENSG00000153898",3442
"ENSG00000153902",4532
"ENSG00000153904",4587
"ENSG00000153914",18240
"ENSG00000153922",10816
"ENSG00000153923",2781
"ENSG00000153930",13047
"ENSG00000153933",10925
"ENSG00000153936",8469
"ENSG00000153944",22248
"ENSG00000153956",9168
"ENSG00000153975",2656
"ENSG00000153976",4287
"ENSG00000153982",3913
"ENSG00000153989",4796
"ENSG00000153993",8259
"ENSG00000154001",9184
"ENSG00000154007",1080
"ENSG00000154016",2498
"ENSG00000154025",6451
"ENSG00000154027",6948
"ENSG00000154040",3484
"ENSG00000154059",4896
"ENSG00000154065",6417
"ENSG00000154079",1440
"ENSG00000154080",11512
"ENSG00000154096",6900
"ENSG00000154099",7783
"ENSG00000154102",2181
"ENSG00000154114",7021
"ENSG00000154118",6320
"ENSG00000154122",12695
"ENSG00000154124",12561
"ENSG00000154127",8964
"ENSG00000154133",6620
"ENSG00000154134",6981
"ENSG00000154143",1729
"ENSG00000154144",7155
"ENSG00000154146",1213
"ENSG00000154153",15449
"ENSG00000154162",5650
"ENSG00000154165",2704
"ENSG00000154174",5078
"ENSG00000154175",10978
"ENSG00000154188",7128
"ENSG00000154198",1512
"ENSG00000154217",7812
"ENSG00000154222",7507
"ENSG00000154227",5130
"ENSG00000154229",11175
"ENSG00000154237",17491
"ENSG00000154240",13139
"ENSG00000154252",1452
"ENSG00000154258",9024
"ENSG00000154262",14158
"ENSG00000154263",8405
"ENSG00000154265",13158
"ENSG00000154269",3885
"ENSG00000154274",4470
"ENSG00000154277",2207
"ENSG00000154305",10155
"ENSG00000154309",13030
"ENSG00000154310",11448
"ENSG00000154316",1110
"ENSG00000154319",5049
"ENSG00000154328",3366
"ENSG00000154330",7714
"ENSG00000154342",2996
"ENSG00000154358",39568
"ENSG00000154359",5709
"ENSG00000154370",8488
"ENSG00000154380",15205
"ENSG00000154415",4623
"ENSG00000154429",6257
"ENSG00000154438",3049
"ENSG00000154447",5472
"ENSG00000154451",10960
"ENSG00000154473",8175
"ENSG00000154478",10306
"ENSG00000154479",2208
"ENSG00000154485",3441
"ENSG00000154493",5659
"ENSG00000154511",3091
"ENSG00000154518",3883
"ENSG00000154529",13220
"ENSG00000154545",4756
"ENSG00000154548",6658
"ENSG00000154553",9012
"ENSG00000154556",25610
"ENSG00000154582",9275
"ENSG00000154589",559
"ENSG00000154608",4587
"ENSG00000154611",1894
"ENSG00000154620",1337
"ENSG00000154639",6021
"ENSG00000154640",2304
"ENSG00000154642",6228
"ENSG00000154645",3093
"ENSG00000154646",4362
"ENSG00000154654",8286
"ENSG00000154655",7959
"ENSG00000154678",14131
"ENSG00000154710",5501
"ENSG00000154719",1199
"ENSG00000154721",5947
"ENSG00000154723",2009
"ENSG00000154727",5742
"ENSG00000154734",7303
"ENSG00000154736",9765
"ENSG00000154743",12407
"ENSG00000154760",9329
"ENSG00000154764",4529
"ENSG00000154767",4880
"ENSG00000154781",3535
"ENSG00000154783",8099
"ENSG00000154803",9786
"ENSG00000154813",4476
"ENSG00000154814",6095
"ENSG00000154822",5160
"ENSG00000154832",3854
"ENSG00000154839",2900
"ENSG00000154845",8131
"ENSG00000154856",5937
"ENSG00000154864",21000
"ENSG00000154874",4310
"ENSG00000154889",6773
"ENSG00000154898",5227
"ENSG00000154914",5084
"ENSG00000154917",6055
"ENSG00000154920",3294
"ENSG00000154928",5843
"ENSG00000154930",8691
"ENSG00000154945",4831
"ENSG00000154957",2977
"ENSG00000154975",4437
"ENSG00000154978",5341
"ENSG00000154997",3875
"ENSG00000155008",6480
"ENSG00000155011",4335
"ENSG00000155016",5920
"ENSG00000155026",4999
"ENSG00000155034",9753
"ENSG00000155052",11381
"ENSG00000155066",6067
"ENSG00000155070",730
"ENSG00000155085",10099
"ENSG00000155087",1026
"ENSG00000155090",3821
"ENSG00000155093",4860
"ENSG00000155096",6130
"ENSG00000155097",5851
"ENSG00000155099",2868
"ENSG00000155100",3977
"ENSG00000155111",7645
"ENSG00000155115",921
"ENSG00000155158",12208
"ENSG00000155189",6236
"ENSG00000155229",5763
"ENSG00000155249",1525
"ENSG00000155252",4204
"ENSG00000155254",3371
"ENSG00000155256",3899
"ENSG00000155265",6845
"ENSG00000155269",10635
"ENSG00000155275",7752
"ENSG00000155287",3416
"ENSG00000155304",4153
"ENSG00000155307",5185
"ENSG00000155313",7861
"ENSG00000155324",5051
"ENSG00000155329",2559
"ENSG00000155330",7216
"ENSG00000155363",8760
"ENSG00000155366",4007
"ENSG00000155367",2729
"ENSG00000155368",2496
"ENSG00000155380",6347
"ENSG00000155393",8273
"ENSG00000155428",1471
"ENSG00000155438",2435
"ENSG00000155463",4498
"ENSG00000155465",5368
"ENSG00000155495",4256
"ENSG00000155506",12238
"ENSG00000155508",3929
"ENSG00000155511",7791
"ENSG00000155530",6960
"ENSG00000155542",2711
"ENSG00000155545",5763
"ENSG00000155561",7621
"ENSG00000155592",7884
"ENSG00000155621",4973
"ENSG00000155622",627
"ENSG00000155629",5688
"ENSG00000155636",4784
"ENSG00000155657",119074
"ENSG00000155659",2333
"ENSG00000155660",3298
"ENSG00000155666",4026
"ENSG00000155714",1337
"ENSG00000155719",7541
"ENSG00000155729",4909
"ENSG00000155744",12810
"ENSG00000155749",2635
"ENSG00000155754",6819
"ENSG00000155755",8080
"ENSG00000155760",4587
"ENSG00000155761",9828
"ENSG00000155792",2627
"ENSG00000155816",18429
"ENSG00000155827",4692
"ENSG00000155833",2276
"ENSG00000155846",12889
"ENSG00000155849",10999
"ENSG00000155850",10206
"ENSG00000155858",6567
"ENSG00000155868",2776
"ENSG00000155875",9081
"ENSG00000155876",1599
"ENSG00000155886",10993
"ENSG00000155890",2514
"ENSG00000155893",13343
"ENSG00000155897",4444
"ENSG00000155903",6003
"ENSG00000155906",10735
"ENSG00000155918",1346
"ENSG00000155926",7491
"ENSG00000155957",4067
"ENSG00000155959",1948
"ENSG00000155961",3413
"ENSG00000155962",2840
"ENSG00000155966",14241
"ENSG00000155970",4604
"ENSG00000155974",7135
"ENSG00000155975",6424
"ENSG00000155980",12245
"ENSG00000156006",1285
"ENSG00000156009",2363
"ENSG00000156011",15225
"ENSG00000156017",4840
"ENSG00000156026",4521
"ENSG00000156030",13489
"ENSG00000156042",7664
"ENSG00000156049",2736
"ENSG00000156050",5087
"ENSG00000156052",6972
"ENSG00000156076",2107
"ENSG00000156096",2489
"ENSG00000156097",5057
"ENSG00000156103",12108
"ENSG00000156110",4658
"ENSG00000156113",39437
"ENSG00000156127",928
"ENSG00000156136",3103
"ENSG00000156140",7007
"ENSG00000156150",1976
"ENSG00000156162",7136
"ENSG00000156170",12371
"ENSG00000156171",3295
"ENSG00000156172",3340
"ENSG00000156194",4979
"ENSG00000156206",1960
"ENSG00000156218",9752
"ENSG00000156219",4526
"ENSG00000156222",3447
"ENSG00000156232",5123
"ENSG00000156234",1435
"ENSG00000156239",4865
"ENSG00000156253",3377
"ENSG00000156256",5694
"ENSG00000156261",3341
"ENSG00000156265",4594
"ENSG00000156269",2718
"ENSG00000156273",7666
"ENSG00000156282",1241
"ENSG00000156284",2092
"ENSG00000156298",2938
"ENSG00000156299",9239
"ENSG00000156304",5977
"ENSG00000156313",8358
"ENSG00000156345",5727
"ENSG00000156374",3008
"ENSG00000156381",7208
"ENSG00000156384",1806
"ENSG00000156395",5575
"ENSG00000156398",8034
"ENSG00000156411",3415
"ENSG00000156413",4542
"ENSG00000156414",5486
"ENSG00000156427",1998
"ENSG00000156453",5924
"ENSG00000156463",7209
"ENSG00000156466",3712
"ENSG00000156467",12600
"ENSG00000156469",1801
"ENSG00000156471",6108
"ENSG00000156475",13610
"ENSG00000156482",3987
"ENSG00000156486",5417
"ENSG00000156500",7919
"ENSG00000156502",4281
"ENSG00000156504",4404
"ENSG00000156508",10063
"ENSG00000156509",3976
"ENSG00000156510",4223
"ENSG00000156515",6876
"ENSG00000156521",4621
"ENSG00000156531",16534
"ENSG00000156535",9782
"ENSG00000156564",3316
"ENSG00000156574",2086
"ENSG00000156575",869
"ENSG00000156587",2062
"ENSG00000156599",5424
"ENSG00000156603",1779
"ENSG00000156639",3808
"ENSG00000156642",4032
"ENSG00000156650",32495
"ENSG00000156671",7308
"ENSG00000156675",9632
"ENSG00000156687",10798
"ENSG00000156689",1758
"ENSG00000156697",4087
"ENSG00000156709",13092
"ENSG00000156711",7034
"ENSG00000156735",4809
"ENSG00000156738",4770
"ENSG00000156755",350
"ENSG00000156787",8609
"ENSG00000156795",4929
"ENSG00000156802",7100
"ENSG00000156804",7395
"ENSG00000156831",2996
"ENSG00000156853",4162
"ENSG00000156858",3764
"ENSG00000156860",7214
"ENSG00000156869",8624
"ENSG00000156873",7486
"ENSG00000156875",2945
"ENSG00000156876",3972
"ENSG00000156885",473
"ENSG00000156886",4388
"ENSG00000156920",10076
"ENSG00000156925",4668
"ENSG00000156928",3712
"ENSG00000156931",10366
"ENSG00000156958",7343
"ENSG00000156959",5349
"ENSG00000156966",9398
"ENSG00000156968",6012
"ENSG00000156970",4463
"ENSG00000156973",2824
"ENSG00000156976",6130
"ENSG00000156983",7784
"ENSG00000156990",5307
"ENSG00000157005",607
"ENSG00000157014",5572
"ENSG00000157017",2073
"ENSG00000157020",5380
"ENSG00000157021",890
"ENSG00000157036",5575
"ENSG00000157045",3539
"ENSG00000157060",2982
"ENSG00000157064",6943
"ENSG00000157077",7980
"ENSG00000157087",10260
"ENSG00000157093",1018
"ENSG00000157103",18242
"ENSG00000157106",25161
"ENSG00000157107",6067
"ENSG00000157110",8894
"ENSG00000157111",1250
"ENSG00000157119",2499
"ENSG00000157131",4674
"ENSG00000157150",1194
"ENSG00000157152",6329
"ENSG00000157168",21372
"ENSG00000157181",4073
"ENSG00000157184",10089
"ENSG00000157191",5510
"ENSG00000157193",19668
"ENSG00000157211",3510
"ENSG00000157212",9681
"ENSG00000157214",8720
"ENSG00000157216",6930
"ENSG00000157219",4901
"ENSG00000157224",6708
"ENSG00000157227",4623
"ENSG00000157240",6894
"ENSG00000157259",6337
"ENSG00000157303",1258
"ENSG00000157306",5097
"ENSG00000157315",1386
"ENSG00000157322",6140
"ENSG00000157326",2157
"ENSG00000157330",4133
"ENSG00000157335",4926
"ENSG00000157343",1418
"ENSG00000157349",4455
"ENSG00000157350",9745
"ENSG00000157353",7231
"ENSG00000157368",2233
"ENSG00000157379",4949
"ENSG00000157388",19199
"ENSG00000157399",5282
"ENSG00000157404",11327
"ENSG00000157423",28702
"ENSG00000157426",4654
"ENSG00000157429",9225
"ENSG00000157445",4714
"ENSG00000157450",7173
"ENSG00000157456",2753
"ENSG00000157470",5571
"ENSG00000157483",9077
"ENSG00000157500",7516
"ENSG00000157502",4343
"ENSG00000157510",6568
"ENSG00000157514",4957
"ENSG00000157538",9301
"ENSG00000157540",26763
"ENSG00000157542",19979
"ENSG00000157551",10342
"ENSG00000157554",7568
"ENSG00000157557",4977
"ENSG00000157570",6014
"ENSG00000157578",5957
"ENSG00000157593",2192
"ENSG00000157600",8096
"ENSG00000157601",17984
"ENSG00000157613",4023
"ENSG00000157617",8730
"ENSG00000157625",12571
"ENSG00000157637",7907
"ENSG00000157653",2240
"ENSG00000157654",18341
"ENSG00000157657",10386
"ENSG00000157680",15674
"ENSG00000157693",4792
"ENSG00000157703",6312
"ENSG00000157734",5767
"ENSG00000157741",16634
"ENSG00000157764",23433
"ENSG00000157765",5045
"ENSG00000157766",10914
"ENSG00000157778",1973
"ENSG00000157782",5784
"ENSG00000157796",8773
"ENSG00000157800",10588
"ENSG00000157823",9237
"ENSG00000157827",6574
"ENSG00000157833",5942
"ENSG00000157837",6659
"ENSG00000157851",7048
"ENSG00000157856",3044
"ENSG00000157869",2221
"ENSG00000157870",3371
"ENSG00000157873",6214
"ENSG00000157881",5072
"ENSG00000157884",1044
"ENSG00000157890",9837
"ENSG00000157895",6140
"ENSG00000157911",3782
"ENSG00000157916",5689
"ENSG00000157927",6513
"ENSG00000157933",6687
"ENSG00000157954",8983
"ENSG00000157965",691
"ENSG00000157978",6758
"ENSG00000157985",13947
"ENSG00000157992",1403
"ENSG00000157999",1423
"ENSG00000158006",3795
"ENSG00000158008",4542
"ENSG00000158014",3483
"ENSG00000158019",3392
"ENSG00000158022",2576
"ENSG00000158023",15385
"ENSG00000158042",2612
"ENSG00000158050",1932
"ENSG00000158055",4266
"ENSG00000158062",4691
"ENSG00000158077",3813
"ENSG00000158079",6369
"ENSG00000158089",4344
"ENSG00000158092",5510
"ENSG00000158104",2223
"ENSG00000158106",4184
"ENSG00000158109",2401
"ENSG00000158113",2769
"ENSG00000158122",3098
"ENSG00000158125",6064
"ENSG00000158156",5180
"ENSG00000158158",5088
"ENSG00000158161",6424
"ENSG00000158163",5045
"ENSG00000158164",634
"ENSG00000158169",18465
"ENSG00000158186",6258
"ENSG00000158195",5681
"ENSG00000158201",4337
"ENSG00000158220",9816
"ENSG00000158234",4072
"ENSG00000158246",2382
"ENSG00000158258",14596
"ENSG00000158270",7343
"ENSG00000158286",6595
"ENSG00000158290",33815
"ENSG00000158292",4198
"ENSG00000158296",6055
"ENSG00000158301",3706
"ENSG00000158315",2826
"ENSG00000158321",24887
"ENSG00000158352",15184
"ENSG00000158373",861
"ENSG00000158402",3329
"ENSG00000158406",2163
"ENSG00000158411",4305
"ENSG00000158417",7841
"ENSG00000158423",2993
"ENSG00000158427",5523
"ENSG00000158428",4982
"ENSG00000158435",2702
"ENSG00000158445",17725
"ENSG00000158457",3530
"ENSG00000158458",4601
"ENSG00000158467",6851
"ENSG00000158470",4722
"ENSG00000158473",4359
"ENSG00000158477",1809
"ENSG00000158480",4291
"ENSG00000158481",2442
"ENSG00000158482",1007
"ENSG00000158483",992
"ENSG00000158485",1395
"ENSG00000158486",15023
"ENSG00000158488",2203
"ENSG00000158497",381
"ENSG00000158516",1793
"ENSG00000158517",3413
"ENSG00000158525",2965
"ENSG00000158526",4076
"ENSG00000158528",11194
"ENSG00000158545",8624
"ENSG00000158552",3398
"ENSG00000158553",4143
"ENSG00000158555",9905
"ENSG00000158560",4568
"ENSG00000158571",2168
"ENSG00000158578",2047
"ENSG00000158604",5271
"ENSG00000158615",9335
"ENSG00000158623",4139
"ENSG00000158636",11789
"ENSG00000158639",752
"ENSG00000158669",7939
"ENSG00000158683",11536
"ENSG00000158691",11500
"ENSG00000158710",2262
"ENSG00000158711",12191
"ENSG00000158714",3178
"ENSG00000158715",3752
"ENSG00000158716",827
"ENSG00000158717",4377
"ENSG00000158731",930
"ENSG00000158747",3448
"ENSG00000158748",3800
"ENSG00000158764",1646
"ENSG00000158769",4893
"ENSG00000158773",2336
"ENSG00000158786",6438
"ENSG00000158792",2468
"ENSG00000158793",3794
"ENSG00000158796",2821
"ENSG00000158805",7456
"ENSG00000158806",2063
"ENSG00000158813",7002
"ENSG00000158815",3287
"ENSG00000158816",11045
"ENSG00000158825",820
"ENSG00000158828",4833
"ENSG00000158850",3890
"ENSG00000158856",4525
"ENSG00000158859",10338
"ENSG00000158863",8300
"ENSG00000158864",8898
"ENSG00000158865",3415
"ENSG00000158869",964
"ENSG00000158874",947
"ENSG00000158882",3291
"ENSG00000158887",2150
"ENSG00000158901",1529
"ENSG00000158941",5859
"ENSG00000158955",6909
"ENSG00000158966",7022
"ENSG00000158985",6024
"ENSG00000158987",11231
"ENSG00000159023",19993
"ENSG00000159055",1694
"ENSG00000159063",9465
"ENSG00000159069",3294
"ENSG00000159079",5403
"ENSG00000159082",8062
"ENSG00000159086",7146
"ENSG00000159110",13865
"ENSG00000159111",2771
"ENSG00000159128",2539
"ENSG00000159131",7751
"ENSG00000159140",12752
"ENSG00000159147",3511
"ENSG00000159164",4786
"ENSG00000159166",3261
"ENSG00000159167",4134
"ENSG00000159173",7488
"ENSG00000159176",10318
"ENSG00000159182",382
"ENSG00000159184",3039
"ENSG00000159186",636
"ENSG00000159189",1736
"ENSG00000159197",3621
"ENSG00000159199",2615
"ENSG00000159200",6964
"ENSG00000159202",5715
"ENSG00000159208",2849
"ENSG00000159210",4995
"ENSG00000159212",4255
"ENSG00000159214",3563
"ENSG00000159216",15574
"ENSG00000159217",9631
"ENSG00000159224",716
"ENSG00000159228",2450
"ENSG00000159231",998
"ENSG00000159239",7033
"ENSG00000159247",1334
"ENSG00000159248",2922
"ENSG00000159251",3097
"ENSG00000159256",6408
"ENSG00000159259",5104
"ENSG00000159261",2382
"ENSG00000159263",7670
"ENSG00000159267",10549
"ENSG00000159289",3505
"ENSG00000159307",12122
"ENSG00000159314",10862
"ENSG00000159322",6006
"ENSG00000159335",1706
"ENSG00000159337",5146
"ENSG00000159339",2971
"ENSG00000159346",3113
"ENSG00000159348",4495
"ENSG00000159352",3021
"ENSG00000159363",5253
"ENSG00000159374",3000
"ENSG00000159377",2125
"ENSG00000159387",2952
"ENSG00000159388",2757
"ENSG00000159398",3207
"ENSG00000159399",5918
"ENSG00000159403",5803
"ENSG00000159409",6774
"ENSG00000159423",4074
"ENSG00000159433",20776
"ENSG00000159445",6937
"ENSG00000159450",6985
"ENSG00000159455",608
"ENSG00000159459",9928
"ENSG00000159461",5765
"ENSG00000159479",2704
"ENSG00000159495",2334
"ENSG00000159496",4715
"ENSG00000159516",589
"ENSG00000159527",2229
"ENSG00000159556",2171
"ENSG00000159579",6058
"ENSG00000159588",3323
"ENSG00000159592",7433
"ENSG00000159593",4790
"ENSG00000159596",1465
"ENSG00000159618",5630
"ENSG00000159625",5151
"ENSG00000159640",8365
"ENSG00000159648",3103
"ENSG00000159650",3444
"ENSG00000159658",16312
"ENSG00000159674",5985
"ENSG00000159685",2757
"ENSG00000159692",10541
"ENSG00000159708",4018
"ENSG00000159712",2980
"ENSG00000159713",2601
"ENSG00000159714",3531
"ENSG00000159720",8156
"ENSG00000159723",498
"ENSG00000159733",9612
"ENSG00000159753",7684
"ENSG00000159761",1790
"ENSG00000159763",578
"ENSG00000159784",6430
"ENSG00000159788",13762
"ENSG00000159792",3993
"ENSG00000159840",3267
"ENSG00000159842",12532
"ENSG00000159860",2421
"ENSG00000159871",5329
"ENSG00000159873",4326
"ENSG00000159882",6287
"ENSG00000159884",1459
"ENSG00000159885",2001
"ENSG00000159899",8353
"ENSG00000159904",1156
"ENSG00000159905",2717
"ENSG00000159915",4051
"ENSG00000159917",5989
"ENSG00000159921",5856
"ENSG00000159958",3923
"ENSG00000159961",3812
"ENSG00000160007",17353
"ENSG00000160013",4296
"ENSG00000160014",5235
"ENSG00000160049",6625
"ENSG00000160050",3873
"ENSG00000160051",2463
"ENSG00000160055",3571
"ENSG00000160058",6741
"ENSG00000160062",7077
"ENSG00000160072",7686
"ENSG00000160075",6919
"ENSG00000160087",4691
"ENSG00000160094",3384
"ENSG00000160097",3354
"ENSG00000160111",10195
"ENSG00000160113",2655
"ENSG00000160117",3569
"ENSG00000160124",1746
"ENSG00000160131",5107
"ENSG00000160145",34160
"ENSG00000160161",4360
"ENSG00000160172",1004
"ENSG00000160179",13266
"ENSG00000160180",922
"ENSG00000160181",699
"ENSG00000160182",492
"ENSG00000160183",4908
"ENSG00000160185",3918
"ENSG00000160188",2880
"ENSG00000160190",6854
"ENSG00000160191",5281
"ENSG00000160193",2738
"ENSG00000160194",6342
"ENSG00000160199",7621
"ENSG00000160200",6786
"ENSG00000160201",11095
"ENSG00000160202",1826
"ENSG00000160207",1909
"ENSG00000160208",5750
"ENSG00000160209",11912
"ENSG00000160211",5062
"ENSG00000160213",2740
"ENSG00000160214",4251
"ENSG00000160216",12315
"ENSG00000160218",11951
"ENSG00000160219",5272
"ENSG00000160221",7947
"ENSG00000160223",19441
"ENSG00000160224",4678
"ENSG00000160226",6063
"ENSG00000160229",5682
"ENSG00000160233",5845
"ENSG00000160255",7300
"ENSG00000160256",1371
"ENSG00000160271",7648
"ENSG00000160282",3425
"ENSG00000160284",2333
"ENSG00000160285",7238
"ENSG00000160293",5682
"ENSG00000160294",9570
"ENSG00000160298",5315
"ENSG00000160299",17507
"ENSG00000160305",15872
"ENSG00000160307",1806
"ENSG00000160310",8164
"ENSG00000160318",1156
"ENSG00000160321",11907
"ENSG00000160323",5708
"ENSG00000160325",3520
"ENSG00000160326",3531
"ENSG00000160336",5626
"ENSG00000160339",1062
"ENSG00000160345",1864
"ENSG00000160349",789
"ENSG00000160352",9842
"ENSG00000160360",5138
"ENSG00000160392",4886
"ENSG00000160396",2446
"ENSG00000160401",4704
"ENSG00000160404",3790
"ENSG00000160408",5307
"ENSG00000160410",3934
"ENSG00000160439",8602
"ENSG00000160445",4370
"ENSG00000160446",2596
"ENSG00000160447",3393
"ENSG00000160460",11766
"ENSG00000160469",3954
"ENSG00000160471",3720
"ENSG00000160472",605
"ENSG00000160505",3942
"ENSG00000160539",4349
"ENSG00000160551",17091
"ENSG00000160563",3857
"ENSG00000160570",2631
"ENSG00000160584",10920
"ENSG00000160588",3983
"ENSG00000160593",8600
"ENSG00000160602",4412
"ENSG00000160606",1336
"ENSG00000160613",22206
"ENSG00000160633",7036
"ENSG00000160654",3836
"ENSG00000160678",3030
"ENSG00000160679",5625
"ENSG00000160683",4293
"ENSG00000160685",4304
"ENSG00000160688",4019
"ENSG00000160691",4342
"ENSG00000160695",5775
"ENSG00000160703",5308
"ENSG00000160710",12864
"ENSG00000160712",6993
"ENSG00000160714",4206
"ENSG00000160716",5882
"ENSG00000160741",3602
"ENSG00000160746",5285
"ENSG00000160752",3718
"ENSG00000160753",5637
"ENSG00000160766",1546
"ENSG00000160767",4574
"ENSG00000160781",2531
"ENSG00000160783",2520
"ENSG00000160785",7293
"ENSG00000160789",8568
"ENSG00000160791",3580
"ENSG00000160796",12058
"ENSG00000160799",5075
"ENSG00000160801",2783
"ENSG00000160803",3884
"ENSG00000160808",3161
"ENSG00000160813",1119
"ENSG00000160818",4622
"ENSG00000160838",2649
"ENSG00000160856",6450
"ENSG00000160862",2584
"ENSG00000160867",4810
"ENSG00000160868",3322
"ENSG00000160870",3532
"ENSG00000160877",5007
"ENSG00000160882",4206
"ENSG00000160883",3304
"ENSG00000160886",4049
"ENSG00000160888",5149
"ENSG00000160908",8611
"ENSG00000160917",4252
"ENSG00000160932",2638
"ENSG00000160948",3769
"ENSG00000160949",7081
"ENSG00000160951",1413
"ENSG00000160953",9876
"ENSG00000160957",4517
"ENSG00000160959",6130
"ENSG00000160961",11603
"ENSG00000160963",3101
"ENSG00000160972",5414
"ENSG00000160973",2017
"ENSG00000160991",11107
"ENSG00000160993",2299
"ENSG00000160994",1757
"ENSG00000160999",2404
"ENSG00000161010",8469
"ENSG00000161011",7535
"ENSG00000161013",5495
"ENSG00000161016",2159
"ENSG00000161021",5967
"ENSG00000161031",3107
"ENSG00000161036",5899
"ENSG00000161040",6185
"ENSG00000161048",7561
"ENSG00000161055",803
"ENSG00000161057",8637
"ENSG00000161082",6066
"ENSG00000161091",5290
"ENSG00000161103",1389
"ENSG00000161132",1240
"ENSG00000161133",920
"ENSG00000161179",1754
"ENSG00000161180",2951
"ENSG00000161202",6302
"ENSG00000161203",6709
"ENSG00000161204",5135
"ENSG00000161217",7967
"ENSG00000161243",2790
"ENSG00000161249",7444
"ENSG00000161265",2875
"ENSG00000161267",11814
"ENSG00000161270",6717
"ENSG00000161277",1803
"ENSG00000161281",586
"ENSG00000161298",11319
"ENSG00000161328",2765
"ENSG00000161381",9255
"ENSG00000161395",3619
"ENSG00000161405",10132
"ENSG00000161509",8584
"ENSG00000161513",3599
"ENSG00000161526",8133
"ENSG00000161533",8286
"ENSG00000161542",6747
"ENSG00000161544",2753
"ENSG00000161547",2976
"ENSG00000161551",11744
"ENSG00000161558",3523
"ENSG00000161594",2325
"ENSG00000161609",5619
"ENSG00000161610",577
"ENSG00000161618",4589
"ENSG00000161634",878
"ENSG00000161638",7383
"ENSG00000161640",3173
"ENSG00000161642",3189
"ENSG00000161643",3876
"ENSG00000161647",4491
"ENSG00000161649",4755
"ENSG00000161652",1597
"ENSG00000161653",2751
"ENSG00000161654",3116
"ENSG00000161664",2233
"ENSG00000161671",10749
"ENSG00000161677",1381
"ENSG00000161681",10491
"ENSG00000161682",3570
"ENSG00000161692",7146
"ENSG00000161714",6748
"ENSG00000161791",13415
"ENSG00000161798",1884
"ENSG00000161800",4487
"ENSG00000161807",936
"ENSG00000161813",8102
"ENSG00000161835",2823
"ENSG00000161847",6453
"ENSG00000161849",2092
"ENSG00000161850",2644
"ENSG00000161860",1475
"ENSG00000161888",2839
"ENSG00000161896",2793
"ENSG00000161904",6782
"ENSG00000161905",3387
"ENSG00000161911",1498
"ENSG00000161912",3848
"ENSG00000161914",3217
"ENSG00000161920",1475
"ENSG00000161921",2793
"ENSG00000161929",4249
"ENSG00000161939",1947
"ENSG00000161940",4345
"ENSG00000161944",2490
"ENSG00000161955",2276
"ENSG00000161956",3624
"ENSG00000161958",5080
"ENSG00000161960",5199
"ENSG00000161970",2476
"ENSG00000161973",1756
"ENSG00000161980",1869
"ENSG00000161981",2242
"ENSG00000161992",2245
"ENSG00000161996",10534
"ENSG00000161999",2628
"ENSG00000162004",4147
"ENSG00000162006",2314
"ENSG00000162009",4366
"ENSG00000162032",3099
"ENSG00000162039",2303
"ENSG00000162040",1236
"ENSG00000162062",2848
"ENSG00000162063",6309
"ENSG00000162065",13245
"ENSG00000162066",4366
"ENSG00000162068",2188
"ENSG00000162069",4708
"ENSG00000162073",2942
"ENSG00000162076",1338
"ENSG00000162078",2579
"ENSG00000162086",8063
"ENSG00000162104",10613
"ENSG00000162105",18894
"ENSG00000162129",14541
"ENSG00000162139",7212
"ENSG00000162144",10572
"ENSG00000162148",2400
"ENSG00000162174",4586
"ENSG00000162188",864
"ENSG00000162191",2532
"ENSG00000162194",3726
"ENSG00000162222",2657
"ENSG00000162227",3095
"ENSG00000162231",6194
"ENSG00000162236",2881
"ENSG00000162241",7855
"ENSG00000162244",2011
"ENSG00000162267",5711
"ENSG00000162298",5495
"ENSG00000162300",3120
"ENSG00000162302",3807
"ENSG00000162337",6182
"ENSG00000162341",7253
"ENSG00000162344",1821
"ENSG00000162365",3842
"ENSG00000162366",1430
"ENSG00000162367",5705
"ENSG00000162368",4437
"ENSG00000162373",2142
"ENSG00000162374",8368
"ENSG00000162377",4148
"ENSG00000162378",8206
"ENSG00000162383",5413
"ENSG00000162384",4504
"ENSG00000162385",1363
"ENSG00000162390",9770
"ENSG00000162391",2006
"ENSG00000162396",2356
"ENSG00000162398",1777
"ENSG00000162399",9761
"ENSG00000162402",12042
"ENSG00000162407",5272
"ENSG00000162408",7271
"ENSG00000162409",9355
"ENSG00000162413",6670
"ENSG00000162415",6095
"ENSG00000162419",6413
"ENSG00000162426",2600
"ENSG00000162430",4403
"ENSG00000162433",7578
"ENSG00000162434",13174
"ENSG00000162437",6090
"ENSG00000162438",3483
"ENSG00000162441",5459
"ENSG00000162444",862
"ENSG00000162456",2933
"ENSG00000162458",4351
"ENSG00000162460",1443
"ENSG00000162461",3338
"ENSG00000162482",1215
"ENSG00000162490",7365
"ENSG00000162493",3707
"ENSG00000162494",2168
"ENSG00000162496",5881
"ENSG00000162510",4604
"ENSG00000162511",3228
"ENSG00000162512",7065
"ENSG00000162517",2223
"ENSG00000162520",3722
"ENSG00000162521",9470
"ENSG00000162522",6020
"ENSG00000162526",1849
"ENSG00000162542",4027
"ENSG00000162543",5562
"ENSG00000162545",2605
"ENSG00000162551",2980
"ENSG00000162552",4650
"ENSG00000162571",3998
"ENSG00000162572",4025
"ENSG00000162576",3622
"ENSG00000162585",10916
"ENSG00000162591",9021
"ENSG00000162592",4238
"ENSG00000162594",4561
"ENSG00000162595",2647
"ENSG00000162598",4422
"ENSG00000162599",59428
"ENSG00000162600",3718
"ENSG00000162601",27812
"ENSG00000162604",5516
"ENSG00000162607",3869
"ENSG00000162613",7619
"ENSG00000162614",4436
"ENSG00000162616",3702
"ENSG00000162618",5798
"ENSG00000162620",8759
"ENSG00000162621",4358
"ENSG00000162623",4616
"ENSG00000162624",4471
"ENSG00000162627",2067
"ENSG00000162630",3548
"ENSG00000162631",10496
"ENSG00000162636",9350
"ENSG00000162639",2426
"ENSG00000162641",5039
"ENSG00000162642",3420
"ENSG00000162643",3923
"ENSG00000162645",7223
"ENSG00000162650",5422
"ENSG00000162654",6141
"ENSG00000162664",10988
"ENSG00000162669",5814
"ENSG00000162670",4273
"ENSG00000162676",5642
"ENSG00000162685",208
"ENSG00000162687",7192
"ENSG00000162688",8157
"ENSG00000162692",6049
"ENSG00000162694",4015
"ENSG00000162695",9270
"ENSG00000162699",943
"ENSG00000162702",4895
"ENSG00000162704",10650
"ENSG00000162706",3847
"ENSG00000162711",5095
"ENSG00000162714",10552
"ENSG00000162722",5170
"ENSG00000162723",1139
"ENSG00000162727",939
"ENSG00000162728",4202
"ENSG00000162729",2592
"ENSG00000162733",11099
"ENSG00000162734",2763
"ENSG00000162735",4466
"ENSG00000162736",11484
"ENSG00000162738",5362
"ENSG00000162739",2746
"ENSG00000162745",3430
"ENSG00000162746",2611
"ENSG00000162747",2776
"ENSG00000162753",5123
"ENSG00000162755",1720
"ENSG00000162757",4684
"ENSG00000162761",4185
"ENSG00000162763",1372
"ENSG00000162769",6422
"ENSG00000162771",2302
"ENSG00000162772",3998
"ENSG00000162775",4670
"ENSG00000162777",6677
"ENSG00000162779",6089
"ENSG00000162782",4090
"ENSG00000162783",4201
"ENSG00000162804",13812
"ENSG00000162813",3113
"ENSG00000162814",6515
"ENSG00000162817",2891
"ENSG00000162819",4980
"ENSG00000162825",19689
"ENSG00000162836",11993
"ENSG00000162840",183
"ENSG00000162843",5622
"ENSG00000162849",14404
"ENSG00000162851",1784
"ENSG00000162852",5933
"ENSG00000162869",3998
"ENSG00000162873",3666
"ENSG00000162877",2611
"ENSG00000162878",3913
"ENSG00000162881",1637
"ENSG00000162882",2726
"ENSG00000162885",10364
"ENSG00000162888",2096
"ENSG00000162889",4232
"ENSG00000162891",1298
"ENSG00000162892",1979
"ENSG00000162894",3417
"ENSG00000162896",4372
"ENSG00000162897",3541
"ENSG00000162909",8585
"ENSG00000162910",1886
"ENSG00000162913",3862
"ENSG00000162923",12649
"ENSG00000162924",17129
"ENSG00000162927",12654
"ENSG00000162928",5910
"ENSG00000162929",7992
"ENSG00000162931",3553
"ENSG00000162944",5776
"ENSG00000162946",12929
"ENSG00000162947",3068
"ENSG00000162949",5191
"ENSG00000162951",5047
"ENSG00000162959",5220
"ENSG00000162961",2725
"ENSG00000162971",11558
"ENSG00000162972",1616
"ENSG00000162975",2292
"ENSG00000162976",2271
"ENSG00000162980",6721
"ENSG00000162981",8365
"ENSG00000162989",4907
"ENSG00000162992",8208
"ENSG00000162994",6642
"ENSG00000162997",541
"ENSG00000162998",2637
"ENSG00000162999",5379
"ENSG00000163001",2705
"ENSG00000163002",4025
"ENSG00000163006",5796
"ENSG00000163012",2760
"ENSG00000163013",8058
"ENSG00000163016",921
"ENSG00000163017",3811
"ENSG00000163026",3870
"ENSG00000163029",9824
"ENSG00000163032",3790
"ENSG00000163040",3077
"ENSG00000163041",3826
"ENSG00000163046",4947
"ENSG00000163050",4736
"ENSG00000163053",4932
"ENSG00000163060",2215
"ENSG00000163064",2856
"ENSG00000163069",4358
"ENSG00000163071",4975
"ENSG00000163072",5248
"ENSG00000163075",9655
"ENSG00000163081",1932
"ENSG00000163082",4983
"ENSG00000163083",3206
"ENSG00000163092",13337
"ENSG00000163093",4254
"ENSG00000163098",1468
"ENSG00000163104",6313
"ENSG00000163106",2111
"ENSG00000163110",11090
"ENSG00000163114",1372
"ENSG00000163116",6076
"ENSG00000163121",2494
"ENSG00000163125",9241
"ENSG00000163126",4103
"ENSG00000163131",6888
"ENSG00000163132",2121
"ENSG00000163138",8232
"ENSG00000163141",3809
"ENSG00000163145",5340
"ENSG00000163154",1158
"ENSG00000163155",2508
"ENSG00000163156",3264
"ENSG00000163157",1843
"ENSG00000163159",1764
"ENSG00000163161",8412
"ENSG00000163162",5326
"ENSG00000163166",4167
"ENSG00000163170",3072
"ENSG00000163171",9964
"ENSG00000163191",649
"ENSG00000163202",625
"ENSG00000163206",770
"ENSG00000163207",2152
"ENSG00000163209",1441
"ENSG00000163214",7985
"ENSG00000163216",1052
"ENSG00000163217",6036
"ENSG00000163218",2273
"ENSG00000163219",5476
"ENSG00000163220",573
"ENSG00000163221",485
"ENSG00000163235",4917
"ENSG00000163239",2706
"ENSG00000163249",4707
"ENSG00000163251",7039
"ENSG00000163254",627
"ENSG00000163257",4816
"ENSG00000163263",674
"ENSG00000163273",1075
"ENSG00000163281",7216
"ENSG00000163283",2869
"ENSG00000163285",6758
"ENSG00000163286",2492
"ENSG00000163288",2952
"ENSG00000163291",12403
"ENSG00000163293",5983
"ENSG00000163295",3351
"ENSG00000163297",10149
"ENSG00000163312",3712
"ENSG00000163319",4866
"ENSG00000163320",6549
"ENSG00000163322",7699
"ENSG00000163328",7769
"ENSG00000163331",1325
"ENSG00000163344",1002
"ENSG00000163346",3851
"ENSG00000163347",3628
"ENSG00000163348",3664
"ENSG00000163349",9148
"ENSG00000163352",730
"ENSG00000163354",3071
"ENSG00000163357",3193
"ENSG00000163359",21516
"ENSG00000163362",5341
"ENSG00000163364",4636
"ENSG00000163374",8219
"ENSG00000163376",4736
"ENSG00000163377",3255
"ENSG00000163378",5365
"ENSG00000163380",5083
"ENSG00000163382",10113
"ENSG00000163389",7072
"ENSG00000163393",5277
"ENSG00000163394",1746
"ENSG00000163395",12117
"ENSG00000163399",7277
"ENSG00000163406",5984
"ENSG00000163412",10808
"ENSG00000163421",1613
"ENSG00000163424",1964
"ENSG00000163428",7918
"ENSG00000163430",9409
"ENSG00000163431",3927
"ENSG00000163435",7186
"ENSG00000163440",900
"ENSG00000163444",4038
"ENSG00000163449",3628
"ENSG00000163453",1930
"ENSG00000163462",4533
"ENSG00000163463",3814
"ENSG00000163464",2459
"ENSG00000163466",6515
"ENSG00000163467",1115
"ENSG00000163468",3864
"ENSG00000163472",3032
"ENSG00000163479",6643
"ENSG00000163481",1886
"ENSG00000163482",6415
"ENSG00000163485",4191
"ENSG00000163491",13183
"ENSG00000163492",15497
"ENSG00000163497",1576
"ENSG00000163499",1455
"ENSG00000163501",2473
"ENSG00000163507",4579
"ENSG00000163508",3656
"ENSG00000163510",3524
"ENSG00000163512",6272
"ENSG00000163513",7080
"ENSG00000163515",1131
"ENSG00000163516",6103
"ENSG00000163517",5231
"ENSG00000163518",3882
"ENSG00000163519",2456
"ENSG00000163520",4818
"ENSG00000163521",3419
"ENSG00000163527",6084
"ENSG00000163528",1772
"ENSG00000163530",1383
"ENSG00000163531",21271
"ENSG00000163534",6104
"ENSG00000163535",6336
"ENSG00000163536",2128
"ENSG00000163539",15211
"ENSG00000163541",4162
"ENSG00000163545",3391
"ENSG00000163554",10108
"ENSG00000163558",5778
"ENSG00000163563",2025
"ENSG00000163564",3484
"ENSG00000163565",5294
"ENSG00000163568",8520
"ENSG00000163576",4163
"ENSG00000163577",5541
"ENSG00000163581",3411
"ENSG00000163584",2051
"ENSG00000163586",2416
"ENSG00000163590",12442
"ENSG00000163596",10379
"ENSG00000163597",10833
"ENSG00000163599",2329
"ENSG00000163600",2630
"ENSG00000163602",8477
"ENSG00000163605",5945
"ENSG00000163606",3890
"ENSG00000163607",3720
"ENSG00000163608",6490
"ENSG00000163611",7941
"ENSG00000163612",987
"ENSG00000163617",5284
"ENSG00000163618",14665
"ENSG00000163623",3930
"ENSG00000163624",4309
"ENSG00000163625",18000
"ENSG00000163626",6976
"ENSG00000163629",9496
"ENSG00000163630",4042
"ENSG00000163631",3395
"ENSG00000163632",1617
"ENSG00000163633",2100
"ENSG00000163634",1749
"ENSG00000163635",15319
"ENSG00000163636",9056
"ENSG00000163637",14738
"ENSG00000163638",10680
"ENSG00000163644",11371
"ENSG00000163645",2075
"ENSG00000163646",3351
"ENSG00000163655",8765
"ENSG00000163659",4800
"ENSG00000163660",8729
"ENSG00000163661",1884
"ENSG00000163666",1493
"ENSG00000163673",5779
"ENSG00000163681",17058
"ENSG00000163682",4938
"ENSG00000163683",6527
"ENSG00000163684",8376
"ENSG00000163686",3563
"ENSG00000163687",2992
"ENSG00000163689",9455
"ENSG00000163694",8544
"ENSG00000163697",12950
"ENSG00000163701",4673
"ENSG00000163702",4535
"ENSG00000163703",9266
"ENSG00000163704",6862
"ENSG00000163705",1919
"ENSG00000163710",3533
"ENSG00000163714",11297
"ENSG00000163719",6019
"ENSG00000163728",7900
"ENSG00000163734",2219
"ENSG00000163735",2436
"ENSG00000163736",1866
"ENSG00000163737",978
"ENSG00000163738",9819
"ENSG00000163739",1362
"ENSG00000163743",6337
"ENSG00000163746",2836
"ENSG00000163749",6037
"ENSG00000163751",1815
"ENSG00000163754",7551
"ENSG00000163755",6202
"ENSG00000163762",4357
"ENSG00000163781",7337
"ENSG00000163785",8162
"ENSG00000163788",6981
"ENSG00000163792",5123
"ENSG00000163793",2338
"ENSG00000163794",795
"ENSG00000163795",2370
"ENSG00000163798",8977
"ENSG00000163803",8603
"ENSG00000163806",3483
"ENSG00000163807",5216
"ENSG00000163808",5281
"ENSG00000163810",5578
"ENSG00000163811",4103
"ENSG00000163812",13449
"ENSG00000163814",6508
"ENSG00000163815",985
"ENSG00000163817",9123
"ENSG00000163818",9391
"ENSG00000163820",10329
"ENSG00000163823",2646
"ENSG00000163825",1578
"ENSG00000163827",5774
"ENSG00000163832",3264
"ENSG00000163833",5669
"ENSG00000163840",5768
"ENSG00000163848",13089
"ENSG00000163864",12983
"ENSG00000163866",10337
"ENSG00000163867",9568
"ENSG00000163870",5621
"ENSG00000163872",10232
"ENSG00000163873",10497
"ENSG00000163874",3091
"ENSG00000163875",6061
"ENSG00000163877",5718
"ENSG00000163879",4456
"ENSG00000163882",3154
"ENSG00000163884",2814
"ENSG00000163885",3382
"ENSG00000163888",1452
"ENSG00000163898",4097
"ENSG00000163900",8668
"ENSG00000163902",3965
"ENSG00000163904",7102
"ENSG00000163909",4077
"ENSG00000163913",23567
"ENSG00000163914",2768
"ENSG00000163915",3415
"ENSG00000163918",2997
"ENSG00000163923",1033
"ENSG00000163930",4718
"ENSG00000163931",9502
"ENSG00000163932",4909
"ENSG00000163933",8199
"ENSG00000163935",5681
"ENSG00000163938",3238
"ENSG00000163939",9654
"ENSG00000163945",16920
"ENSG00000163946",9853
"ENSG00000163947",6576
"ENSG00000163950",1884
"ENSG00000163956",11816
"ENSG00000163958",2429
"ENSG00000163959",5263
"ENSG00000163960",11250
"ENSG00000163961",5347
"ENSG00000163964",4427
"ENSG00000163975",14808
"ENSG00000163982",1981
"ENSG00000163993",471
"ENSG00000163995",6166
"ENSG00000164002",2574
"ENSG00000164007",3602
"ENSG00000164008",5612
"ENSG00000164010",5720
"ENSG00000164011",2036
"ENSG00000164022",9258
"ENSG00000164023",7635
"ENSG00000164024",4074
"ENSG00000164031",12970
"ENSG00000164032",2270
"ENSG00000164035",5172
"ENSG00000164037",2957
"ENSG00000164038",8611
"ENSG00000164039",5213
"ENSG00000164040",4626
"ENSG00000164045",4145
"ENSG00000164047",745
"ENSG00000164048",5521
"ENSG00000164049",3488
"ENSG00000164050",9768
"ENSG00000164051",2410
"ENSG00000164053",5431
"ENSG00000164054",4338
"ENSG00000164056",3963
"ENSG00000164061",16241
"ENSG00000164062",4425
"ENSG00000164066",16041
"ENSG00000164068",7419
"ENSG00000164070",11439
"ENSG00000164073",8849
"ENSG00000164074",6724
"ENSG00000164076",3613
"ENSG00000164077",6446
"ENSG00000164078",5352
"ENSG00000164080",12121
"ENSG00000164081",5688
"ENSG00000164082",7098
"ENSG00000164086",5669
"ENSG00000164087",2274
"ENSG00000164088",3607
"ENSG00000164089",2942
"ENSG00000164091",5719
"ENSG00000164093",5995
"ENSG00000164096",2960
"ENSG00000164099",5725
"ENSG00000164100",6854
"ENSG00000164104",2401
"ENSG00000164105",1309
"ENSG00000164106",5103
"ENSG00000164107",3601
"ENSG00000164109",5517
"ENSG00000164111",2925
"ENSG00000164112",3061
"ENSG00000164113",2699
"ENSG00000164114",8857
"ENSG00000164116",10461
"ENSG00000164117",2213
"ENSG00000164118",7079
"ENSG00000164120",5531
"ENSG00000164122",4218
"ENSG00000164123",1486
"ENSG00000164124",9248
"ENSG00000164125",7880
"ENSG00000164128",3980
"ENSG00000164129",3338
"ENSG00000164134",10035
"ENSG00000164136",7876
"ENSG00000164142",11843
"ENSG00000164144",4269
"ENSG00000164151",8681
"ENSG00000164161",11939
"ENSG00000164162",4522
"ENSG00000164163",6254
"ENSG00000164164",9513
"ENSG00000164167",3975
"ENSG00000164168",4709
"ENSG00000164169",3952
"ENSG00000164171",7896
"ENSG00000164172",6009
"ENSG00000164175",3223
"ENSG00000164176",5825
"ENSG00000164180",9598
"ENSG00000164181",4461
"ENSG00000164182",6912
"ENSG00000164185",2731
"ENSG00000164187",8352
"ENSG00000164188",4884
"ENSG00000164190",12519
"ENSG00000164197",5435
"ENSG00000164199",33822
"ENSG00000164209",8270
"ENSG00000164211",5684
"ENSG00000164219",10069
"ENSG00000164220",3408
"ENSG00000164221",3149
"ENSG00000164236",10043
"ENSG00000164237",4882
"ENSG00000164241",4527
"ENSG00000164244",9052
"ENSG00000164251",2930
"ENSG00000164252",5032
"ENSG00000164253",7141
"ENSG00000164256",3686
"ENSG00000164258",1174
"ENSG00000164265",1075
"ENSG00000164266",1361
"ENSG00000164270",12035
"ENSG00000164283",2692
"ENSG00000164284",4419
"ENSG00000164287",4522
"ENSG00000164291",4325
"ENSG00000164292",8827
"ENSG00000164294",4045
"ENSG00000164296",4127
"ENSG00000164299",1918
"ENSG00000164300",9962
"ENSG00000164303",4615
"ENSG00000164304",3511
"ENSG00000164305",7650
"ENSG00000164306",2789
"ENSG00000164307",7945
"ENSG00000164308",6953
"ENSG00000164309",14220
"ENSG00000164318",6183
"ENSG00000164323",7192
"ENSG00000164325",1761
"ENSG00000164326",1104
"ENSG00000164327",13457
"ENSG00000164329",7004
"ENSG00000164330",6316
"ENSG00000164331",2785
"ENSG00000164332",2463
"ENSG00000164334",1379
"ENSG00000164338",6324
"ENSG00000164342",7496
"ENSG00000164344",2714
"ENSG00000164346",4962
"ENSG00000164347",3971
"ENSG00000164362",5920
"ENSG00000164363",2095
"ENSG00000164366",9642
"ENSG00000164379",2661
"ENSG00000164385",8079
"ENSG00000164393",2013
"ENSG00000164398",16996
"ENSG00000164399",924
"ENSG00000164400",788
"ENSG00000164402",7709
"ENSG00000164403",4181
"ENSG00000164404",4028
"ENSG00000164405",2218
"ENSG00000164406",1283
"ENSG00000164411",2727
"ENSG00000164414",1994
"ENSG00000164418",26797
"ENSG00000164430",4174
"ENSG00000164434",2487
"ENSG00000164438",1534
"ENSG00000164440",5511
"ENSG00000164442",2563
"ENSG00000164451",4190
"ENSG00000164458",2603
"ENSG00000164463",12333
"ENSG00000164465",6819
"ENSG00000164466",7407
"ENSG00000164483",6900
"ENSG00000164484",5858
"ENSG00000164485",2897
"ENSG00000164488",4246
"ENSG00000164494",3921
"ENSG00000164500",1607
"ENSG00000164506",26928
"ENSG00000164508",1045
"ENSG00000164509",11428
"ENSG00000164512",2948
"ENSG00000164520",7171
"ENSG00000164530",2305
"ENSG00000164532",1828
"ENSG00000164535",5715
"ENSG00000164542",6797
"ENSG00000164543",5683
"ENSG00000164548",3516
"ENSG00000164556",1595
"ENSG00000164574",10496
"ENSG00000164576",6714
"ENSG00000164587",5082
"ENSG00000164588",13755
"ENSG00000164591",5861
"ENSG00000164597",8397
"ENSG00000164600",1959
"ENSG00000164603",4097
"ENSG00000164604",7582
"ENSG00000164609",4769
"ENSG00000164610",5745
"ENSG00000164611",1975
"ENSG00000164615",7414
"ENSG00000164616",1387
"ENSG00000164619",7990
"ENSG00000164620",2583
"ENSG00000164621",2074
"ENSG00000164626",3783
"ENSG00000164627",11871
"ENSG00000164631",5321
"ENSG00000164638",5840
"ENSG00000164645",1039
"ENSG00000164647",1544
"ENSG00000164649",3894
"ENSG00000164651",3722
"ENSG00000164654",6714
"ENSG00000164659",8070
"ENSG00000164663",10935
"ENSG00000164669",1935
"ENSG00000164674",2896
"ENSG00000164675",6100
"ENSG00000164683",5487
"ENSG00000164684",15782
"ENSG00000164687",1904
"ENSG00000164690",5234
"ENSG00000164691",4355
"ENSG00000164692",10812
"ENSG00000164694",6850
"ENSG00000164695",1852
"ENSG00000164707",8177
"ENSG00000164708",837
"ENSG00000164713",5139
"ENSG00000164715",9167
"ENSG00000164729",1874
"ENSG00000164733",10530
"ENSG00000164736",2346
"ENSG00000164740",306
"ENSG00000164741",12794
"ENSG00000164742",13966
"ENSG00000164743",1420
"ENSG00000164744",1720
"ENSG00000164746",2275
"ENSG00000164749",4797
"ENSG00000164751",4969
"ENSG00000164754",14382
"ENSG00000164756",6279
"ENSG00000164758",1440
"ENSG00000164761",2512
"ENSG00000164764",4280
"ENSG00000164776",2753
"ENSG00000164778",3395
"ENSG00000164794",6912
"ENSG00000164796",20407
"ENSG00000164808",7174
"ENSG00000164815",3724
"ENSG00000164816",454
"ENSG00000164818",7139
"ENSG00000164821",587
"ENSG00000164822",465
"ENSG00000164823",4655
"ENSG00000164825",375
"ENSG00000164828",11850
"ENSG00000164830",8501
"ENSG00000164841",7419
"ENSG00000164845",969
"ENSG00000164849",3190
"ENSG00000164850",3123
"ENSG00000164853",2091
"ENSG00000164855",7612
"ENSG00000164867",5931
"ENSG00000164871",1973
"ENSG00000164877",8811
"ENSG00000164879",2279
"ENSG00000164880",9084
"ENSG00000164885",2302
"ENSG00000164889",7570
"ENSG00000164893",2235
"ENSG00000164896",3774
"ENSG00000164897",1963
"ENSG00000164898",1328
"ENSG00000164900",2193
"ENSG00000164902",3662
"ENSG00000164904",17914
"ENSG00000164916",13106
"ENSG00000164919",2712
"ENSG00000164920",2930
"ENSG00000164924",8557
"ENSG00000164929",3994
"ENSG00000164930",4065
"ENSG00000164932",1745
"ENSG00000164933",3654
"ENSG00000164934",9199
"ENSG00000164935",2778
"ENSG00000164938",5643
"ENSG00000164941",7866
"ENSG00000164944",10775
"ENSG00000164946",8274
"ENSG00000164949",2648
"ENSG00000164951",5604
"ENSG00000164953",11732
"ENSG00000164961",4763
"ENSG00000164967",1092
"ENSG00000164970",3782
"ENSG00000164972",1435
"ENSG00000164975",5102
"ENSG00000164976",6447
"ENSG00000164978",1075
"ENSG00000164983",14647
"ENSG00000164985",6744
"ENSG00000164989",12194
"ENSG00000165006",2772
"ENSG00000165023",4443
"ENSG00000165025",5210
"ENSG00000165028",5630
"ENSG00000165029",11343
"ENSG00000165030",2718
"ENSG00000165046",6114
"ENSG00000165055",6749
"ENSG00000165059",1610
"ENSG00000165060",7261
"ENSG00000165061",3691
"ENSG00000165066",2561
"ENSG00000165071",3336
"ENSG00000165072",3589
"ENSG00000165076",2222
"ENSG00000165078",2887
"ENSG00000165084",10267
"ENSG00000165091",8712
"ENSG00000165092",2840
"ENSG00000165097",5619
"ENSG00000165102",8934
"ENSG00000165105",6644
"ENSG00000165113",3402
"ENSG00000165115",7739
"ENSG00000165118",2754
"ENSG00000165119",5700
"ENSG00000165120",1368
"ENSG00000165121",1695
"ENSG00000165124",14191
"ENSG00000165125",11903
"ENSG00000165131",929
"ENSG00000165138",8862
"ENSG00000165140",1910
"ENSG00000165152",5549
"ENSG00000165156",6733
"ENSG00000165164",11443
"ENSG00000165168",4806
"ENSG00000165169",3120
"ENSG00000165171",1450
"ENSG00000165175",4829
"ENSG00000165178",1427
"ENSG00000165181",6443
"ENSG00000165182",1845
"ENSG00000165185",13139
"ENSG00000165186",12883
"ENSG00000165188",3646
"ENSG00000165192",3124
"ENSG00000165194",9756
"ENSG00000165195",6294
"ENSG00000165197",2185
"ENSG00000165202",945
"ENSG00000165204",951
"ENSG00000165209",8121
"ENSG00000165215",1274
"ENSG00000165219",13625
"ENSG00000165233",3082
"ENSG00000165238",13507
"ENSG00000165240",28126
"ENSG00000165244",3687
"ENSG00000165246",8593
"ENSG00000165259",7258
"ENSG00000165264",1386
"ENSG00000165269",5253
"ENSG00000165271",5994
"ENSG00000165272",2911
"ENSG00000165275",2866
"ENSG00000165280",10042
"ENSG00000165282",10432
"ENSG00000165283",1806
"ENSG00000165288",14234
"ENSG00000165300",21942
"ENSG00000165304",3087
"ENSG00000165309",6999
"ENSG00000165312",3303
"ENSG00000165322",5944
"ENSG00000165323",19640
"ENSG00000165325",4227
"ENSG00000165338",11550
"ENSG00000165349",2268
"ENSG00000165355",3804
"ENSG00000165359",7177
"ENSG00000165370",8032
"ENSG00000165376",3412
"ENSG00000165379",6834
"ENSG00000165383",1814
"ENSG00000165389",2662
"ENSG00000165392",8222
"ENSG00000165406",7516
"ENSG00000165409",9913
"ENSG00000165410",4942
"ENSG00000165416",15102
"ENSG00000165417",6826
"ENSG00000165424",5048
"ENSG00000165434",8782
"ENSG00000165443",4040
"ENSG00000165449",4197
"ENSG00000165457",1415
"ENSG00000165458",6574
"ENSG00000165462",1784
"ENSG00000165471",3617
"ENSG00000165474",2474
"ENSG00000165475",4327
"ENSG00000165476",5215
"ENSG00000165478",3973
"ENSG00000165480",2998
"ENSG00000165487",3612
"ENSG00000165490",5339
"ENSG00000165494",9951
"ENSG00000165495",6538
"ENSG00000165496",772
"ENSG00000165501",2295
"ENSG00000165502",676
"ENSG00000165506",2977
"ENSG00000165507",2979
"ENSG00000165509",2763
"ENSG00000165511",18330
"ENSG00000165512",2103
"ENSG00000165516",6319
"ENSG00000165521",11201
"ENSG00000165525",9044
"ENSG00000165526",4081
"ENSG00000165527",3976
"ENSG00000165533",6257
"ENSG00000165548",6363
"ENSG00000165553",1778
"ENSG00000165555",2912
"ENSG00000165556",3517
"ENSG00000165566",10610
"ENSG00000165568",2417
"ENSG00000165572",5234
"ENSG00000165583",1516
"ENSG00000165584",2108
"ENSG00000165588",3398
"ENSG00000165591",2016
"ENSG00000165606",3078
"ENSG00000165609",4707
"ENSG00000165617",4584
"ENSG00000165621",2665
"ENSG00000165623",870
"ENSG00000165626",10070
"ENSG00000165629",2308
"ENSG00000165630",12262
"ENSG00000165632",11462
"ENSG00000165633",8655
"ENSG00000165637",2803
"ENSG00000165643",3642
"ENSG00000165644",1908
"ENSG00000165646",4125
"ENSG00000165650",9854
"ENSG00000165655",3205
"ENSG00000165660",2955
"ENSG00000165661",7687
"ENSG00000165669",15023
"ENSG00000165671",21794
"ENSG00000165672",3379
"ENSG00000165675",5858
"ENSG00000165678",6575
"ENSG00000165682",3670
"ENSG00000165684",7520
"ENSG00000165685",3492
"ENSG00000165688",11323
"ENSG00000165689",3138
"ENSG00000165694",3642
"ENSG00000165695",2731
"ENSG00000165698",2823
"ENSG00000165699",18668
"ENSG00000165702",6104
"ENSG00000165704",1612
"ENSG00000165714",6522
"ENSG00000165716",3394
"ENSG00000165724",2392
"ENSG00000165730",3914
"ENSG00000165731",8973
"ENSG00000165732",9274
"ENSG00000165733",7759
"ENSG00000165752",3553
"ENSG00000165757",9574
"ENSG00000165762",8694
"ENSG00000165775",10094
"ENSG00000165782",3694
"ENSG00000165792",4246
"ENSG00000165794",1575
"ENSG00000165795",7550
"ENSG00000165799",1409
"ENSG00000165801",8194
"ENSG00000165802",4915
"ENSG00000165804",6663
"ENSG00000165805",5609
"ENSG00000165806",3612
"ENSG00000165807",3076
"ENSG00000165810",5563
"ENSG00000165813",9003
"ENSG00000165816",6353
"ENSG00000165819",5861
"ENSG00000165821",5383
"ENSG00000165828",749
"ENSG00000165832",3599
"ENSG00000165837",2943
"ENSG00000165841",6263
"ENSG00000165861",5225
"ENSG00000165863",2411
"ENSG00000165868",21113
"ENSG00000165874",3544
"ENSG00000165879",2645
"ENSG00000165886",1647
"ENSG00000165887",1451
"ENSG00000165891",6291
"ENSG00000165895",9313
"ENSG00000165898",3025
"ENSG00000165899",12279
"ENSG00000165905",3151
"ENSG00000165912",2755
"ENSG00000165914",21268
"ENSG00000165915",4579
"ENSG00000165916",2276
"ENSG00000165917",1876
"ENSG00000165923",5477
"ENSG00000165929",6152
"ENSG00000165934",13563
"ENSG00000165935",2068
"ENSG00000165943",2529
"ENSG00000165948",2356
"ENSG00000165949",4144
"ENSG00000165953",2404
"ENSG00000165959",15703
"ENSG00000165966",4872
"ENSG00000165970",6920
"ENSG00000165972",4957
"ENSG00000165973",5314
"ENSG00000165983",4003
"ENSG00000165985",2376
"ENSG00000165995",11209
"ENSG00000165996",3854
"ENSG00000165997",7170
"ENSG00000166002",1106
"ENSG00000166004",9452
"ENSG00000166006",6443
"ENSG00000166007",1823
"ENSG00000166012",7970
"ENSG00000166013",1720
"ENSG00000166016",4976
"ENSG00000166024",3571
"ENSG00000166025",10030
"ENSG00000166033",2250
"ENSG00000166035",4992
"ENSG00000166037",7101
"ENSG00000166046",7151
"ENSG00000166049",4376
"ENSG00000166068",7750
"ENSG00000166069",5196
"ENSG00000166073",5187
"ENSG00000166086",5305
"ENSG00000166090",1367
"ENSG00000166091",2910
"ENSG00000166104",3196
"ENSG00000166105",8945
"ENSG00000166106",6006
"ENSG00000166111",7098
"ENSG00000166118",898
"ENSG00000166123",6362
"ENSG00000166126",4289
"ENSG00000166128",5103
"ENSG00000166130",4163
"ENSG00000166133",2489
"ENSG00000166135",13894
"ENSG00000166136",2071
"ENSG00000166140",4779
"ENSG00000166143",867
"ENSG00000166145",3542
"ENSG00000166147",18525
"ENSG00000166148",6222
"ENSG00000166152",1087
"ENSG00000166153",4699
"ENSG00000166159",4278
"ENSG00000166160",1261
"ENSG00000166164",8597
"ENSG00000166165",2383
"ENSG00000166166",3217
"ENSG00000166167",6613
"ENSG00000166169",5420
"ENSG00000166170",5096
"ENSG00000166171",1691
"ENSG00000166173",5552
"ENSG00000166181",4651
"ENSG00000166183",6119
"ENSG00000166188",5027
"ENSG00000166189",2688
"ENSG00000166192",4982
"ENSG00000166197",3970
"ENSG00000166199",2380
"ENSG00000166200",7511
"ENSG00000166206",13845
"ENSG00000166211",1217
"ENSG00000166220",4218
"ENSG00000166224",16032
"ENSG00000166225",7246
"ENSG00000166226",4230
"ENSG00000166228",1395
"ENSG00000166233",22878
"ENSG00000166246",4477
"ENSG00000166250",5100
"ENSG00000166257",10020
"ENSG00000166260",7103
"ENSG00000166261",5071
"ENSG00000166262",6018
"ENSG00000166263",18055
"ENSG00000166265",3271
"ENSG00000166266",6562
"ENSG00000166268",3601
"ENSG00000166272",7833
"ENSG00000166275",2672
"ENSG00000166278",7151
"ENSG00000166289",2298
"ENSG00000166292",2906
"ENSG00000166295",4324
"ENSG00000166311",2741
"ENSG00000166313",5234
"ENSG00000166317",5104
"ENSG00000166321",2521
"ENSG00000166323",3769
"ENSG00000166326",13107
"ENSG00000166329",805
"ENSG00000166333",3484
"ENSG00000166337",5819
"ENSG00000166340",6502
"ENSG00000166341",10783
"ENSG00000166342",8901
"ENSG00000166343",2423
"ENSG00000166347",9271
"ENSG00000166348",10338
"ENSG00000166349",8069
"ENSG00000166351",6955
"ENSG00000166352",10386
"ENSG00000166359",1845
"ENSG00000166363",954
"ENSG00000166368",927
"ENSG00000166377",14934
"ENSG00000166387",9800
"ENSG00000166391",4120
"ENSG00000166394",8595
"ENSG00000166396",2637
"ENSG00000166398",7424
"ENSG00000166401",5764
"ENSG00000166402",7004
"ENSG00000166405",9139
"ENSG00000166407",1705
"ENSG00000166408",925
"ENSG00000166411",6823
"ENSG00000166415",8573
"ENSG00000166426",959
"ENSG00000166428",3020
"ENSG00000166432",7514
"ENSG00000166435",9086
"ENSG00000166436",16410
"ENSG00000166439",7842
"ENSG00000166441",6816
"ENSG00000166444",14262
"ENSG00000166446",8825
"ENSG00000166448",4641
"ENSG00000166450",14630
"ENSG00000166451",5677
"ENSG00000166452",2300
"ENSG00000166454",6259
"ENSG00000166455",2376
"ENSG00000166471",4278
"ENSG00000166473",18637
"ENSG00000166477",2651
"ENSG00000166478",4222
"ENSG00000166479",7447
"ENSG00000166482",2102
"ENSG00000166483",9251
"ENSG00000166484",5196
"ENSG00000166492",971
"ENSG00000166501",11049
"ENSG00000166503",16110
"ENSG00000166507",4654
"ENSG00000166508",4960
"ENSG00000166509",3002
"ENSG00000166510",5133
"ENSG00000166523",2364
"ENSG00000166526",4686
"ENSG00000166527",2050
"ENSG00000166529",2142
"ENSG00000166530",229
"ENSG00000166532",8597
"ENSG00000166535",7156
"ENSG00000166546",7681
"ENSG00000166548",10339
"ENSG00000166557",19413
"ENSG00000166558",1991
"ENSG00000166562",4509
"ENSG00000166569",3545
"ENSG00000166573",11004
"ENSG00000166575",10096
"ENSG00000166578",2460
"ENSG00000166579",7956
"ENSG00000166582",2850
"ENSG00000166589",3589
"ENSG00000166592",1585
"ENSG00000166595",1060
"ENSG00000166596",3066
"ENSG00000166598",13092
"ENSG00000166603",1714
"ENSG00000166619",7869
"ENSG00000166634",4037
"ENSG00000166664",4149
"ENSG00000166669",6391
"ENSG00000166670",1759
"ENSG00000166676",5772
"ENSG00000166681",1112
"ENSG00000166682",2665
"ENSG00000166685",4996
"ENSG00000166689",11071
"ENSG00000166693",937
"ENSG00000166704",7612
"ENSG00000166707",3385
"ENSG00000166710",3121
"ENSG00000166716",8190
"ENSG00000166734",7105
"ENSG00000166736",2578
"ENSG00000166741",3534
"ENSG00000166743",2873
"ENSG00000166747",10980
"ENSG00000166750",10674
"ENSG00000166762",8093
"ENSG00000166763",5328
"ENSG00000166770",12254
"ENSG00000166780",3508
"ENSG00000166783",10906
"ENSG00000166787",365
"ENSG00000166788",3066
"ENSG00000166793",4460
"ENSG00000166794",4374
"ENSG00000166796",2089
"ENSG00000166797",2755
"ENSG00000166800",2587
"ENSG00000166801",7221
"ENSG00000166803",3675
"ENSG00000166813",5446
"ENSG00000166816",2368
"ENSG00000166819",3795
"ENSG00000166821",3171
"ENSG00000166822",5572
"ENSG00000166823",1094
"ENSG00000166825",5046
"ENSG00000166828",3477
"ENSG00000166831",2104
"ENSG00000166833",15162
"ENSG00000166839",5005
"ENSG00000166840",5440
"ENSG00000166845",6175
"ENSG00000166847",12683
"ENSG00000166848",4422
"ENSG00000166851",4760
"ENSG00000166855",5461
"ENSG00000166856",3411
"ENSG00000166860",6268
"ENSG00000166862",6482
"ENSG00000166863",1571
"ENSG00000166866",4450
"ENSG00000166869",1967
"ENSG00000166881",5730
"ENSG00000166884",945
"ENSG00000166886",2861
"ENSG00000166887",8345
"ENSG00000166888",7465
"ENSG00000166889",4335
"ENSG00000166896",3327
"ENSG00000166897",8791
"ENSG00000166900",7308
"ENSG00000166902",2172
"ENSG00000166908",3299
"ENSG00000166912",8838
"ENSG00000166913",7907
"ENSG00000166917",1610
"ENSG00000166920",1355
"ENSG00000166922",2196
"ENSG00000166923",14784
"ENSG00000166924",3589
"ENSG00000166925",3668
"ENSG00000166926",1584
"ENSG00000166927",4345
"ENSG00000166928",4006
"ENSG00000166930",914
"ENSG00000166938",5436
"ENSG00000166946",6655
"ENSG00000166947",2932
"ENSG00000166948",2299
"ENSG00000166949",10044
"ENSG00000166959",2568
"ENSG00000166960",4475
"ENSG00000166961",2282
"ENSG00000166963",10646
"ENSG00000166965",4958
"ENSG00000166971",5195
"ENSG00000166974",6136
"ENSG00000166979",4353
"ENSG00000166984",1666
"ENSG00000166986",7028
"ENSG00000166987",5566
"ENSG00000166997",2451
"ENSG00000167004",11774
"ENSG00000167005",5930
"ENSG00000167011",3885
"ENSG00000167014",1502
"ENSG00000167034",3278
"ENSG00000167037",8607
"ENSG00000167046",1933
"ENSG00000167065",4447
"ENSG00000167074",4702
"ENSG00000167077",7038
"ENSG00000167080",8961
"ENSG00000167081",4904
"ENSG00000167083",1689
"ENSG00000167085",5120
"ENSG00000167088",4862
"ENSG00000167094",6347
"ENSG00000167098",1475
"ENSG00000167100",7294
"ENSG00000167103",3327
"ENSG00000167104",1676
"ENSG00000167105",3062
"ENSG00000167106",6573
"ENSG00000167107",5797
"ENSG00000167110",11040
"ENSG00000167112",5832
"ENSG00000167113",4806
"ENSG00000167114",3229
"ENSG00000167117",3663
"ENSG00000167118",4368
"ENSG00000167123",6058
"ENSG00000167130",2238
"ENSG00000167131",3895
"ENSG00000167136",1145
"ENSG00000167139",1270
"ENSG00000167157",1305
"ENSG00000167165",5156
"ENSG00000167173",5807
"ENSG00000167178",5847
"ENSG00000167182",3570
"ENSG00000167183",1524
"ENSG00000167186",4105
"ENSG00000167191",6654
"ENSG00000167193",4064
"ENSG00000167194",1253
"ENSG00000167195",5603
"ENSG00000167196",11821
"ENSG00000167202",9763
"ENSG00000167207",7621
"ENSG00000167208",5750
"ENSG00000167210",9213
"ENSG00000167216",11174
"ENSG00000167220",4679
"ENSG00000167232",10308
"ENSG00000167244",7146
"ENSG00000167257",4407
"ENSG00000167258",12975
"ENSG00000167261",3498
"ENSG00000167264",4175
"ENSG00000167272",2177
"ENSG00000167280",6288
"ENSG00000167281",10099
"ENSG00000167283",8358
"ENSG00000167286",7946
"ENSG00000167291",11579
"ENSG00000167302",4762
"ENSG00000167306",12728
"ENSG00000167311",1497
"ENSG00000167315",4920
"ENSG00000167323",12040
"ENSG00000167325",4233
"ENSG00000167332",2907
"ENSG00000167333",4254
"ENSG00000167346",1738
"ENSG00000167355",3965
"ENSG00000167359",945
"ENSG00000167360",1096
"ENSG00000167363",3831
"ENSG00000167371",3755
"ENSG00000167377",7285
"ENSG00000167378",9870
"ENSG00000167380",6922
"ENSG00000167384",4783
"ENSG00000167390",1163
"ENSG00000167393",9045
"ENSG00000167394",3855
"ENSG00000167395",8635
"ENSG00000167397",2190
"ENSG00000167414",496
"ENSG00000167419",6433
"ENSG00000167434",2418
"ENSG00000167447",3744
"ENSG00000167459",4381
"ENSG00000167460",12378
"ENSG00000167461",4931
"ENSG00000167468",1840
"ENSG00000167470",4513
"ENSG00000167476",1950
"ENSG00000167483",6915
"ENSG00000167487",4744
"ENSG00000167491",7416
"ENSG00000167494",867
"ENSG00000167508",4717
"ENSG00000167513",2760
"ENSG00000167515",4463
"ENSG00000167522",19538
"ENSG00000167523",5808
"ENSG00000167524",7561
"ENSG00000167525",5095
"ENSG00000167526",7158
"ENSG00000167528",8502
"ENSG00000167531",1247
"ENSG00000167535",7153
"ENSG00000167536",2952
"ENSG00000167543",4570
"ENSG00000167548",25436
"ENSG00000167549",4310
"ENSG00000167550",1299
"ENSG00000167552",4067
"ENSG00000167553",4454
"ENSG00000167554",3548
"ENSG00000167555",8530
"ENSG00000167562",6294
"ENSG00000167565",1848
"ENSG00000167566",8090
"ENSG00000167578",3935
"ENSG00000167580",4306
"ENSG00000167588",3822
"ENSG00000167595",7412
"ENSG00000167600",2713
"ENSG00000167601",5134
"ENSG00000167604",3221
"ENSG00000167608",3062
"ENSG00000167612",3719
"ENSG00000167613",8071
"ENSG00000167614",7072
"ENSG00000167615",6145
"ENSG00000167617",935
"ENSG00000167618",1044
"ENSG00000167619",3605
"ENSG00000167625",4250
"ENSG00000167632",9655
"ENSG00000167633",1871
"ENSG00000167634",3939
"ENSG00000167635",4143
"ENSG00000167637",7200
"ENSG00000167641",1442
"ENSG00000167642",5085
"ENSG00000167644",611
"ENSG00000167645",4723
"ENSG00000167646",3302
"ENSG00000167653",1763
"ENSG00000167654",5304
"ENSG00000167656",1498
"ENSG00000167657",3549
"ENSG00000167658",4021
"ENSG00000167664",1267
"ENSG00000167670",4326
"ENSG00000167671",5247
"ENSG00000167674",4286
"ENSG00000167676",6505
"ENSG00000167680",4715
"ENSG00000167685",7143
"ENSG00000167693",5889
"ENSG00000167695",2736
"ENSG00000167699",4678
"ENSG00000167700",1827
"ENSG00000167701",2756
"ENSG00000167702",4447
"ENSG00000167703",10605
"ENSG00000167705",1892
"ENSG00000167711",2345
"ENSG00000167716",8086
"ENSG00000167720",3252
"ENSG00000167721",4802
"ENSG00000167723",9597
"ENSG00000167733",2991
"ENSG00000167740",2182
"ENSG00000167741",3161
"ENSG00000167747",717
"ENSG00000167748",2380
"ENSG00000167749",2004
"ENSG00000167751",6351
"ENSG00000167754",1653
"ENSG00000167755",1976
"ENSG00000167757",3113
"ENSG00000167759",2587
"ENSG00000167766",6405
"ENSG00000167767",4364
"ENSG00000167768",2488
"ENSG00000167769",1428
"ENSG00000167770",5328
"ENSG00000167771",3049
"ENSG00000167772",2475
"ENSG00000167774",580
"ENSG00000167775",2279
"ENSG00000167778",3463
"ENSG00000167779",1346
"ENSG00000167780",2073
"ENSG00000167785",8170
"ENSG00000167791",1488
"ENSG00000167792",5057
"ENSG00000167797",2019
"ENSG00000167798",4954
"ENSG00000167799",1482
"ENSG00000167800",1751
"ENSG00000167807",2090
"ENSG00000167815",2034
"ENSG00000167822",3806
"ENSG00000167825",945
"ENSG00000167840",3355
"ENSG00000167842",3157
"ENSG00000167850",2169
"ENSG00000167851",2705
"ENSG00000167858",3847
"ENSG00000167861",6197
"ENSG00000167862",1108
"ENSG00000167863",3231
"ENSG00000167874",874
"ENSG00000167880",7364
"ENSG00000167881",7505
"ENSG00000167889",6438
"ENSG00000167895",6411
"ENSG00000167900",1845
"ENSG00000167904",6630
"ENSG00000167910",2877
"ENSG00000167912",4986
"ENSG00000167914",2244
"ENSG00000167916",1883
"ENSG00000167920",3570
"ENSG00000167925",3930
"ENSG00000167930",6132
"ENSG00000167941",2296
"ENSG00000167962",4699
"ENSG00000167964",2488
"ENSG00000167965",4360
"ENSG00000167967",6388
"ENSG00000167968",2194
"ENSG00000167969",3204
"ENSG00000167971",5969
"ENSG00000167972",7804
"ENSG00000167977",3372
"ENSG00000167978",12968
"ENSG00000167981",5483
"ENSG00000167984",6689
"ENSG00000167985",2248
"ENSG00000167986",15516
"ENSG00000167987",3957
"ENSG00000167992",4765
"ENSG00000167994",3191
"ENSG00000167995",8688
"ENSG00000167996",2004
"ENSG00000168000",7855
"ENSG00000168002",1902
"ENSG00000168003",6392
"ENSG00000168004",3268
"ENSG00000168005",2737
"ENSG00000168010",8519
"ENSG00000168014",27209
"ENSG00000168016",12134
"ENSG00000168026",7701
"ENSG00000168028",7689
"ENSG00000168032",3586
"ENSG00000168036",11759
"ENSG00000168038",6279
"ENSG00000168040",1708
"ENSG00000168056",11521
"ENSG00000168060",4048
"ENSG00000168061",1772
"ENSG00000168062",2815
"ENSG00000168065",5158
"ENSG00000168066",5972
"ENSG00000168067",7645
"ENSG00000168070",2324
"ENSG00000168071",8350
"ENSG00000168077",4029
"ENSG00000168078",2148
"ENSG00000168079",4380
"ENSG00000168081",1990
"ENSG00000168090",2779
"ENSG00000168092",7084
"ENSG00000168096",7868
"ENSG00000168101",2200
"ENSG00000168116",6911
"ENSG00000168118",3310
"ENSG00000168122",3216
"ENSG00000168124",2959
"ENSG00000168126",939
"ENSG00000168129",559
"ENSG00000168131",1212
"ENSG00000168135",2065
"ENSG00000168137",24804
"ENSG00000168140",2816
"ENSG00000168143",6244
"ENSG00000168148",516
"ENSG00000168152",4332
"ENSG00000168158",1418
"ENSG00000168159",7097
"ENSG00000168172",15232
"ENSG00000168175",6974
"ENSG00000168209",2118
"ENSG00000168214",15311
"ENSG00000168216",10746
"ENSG00000168228",4364
"ENSG00000168229",3048
"ENSG00000168234",7545
"ENSG00000168237",4794
"ENSG00000168243",5194
"ENSG00000168246",2988
"ENSG00000168255",3190
"ENSG00000168256",5545
"ENSG00000168259",12944
"ENSG00000168263",2178
"ENSG00000168264",7346
"ENSG00000168267",1637
"ENSG00000168268",4799
"ENSG00000168269",2321
"ENSG00000168273",2481
"ENSG00000168275",2288
"ENSG00000168280",33151
"ENSG00000168282",2683
"ENSG00000168283",4395
"ENSG00000168286",1876
"ENSG00000168288",2150
"ENSG00000168291",4717
"ENSG00000168297",5355
"ENSG00000168298",787
"ENSG00000168300",7323
"ENSG00000168301",3086
"ENSG00000168303",7627
"ENSG00000168306",3823
"ENSG00000168309",5321
"ENSG00000168310",6723
"ENSG00000168314",9237
"ENSG00000168329",3656
"ENSG00000168333",2059
"ENSG00000168334",6467
"ENSG00000168348",2891
"ENSG00000168350",3948
"ENSG00000168356",12516
"ENSG00000168367",6876
"ENSG00000168374",2595
"ENSG00000168385",7378
"ENSG00000168386",7233
"ENSG00000168389",4007
"ENSG00000168393",2399
"ENSG00000168394",4738
"ENSG00000168395",10259
"ENSG00000168397",6638
"ENSG00000168398",6845
"ENSG00000168404",5692
"ENSG00000168405",1681
"ENSG00000168411",6456
"ENSG00000168412",8152
"ENSG00000168418",6825
"ENSG00000168421",6636
"ENSG00000168427",3780
"ENSG00000168434",4352
"ENSG00000168438",5955
"ENSG00000168439",4601
"ENSG00000168447",3881
"ENSG00000168453",7964
"ENSG00000168454",3352
"ENSG00000168461",5476
"ENSG00000168476",2266
"ENSG00000168477",15908
"ENSG00000168481",4509
"ENSG00000168484",3188
"ENSG00000168487",7067
"ENSG00000168488",6544
"ENSG00000168490",3931
"ENSG00000168491",3534
"ENSG00000168495",5583
"ENSG00000168496",2198
"ENSG00000168497",3054
"ENSG00000168502",12770
"ENSG00000168505",2332
"ENSG00000168509",2418
"ENSG00000168515",453
"ENSG00000168517",2008
"ENSG00000168522",9396
"ENSG00000168528",3452
"ENSG00000168530",1326
"ENSG00000168538",5841
"ENSG00000168539",3250
"ENSG00000168542",6758
"ENSG00000168546",5777
"ENSG00000168556",2695
"ENSG00000168564",4015
"ENSG00000168566",5837
"ENSG00000168569",2265
"ENSG00000168575",7715
"ENSG00000168582",622
"ENSG00000168589",1479
"ENSG00000168591",3709
"ENSG00000168594",5957
"ENSG00000168610",11236
"ENSG00000168612",2769
"ENSG00000168615",17704
"ENSG00000168619",3826
"ENSG00000168621",4628
"ENSG00000168630",155
"ENSG00000168631",5681
"ENSG00000168634",1350
"ENSG00000168646",5197
"ENSG00000168653",548
"ENSG00000168658",8307
"ENSG00000168661",2745
"ENSG00000168671",2683
"ENSG00000168672",5734
"ENSG00000168675",35894
"ENSG00000168676",7380
"ENSG00000168679",3164
"ENSG00000168685",6020
"ENSG00000168701",1787
"ENSG00000168702",16355
"ENSG00000168703",775
"ENSG00000168710",5035
"ENSG00000168724",14282
"ENSG00000168734",2466
"ENSG00000168743",6111
"ENSG00000168746",1876
"ENSG00000168748",1827
"ENSG00000168754",3533
"ENSG00000168757",1941
"ENSG00000168758",6264
"ENSG00000168763",5887
"ENSG00000168765",5352
"ENSG00000168769",16474
"ENSG00000168772",8112
"ENSG00000168778",5105
"ENSG00000168779",5011
"ENSG00000168781",8030
"ENSG00000168785",7412
"ENSG00000168792",3492
"ENSG00000168795",4690
"ENSG00000168802",3382
"ENSG00000168803",5734
"ENSG00000168806",6934
"ENSG00000168807",9857
"ENSG00000168811",1955
"ENSG00000168813",11239
"ENSG00000168818",5349
"ENSG00000168824",4355
"ENSG00000168826",2889
"ENSG00000168827",11789
"ENSG00000168828",939
"ENSG00000168830",1826
"ENSG00000168843",5324
"ENSG00000168852",728
"ENSG00000168872",7847
"ENSG00000168874",9393
"ENSG00000168875",2020
"ENSG00000168876",3171
"ENSG00000168878",4110
"ENSG00000168883",3953
"ENSG00000168884",2652
"ENSG00000168887",5813
"ENSG00000168890",3095
"ENSG00000168894",1315
"ENSG00000168899",790
"ENSG00000168903",2439
"ENSG00000168904",9279
"ENSG00000168906",4485
"ENSG00000168907",6103
"ENSG00000168913",1028
"ENSG00000168916",6934
"ENSG00000168917",4283
"ENSG00000168918",8681
"ENSG00000168924",8093
"ENSG00000168925",2196
"ENSG00000168928",2315
"ENSG00000168930",2163
"ENSG00000168936",3442
"ENSG00000168938",2082
"ENSG00000168939",10561
"ENSG00000168944",13029
"ENSG00000168952",8119
"ENSG00000168955",2875
"ENSG00000168958",6180
"ENSG00000168959",8694
"ENSG00000168961",5714
"ENSG00000168967",261
"ENSG00000168970",7862
"ENSG00000168992",1015
"ENSG00000168993",2349
"ENSG00000168994",2161
"ENSG00000168995",2043
"ENSG00000169006",1600
"ENSG00000169016",4067
"ENSG00000169018",7624
"ENSG00000169019",1758
"ENSG00000169020",932
"ENSG00000169021",3086
"ENSG00000169026",2474
"ENSG00000169031",12284
"ENSG00000169032",6462
"ENSG00000169035",2448
"ENSG00000169040",237
"ENSG00000169045",9480
"ENSG00000169047",10019
"ENSG00000169057",18999
"ENSG00000169059",995
"ENSG00000169062",5755
"ENSG00000169064",4565
"ENSG00000169067",2794
"ENSG00000169071",5880
"ENSG00000169075",1477
"ENSG00000169083",12818
"ENSG00000169084",3628
"ENSG00000169085",4794
"ENSG00000169087",5445
"ENSG00000169093",3506
"ENSG00000169100",1553
"ENSG00000169105",2175
"ENSG00000169116",5034
"ENSG00000169118",9618
"ENSG00000169122",4929
"ENSG00000169126",6329
"ENSG00000169129",5873
"ENSG00000169131",2984
"ENSG00000169136",2892
"ENSG00000169139",6591
"ENSG00000169154",1584
"ENSG00000169155",7052
"ENSG00000169164",293
"ENSG00000169169",5864
"ENSG00000169174",6105
"ENSG00000169180",7113
"ENSG00000169181",5425
"ENSG00000169184",8257
"ENSG00000169188",3239
"ENSG00000169189",3745
"ENSG00000169193",3547
"ENSG00000169194",2887
"ENSG00000169203",4380
"ENSG00000169208",2640
"ENSG00000169213",12780
"ENSG00000169214",1762
"ENSG00000169217",3713
"ENSG00000169218",3058
"ENSG00000169220",3705
"ENSG00000169221",6929
"ENSG00000169223",10613
"ENSG00000169224",4680
"ENSG00000169228",2065
"ENSG00000169230",1840
"ENSG00000169231",4623
"ENSG00000169239",8522
"ENSG00000169241",2340
"ENSG00000169242",2165
"ENSG00000169245",1175
"ENSG00000169246",3972
"ENSG00000169247",38112
"ENSG00000169248",1781
"ENSG00000169249",7485
"ENSG00000169251",4869
"ENSG00000169252",2013
"ENSG00000169253",318
"ENSG00000169255",7816
"ENSG00000169258",4234
"ENSG00000169271",679
"ENSG00000169282",6384
"ENSG00000169288",1628
"ENSG00000169291",8740
"ENSG00000169297",1995
"ENSG00000169299",3677
"ENSG00000169302",7916
"ENSG00000169306",3615
"ENSG00000169313",2337
"ENSG00000169314",2119
"ENSG00000169325",720
"ENSG00000169327",8409
"ENSG00000169330",6994
"ENSG00000169340",2271
"ENSG00000169344",3410
"ENSG00000169347",4046
"ENSG00000169359",10040
"ENSG00000169371",3516
"ENSG00000169372",4276
"ENSG00000169375",12845
"ENSG00000169379",6841
"ENSG00000169385",720
"ENSG00000169393",1142
"ENSG00000169397",734
"ENSG00000169398",13742
"ENSG00000169402",4998
"ENSG00000169403",4208
"ENSG00000169410",8658
"ENSG00000169413",844
"ENSG00000169418",4952
"ENSG00000169427",6784
"ENSG00000169429",2588
"ENSG00000169432",13946
"ENSG00000169435",6630
"ENSG00000169436",7865
"ENSG00000169439",4084
"ENSG00000169442",934
"ENSG00000169446",5186
"ENSG00000169469",619
"ENSG00000169474",662
"ENSG00000169484",1245
"ENSG00000169488",975
"ENSG00000169490",4435
"ENSG00000169495",2032
"ENSG00000169499",6328
"ENSG00000169504",4467
"ENSG00000169507",7384
"ENSG00000169508",1685
"ENSG00000169509",718
"ENSG00000169515",3236
"ENSG00000169519",7778
"ENSG00000169548",2148
"ENSG00000169550",3587
"ENSG00000169551",1728
"ENSG00000169554",26151
"ENSG00000169562",4654
"ENSG00000169564",1727
"ENSG00000169567",7118
"ENSG00000169570",5867
"ENSG00000169575",650
"ENSG00000169583",969
"ENSG00000169592",5655
"ENSG00000169594",4902
"ENSG00000169598",3870
"ENSG00000169599",1834
"ENSG00000169604",17891
"ENSG00000169605",1155
"ENSG00000169607",5464
"ENSG00000169609",13899
"ENSG00000169612",1565
"ENSG00000169618",4287
"ENSG00000169621",7124
"ENSG00000169627",1367
"ENSG00000169629",8609
"ENSG00000169635",7252
"ENSG00000169641",9818
"ENSG00000169660",4541
"ENSG00000169662",632
"ENSG00000169668",634
"ENSG00000169676",2376
"ENSG00000169679",6304
"ENSG00000169682",3792
"ENSG00000169683",3603
"ENSG00000169684",3623
"ENSG00000169688",393
"ENSG00000169689",1531
"ENSG00000169692",1832
"ENSG00000169696",12097
"ENSG00000169704",877
"ENSG00000169710",9321
"ENSG00000169714",3584
"ENSG00000169715",1052
"ENSG00000169717",1437
"ENSG00000169718",5999
"ENSG00000169727",6145
"ENSG00000169733",3865
"ENSG00000169738",1879
"ENSG00000169740",1460
"ENSG00000169744",5455
"ENSG00000169750",1473
"ENSG00000169752",5020
"ENSG00000169756",9072
"ENSG00000169758",5144
"ENSG00000169760",17911
"ENSG00000169762",7758
"ENSG00000169763",444
"ENSG00000169764",6791
"ENSG00000169777",3373
"ENSG00000169783",5324
"ENSG00000169789",1353
"ENSG00000169800",1921
"ENSG00000169807",1353
"ENSG00000169811",1389
"ENSG00000169813",3273
"ENSG00000169814",17659
"ENSG00000169826",3765
"ENSG00000169836",5359
"ENSG00000169840",1823
"ENSG00000169849",915
"ENSG00000169851",12903
"ENSG00000169855",11050
"ENSG00000169856",6110
"ENSG00000169857",4005
"ENSG00000169860",6309
"ENSG00000169862",7317
"ENSG00000169871",11131
"ENSG00000169876",14693
"ENSG00000169877",526
"ENSG00000169884",2601
"ENSG00000169885",2040
"ENSG00000169891",11336
"ENSG00000169894",11396
"ENSG00000169895",6442
"ENSG00000169896",5688
"ENSG00000169900",637
"ENSG00000169902",2805
"ENSG00000169903",1530
"ENSG00000169905",18876
"ENSG00000169906",455
"ENSG00000169908",3495
"ENSG00000169914",6885
"ENSG00000169918",14352
"ENSG00000169919",3893
"ENSG00000169925",6885
"ENSG00000169926",9429
"ENSG00000169933",10456
"ENSG00000169946",8036
"ENSG00000169951",2989
"ENSG00000169953",2922
"ENSG00000169955",3936
"ENSG00000169957",2369
"ENSG00000169962",3475
"ENSG00000169964",3071
"ENSG00000169967",11613
"ENSG00000169972",2640
"ENSG00000169976",690
"ENSG00000169981",2658
"ENSG00000169989",2438
"ENSG00000169991",6179
"ENSG00000169992",5717
"ENSG00000169994",8910
"ENSG00000170004",11016
"ENSG00000170006",11724
"ENSG00000170011",5868
"ENSG00000170017",7179
"ENSG00000170027",3705
"ENSG00000170035",2974
"ENSG00000170037",6236
"ENSG00000170043",1171
"ENSG00000170044",5130
"ENSG00000170049",4633
"ENSG00000170054",2561
"ENSG00000170074",14433
"ENSG00000170075",7581
"ENSG00000170085",5536
"ENSG00000170088",10182
"ENSG00000170089",1056
"ENSG00000170091",3844
"ENSG00000170092",3281
"ENSG00000170099",1847
"ENSG00000170100",11343
"ENSG00000170113",8686
"ENSG00000170122",2187
"ENSG00000170128",1198
"ENSG00000170142",3346
"ENSG00000170144",8688
"ENSG00000170145",9740
"ENSG00000170153",11012
"ENSG00000170160",15566
"ENSG00000170161",5798
"ENSG00000170162",2231
"ENSG00000170166",1136
"ENSG00000170175",4332
"ENSG00000170178",2577
"ENSG00000170180",4251
"ENSG00000170185",11838
"ENSG00000170190",3089
"ENSG00000170191",3803
"ENSG00000170209",2608
"ENSG00000170214",3147
"ENSG00000170222",1945
"ENSG00000170231",1088
"ENSG00000170234",6537
"ENSG00000170236",3967
"ENSG00000170242",13722
"ENSG00000170248",8819
"ENSG00000170255",1639
"ENSG00000170260",3179
"ENSG00000170262",1341
"ENSG00000170264",5258
"ENSG00000170265",3766
"ENSG00000170266",4335
"ENSG00000170270",1125
"ENSG00000170271",6928
"ENSG00000170275",6660
"ENSG00000170276",843
"ENSG00000170279",1153
"ENSG00000170289",5896
"ENSG00000170290",906
"ENSG00000170291",3039
"ENSG00000170293",1170
"ENSG00000170296",1951
"ENSG00000170298",2670
"ENSG00000170310",3455
"ENSG00000170312",3909
"ENSG00000170315",1567
"ENSG00000170322",6335
"ENSG00000170323",1369
"ENSG00000170324",8617
"ENSG00000170325",6626
"ENSG00000170340",2859
"ENSG00000170345",4146
"ENSG00000170348",4956
"ENSG00000170356",933
"ENSG00000170364",3237
"ENSG00000170365",7094
"ENSG00000170367",755
"ENSG00000170369",746
"ENSG00000170370",3261
"ENSG00000170373",861
"ENSG00000170374",3386
"ENSG00000170379",6410
"ENSG00000170381",8450
"ENSG00000170382",5686
"ENSG00000170385",5893
"ENSG00000170390",4416
"ENSG00000170396",4527
"ENSG00000170409",331
"ENSG00000170412",7534
"ENSG00000170417",6084
"ENSG00000170419",5967
"ENSG00000170421",6881
"ENSG00000170423",3260
"ENSG00000170425",2338
"ENSG00000170426",1789
"ENSG00000170430",6527
"ENSG00000170439",1316
"ENSG00000170442",2424
"ENSG00000170445",14155
"ENSG00000170448",4494
"ENSG00000170454",2170
"ENSG00000170456",11346
"ENSG00000170458",1647
"ENSG00000170464",6498
"ENSG00000170465",2916
"ENSG00000170468",2462
"ENSG00000170469",1205
"ENSG00000170471",12631
"ENSG00000170473",2406
"ENSG00000170476",2286
"ENSG00000170477",2877
"ENSG00000170482",3203
"ENSG00000170484",3006
"ENSG00000170485",12504
"ENSG00000170486",2154
"ENSG00000170498",714
"ENSG00000170500",15117
"ENSG00000170502",3194
"ENSG00000170509",2377
"ENSG00000170515",3580
"ENSG00000170516",817
"ENSG00000170522",7274
"ENSG00000170523",1875
"ENSG00000170525",6114
"ENSG00000170537",5638
"ENSG00000170540",3618
"ENSG00000170542",4240
"ENSG00000170545",3083
"ENSG00000170549",2080
"ENSG00000170558",8583
"ENSG00000170561",3399
"ENSG00000170571",5240
"ENSG00000170577",2206
"ENSG00000170579",12189
"ENSG00000170581",9310
"ENSG00000170584",9140
"ENSG00000170604",2534
"ENSG00000170605",3265
"ENSG00000170606",5075
"ENSG00000170608",2126
"ENSG00000170613",2515
"ENSG00000170615",3407
"ENSG00000170619",2917
"ENSG00000170624",10584
"ENSG00000170627",2524
"ENSG00000170629",1858
"ENSG00000170631",5237
"ENSG00000170632",4575
"ENSG00000170633",4677
"ENSG00000170634",4964
"ENSG00000170638",3155
"ENSG00000170653",7985
"ENSG00000170667",7305
"ENSG00000170677",5839
"ENSG00000170681",3098
"ENSG00000170683",2650
"ENSG00000170684",1634
"ENSG00000170688",927
"ENSG00000170689",2586
"ENSG00000170703",5113
"ENSG00000170734",8368
"ENSG00000170743",4774
"ENSG00000170745",3128
"ENSG00000170748",2151
"ENSG00000170759",5866
"ENSG00000170775",5298
"ENSG00000170776",20280
"ENSG00000170777",3456
"ENSG00000170779",2448
"ENSG00000170782",995
"ENSG00000170786",3284
"ENSG00000170788",1237
"ENSG00000170790",5390
"ENSG00000170791",5877
"ENSG00000170801",3319
"ENSG00000170802",5482
"ENSG00000170807",2672
"ENSG00000170819",2009
"ENSG00000170820",3160
"ENSG00000170827",1125
"ENSG00000170832",9522
"ENSG00000170835",2381
"ENSG00000170836",9408
"ENSG00000170837",2642
"ENSG00000170846",3599
"ENSG00000170848",5133
"ENSG00000170852",4850
"ENSG00000170854",6880
"ENSG00000170855",1411
"ENSG00000170858",1383
"ENSG00000170860",3359
"ENSG00000170871",8499
"ENSG00000170873",7777
"ENSG00000170876",3717
"ENSG00000170881",3276
"ENSG00000170889",4304
"ENSG00000170890",624
"ENSG00000170891",989
"ENSG00000170892",3542
"ENSG00000170893",1592
"ENSG00000170899",2101
"ENSG00000170903",5108
"ENSG00000170906",2475
"ENSG00000170909",2069
"ENSG00000170915",5034
"ENSG00000170917",6582
"ENSG00000170919",15665
"ENSG00000170920",939
"ENSG00000170921",23404
"ENSG00000170923",3015
"ENSG00000170925",1248
"ENSG00000170927",17443
"ENSG00000170929",2588
"ENSG00000170935",2079
"ENSG00000170946",8578
"ENSG00000170948",979
"ENSG00000170949",8509
"ENSG00000170950",1626
"ENSG00000170953",2082
"ENSG00000170954",3780
"ENSG00000170955",1557
"ENSG00000170956",2931
"ENSG00000170959",13160
"ENSG00000170961",4240
"ENSG00000170962",4263
"ENSG00000170965",1904
"ENSG00000170967",2557
"ENSG00000170983",2849
"ENSG00000170989",5223
"ENSG00000171004",5122
"ENSG00000171014",957
"ENSG00000171016",9005
"ENSG00000171017",4329
"ENSG00000171033",4015
"ENSG00000171044",5676
"ENSG00000171045",4339
"ENSG00000171049",3625
"ENSG00000171051",2583
"ENSG00000171053",2362
"ENSG00000171054",927
"ENSG00000171055",8938
"ENSG00000171056",3215
"ENSG00000171060",5352
"ENSG00000171067",3403
"ENSG00000171084",988
"ENSG00000171094",7382
"ENSG00000171097",3585
"ENSG00000171100",11492
"ENSG00000171101",484
"ENSG00000171102",1070
"ENSG00000171103",2064
"ENSG00000171105",10831
"ENSG00000171109",5945
"ENSG00000171115",4185
"ENSG00000171116",1963
"ENSG00000171119",1528
"ENSG00000171121",8964
"ENSG00000171124",3106
"ENSG00000171126",3709
"ENSG00000171130",6749
"ENSG00000171132",9978
"ENSG00000171133",1411
"ENSG00000171135",1779
"ENSG00000171136",1201
"ENSG00000171148",4127
"ENSG00000171150",7490
"ENSG00000171155",1808
"ENSG00000171159",1653
"ENSG00000171160",2512
"ENSG00000171161",3741
"ENSG00000171163",3929
"ENSG00000171169",3620
"ENSG00000171174",3153
"ENSG00000171180",5934
"ENSG00000171189",6547
"ENSG00000171195",2798
"ENSG00000171199",1048
"ENSG00000171201",1383
"ENSG00000171202",971
"ENSG00000171204",2416
"ENSG00000171206",11458
"ENSG00000171208",7429
"ENSG00000171209",947
"ENSG00000171217",1209
"ENSG00000171219",6531
"ENSG00000171222",1996
"ENSG00000171223",1830
"ENSG00000171224",1350
"ENSG00000171227",2291
"ENSG00000171234",2260
"ENSG00000171236",2702
"ENSG00000171241",6175
"ENSG00000171243",2473
"ENSG00000171246",7020
"ENSG00000171262",6851
"ENSG00000171291",5207
"ENSG00000171295",6453
"ENSG00000171298",5588
"ENSG00000171302",4422
"ENSG00000171303",6191
"ENSG00000171307",3039
"ENSG00000171310",6492
"ENSG00000171311",3578
"ENSG00000171314",2540
"ENSG00000171316",18887
"ENSG00000171320",7805
"ENSG00000171345",2336
"ENSG00000171346",5969
"ENSG00000171357",1849
"ENSG00000171360",2691
"ENSG00000171365",11457
"ENSG00000171368",5979
"ENSG00000171385",19393
"ENSG00000171388",3224
"ENSG00000171396",1100
"ENSG00000171401",2913
"ENSG00000171402",567
"ENSG00000171403",2296
"ENSG00000171405",1413
"ENSG00000171408",5941
"ENSG00000171421",1395
"ENSG00000171425",1635
"ENSG00000171428",3152
"ENSG00000171431",1913
"ENSG00000171433",1064
"ENSG00000171435",18301
"ENSG00000171443",1441
"ENSG00000171444",10721
"ENSG00000171446",1799
"ENSG00000171448",4657
"ENSG00000171450",2490
"ENSG00000171451",9266
"ENSG00000171453",5505
"ENSG00000171456",13673
"ENSG00000171459",1115
"ENSG00000171462",2236
"ENSG00000171466",13022
"ENSG00000171467",9728
"ENSG00000171469",6304
"ENSG00000171475",8123
"ENSG00000171476",7730
"ENSG00000171478",633
"ENSG00000171481",975
"ENSG00000171483",562
"ENSG00000171487",4020
"ENSG00000171488",11724
"ENSG00000171489",1465
"ENSG00000171490",6162
"ENSG00000171492",4852
"ENSG00000171495",6085
"ENSG00000171496",2024
"ENSG00000171497",2516
"ENSG00000171501",1103
"ENSG00000171502",9568
"ENSG00000171503",23865
"ENSG00000171505",936
"ENSG00000171509",5684
"ENSG00000171517",3536
"ENSG00000171522",3544
"ENSG00000171530",3114
"ENSG00000171532",6242
"ENSG00000171533",6351
"ENSG00000171540",3476
"ENSG00000171551",2978
"ENSG00000171552",4197
"ENSG00000171557",3600
"ENSG00000171560",3917
"ENSG00000171561",8795
"ENSG00000171564",4374
"ENSG00000171566",5015
"ENSG00000171570",3088
"ENSG00000171574",7649
"ENSG00000171587",8596
"ENSG00000171595",2864
"ENSG00000171596",3221
"ENSG00000171603",5241
"ENSG00000171604",3795
"ENSG00000171606",8333
"ENSG00000171608",9567
"ENSG00000171611",1171
"ENSG00000171612",3865
"ENSG00000171617",8282
"ENSG00000171621",3389
"ENSG00000171631",10778
"ENSG00000171634",15119
"ENSG00000171643",1954
"ENSG00000171649",5370
"ENSG00000171657",3318
"ENSG00000171658",891
"ENSG00000171659",1926
"ENSG00000171671",1683
"ENSG00000171680",6935
"ENSG00000171681",13141
"ENSG00000171695",911
"ENSG00000171700",2028
"ENSG00000171703",4788
"ENSG00000171711",337
"ENSG00000171714",19477
"ENSG00000171720",4610
"ENSG00000171722",1848
"ENSG00000171723",6007
"ENSG00000171724",4103
"ENSG00000171729",2238
"ENSG00000171735",15672
"ENSG00000171747",2226
"ENSG00000171757",5276
"ENSG00000171759",7378
"ENSG00000171763",3397
"ENSG00000171766",9260
"ENSG00000171772",4016
"ENSG00000171773",918
"ENSG00000171777",4183
"ENSG00000171786",2557
"ENSG00000171790",4318
"ENSG00000171791",12612
"ENSG00000171792",2644
"ENSG00000171793",11958
"ENSG00000171794",1214
"ENSG00000171798",23301
"ENSG00000171804",9199
"ENSG00000171806",1575
"ENSG00000171811",10698
"ENSG00000171812",4669
"ENSG00000171813",2647
"ENSG00000171815",7973
"ENSG00000171817",4386
"ENSG00000171819",2224
"ENSG00000171823",2703
"ENSG00000171824",5991
"ENSG00000171827",6246
"ENSG00000171840",1858
"ENSG00000171843",8081
"ENSG00000171847",2538
"ENSG00000171848",9153
"ENSG00000171853",9193
"ENSG00000171855",839
"ENSG00000171858",1036
"ENSG00000171860",3491
"ENSG00000171861",1985
"ENSG00000171862",16872
"ENSG00000171863",5529
"ENSG00000171864",3981
"ENSG00000171865",5945
"ENSG00000171867",2737
"ENSG00000171872",3160
"ENSG00000171873",3004
"ENSG00000171877",6692
"ENSG00000171885",5943
"ENSG00000171889",22807
"ENSG00000171903",3725
"ENSG00000171914",16247
"ENSG00000171916",4754
"ENSG00000171928",5746
"ENSG00000171931",4388
"ENSG00000171936",1029
"ENSG00000171940",6175
"ENSG00000171942",1029
"ENSG00000171943",7335
"ENSG00000171944",4039
"ENSG00000171951",2577
"ENSG00000171953",5553
"ENSG00000171954",2612
"ENSG00000171956",3606
"ENSG00000171960",5095
"ENSG00000171962",7332
"ENSG00000171970",2225
"ENSG00000171984",2185
"ENSG00000171987",654
"ENSG00000171988",11155
"ENSG00000171989",1746
"ENSG00000171992",10243
"ENSG00000171999",955
"ENSG00000172000",6574
"ENSG00000172005",1453
"ENSG00000172006",5653
"ENSG00000172007",4714
"ENSG00000172009",7421
"ENSG00000172014",4194
"ENSG00000172016",1580
"ENSG00000172020",1901
"ENSG00000172023",2391
"ENSG00000172031",2250
"ENSG00000172037",6865
"ENSG00000172046",5731
"ENSG00000172053",4703
"ENSG00000172057",3752
"ENSG00000172058",3021
"ENSG00000172059",4594
"ENSG00000172061",5938
"ENSG00000172062",3097
"ENSG00000172071",20691
"ENSG00000172073",798
"ENSG00000172081",4145
"ENSG00000172086",2028
"ENSG00000172113",7258
"ENSG00000172115",5791
"ENSG00000172116",5279
"ENSG00000172123",5607
"ENSG00000172137",1701
"ENSG00000172139",4208
"ENSG00000172146",6889
"ENSG00000172148",930
"ENSG00000172150",930
"ENSG00000172154",933
"ENSG00000172155",460
"ENSG00000172156",1005
"ENSG00000172159",6486
"ENSG00000172164",6794
"ENSG00000172167",8327
"ENSG00000172171",2642
"ENSG00000172172",4209
"ENSG00000172175",16225
"ENSG00000172179",1431
"ENSG00000172183",7184
"ENSG00000172186",594
"ENSG00000172188",2737
"ENSG00000172197",4325
"ENSG00000172199",930
"ENSG00000172201",3873
"ENSG00000172208",912
"ENSG00000172209",3711
"ENSG00000172215",3775
"ENSG00000172216",1957
"ENSG00000172232",1782
"ENSG00000172236",1825
"ENSG00000172238",2212
"ENSG00000172239",3391
"ENSG00000172243",4190
"ENSG00000172244",3006
"ENSG00000172247",1413
"ENSG00000172250",830
"ENSG00000172260",13208
"ENSG00000172262",8516
"ENSG00000172264",11426
"ENSG00000172269",6440
"ENSG00000172270",4418
"ENSG00000172273",9858
"ENSG00000172283",444
"ENSG00000172288",2670
"ENSG00000172289",930
"ENSG00000172292",6851
"ENSG00000172294",3724
"ENSG00000172296",8527
"ENSG00000172297",1653
"ENSG00000172301",1379
"ENSG00000172315",3185
"ENSG00000172318",5850
"ENSG00000172320",8612
"ENSG00000172322",3256
"ENSG00000172324",9445
"ENSG00000172331",2539
"ENSG00000172336",911
"ENSG00000172339",9641
"ENSG00000172340",3088
"ENSG00000172342",3724
"ENSG00000172345",6339
"ENSG00000172346",3003
"ENSG00000172348",3795
"ENSG00000172349",12481
"ENSG00000172350",6231
"ENSG00000172352",2675
"ENSG00000172354",2692
"ENSG00000172361",1824
"ENSG00000172362",1371
"ENSG00000172365",2234
"ENSG00000172366",5019
"ENSG00000172367",3827
"ENSG00000172375",9216
"ENSG00000172377",3184
"ENSG00000172379",7737
"ENSG00000172380",4715
"ENSG00000172382",5920
"ENSG00000172399",2549
"ENSG00000172403",19530
"ENSG00000172404",2565
"ENSG00000172409",2189
"ENSG00000172410",736
"ENSG00000172421",3077
"ENSG00000172425",1009
"ENSG00000172426",2642
"ENSG00000172428",2037
"ENSG00000172432",4726
"ENSG00000172456",12174
"ENSG00000172457",2608
"ENSG00000172458",3624
"ENSG00000172459",933
"ENSG00000172460",873
"ENSG00000172461",13729
"ENSG00000172464",951
"ENSG00000172465",1601
"ENSG00000172466",8242
"ENSG00000172468",2886
"ENSG00000172469",10588
"ENSG00000172476",4018
"ENSG00000172478",2772
"ENSG00000172482",4114
"ENSG00000172487",1332
"ENSG00000172489",969
"ENSG00000172493",10953
"ENSG00000172497",2453
"ENSG00000172500",3346
"ENSG00000172508",5670
"ENSG00000172519",6463
"ENSG00000172530",8156
"ENSG00000172531",4073
"ENSG00000172534",9011
"ENSG00000172538",1414
"ENSG00000172543",1809
"ENSG00000172548",4019
"ENSG00000172551",3971
"ENSG00000172554",4488
"ENSG00000172568",2243
"ENSG00000172572",13308
"ENSG00000172575",13250
"ENSG00000172578",10543
"ENSG00000172586",1483
"ENSG00000172590",3213
"ENSG00000172594",2349
"ENSG00000172602",3948
"ENSG00000172613",4169
"ENSG00000172638",5397
"ENSG00000172640",954
"ENSG00000172650",3061
"ENSG00000172661",5703
"ENSG00000172663",5892
"ENSG00000172667",11298
"ENSG00000172671",6233
"ENSG00000172673",4309
"ENSG00000172680",1041
"ENSG00000172687",9622
"ENSG00000172689",2311
"ENSG00000172716",5982
"ENSG00000172717",4502
"ENSG00000172724",773
"ENSG00000172725",5327
"ENSG00000172728",5330
"ENSG00000172731",3625
"ENSG00000172732",5448
"ENSG00000172733",3762
"ENSG00000172738",3348
"ENSG00000172742",6274
"ENSG00000172746",497
"ENSG00000172748",6008
"ENSG00000172752",9581
"ENSG00000172757",5865
"ENSG00000172765",8617
"ENSG00000172766",5805
"ENSG00000172769",1046
"ENSG00000172771",7774
"ENSG00000172772",1469
"ENSG00000172775",4335
"ENSG00000172780",4991
"ENSG00000172782",2858
"ENSG00000172785",14371
"ENSG00000172789",1611
"ENSG00000172794",5072
"ENSG00000172795",11371
"ENSG00000172799",504
"ENSG00000172803",3773
"ENSG00000172809",3829
"ENSG00000172817",7542
"ENSG00000172818",3803
"ENSG00000172819",5127
"ENSG00000172824",5012
"ENSG00000172828",4928
"ENSG00000172830",3611
"ENSG00000172831",5343
"ENSG00000172840",8215
"ENSG00000172845",16892
"ENSG00000172867",2569
"ENSG00000172869",13929
"ENSG00000172878",4490
"ENSG00000172888",8943
"ENSG00000172889",2564
"ENSG00000172890",16263
"ENSG00000172893",6878
"ENSG00000172900",1116
"ENSG00000172901",6636
"ENSG00000172912",260
"ENSG00000172915",37700
"ENSG00000172922",4972
"ENSG00000172927",2654
"ENSG00000172932",5890
"ENSG00000172935",2569
"ENSG00000172936",4190
"ENSG00000172938",966
"ENSG00000172939",6071
"ENSG00000172940",2997
"ENSG00000172943",10104
"ENSG00000172954",7517
"ENSG00000172955",4401
"ENSG00000172965",39168
"ENSG00000172967",1811
"ENSG00000172969",2080
"ENSG00000172971",687
"ENSG00000172974",881
"ENSG00000172977",3732
"ENSG00000172985",5948
"ENSG00000172986",3683
"ENSG00000172987",4421
"ENSG00000172992",6202
"ENSG00000172995",10156
"ENSG00000173011",5795
"ENSG00000173013",2153
"ENSG00000173020",6602
"ENSG00000173039",5457
"ENSG00000173040",5501
"ENSG00000173041",5561
"ENSG00000173064",21746
"ENSG00000173065",5490
"ENSG00000173068",15327
"ENSG00000173077",10706
"ENSG00000173080",1450
"ENSG00000173083",5101
"ENSG00000173085",2774
"ENSG00000173093",2184
"ENSG00000173110",2355
"ENSG00000173113",1615
"ENSG00000173114",3875
"ENSG00000173120",10381
"ENSG00000173124",2808
"ENSG00000173137",2742
"ENSG00000173141",2233
"ENSG00000173145",4464
"ENSG00000173153",3101
"ENSG00000173156",1240
"ENSG00000173157",7464
"ENSG00000173163",2203
"ENSG00000173166",11622
"ENSG00000173171",3282
"ENSG00000173175",9218
"ENSG00000173193",10274
"ENSG00000173198",5567
"ENSG00000173200",5481
"ENSG00000173207",2340
"ENSG00000173208",6290
"ENSG00000173209",1003
"ENSG00000173210",7216
"ENSG00000173212",6632
"ENSG00000173213",2917
"ENSG00000173214",18075
"ENSG00000173218",9045
"ENSG00000173221",6229
"ENSG00000173226",3051
"ENSG00000173227",11041
"ENSG00000173230",33764
"ENSG00000173231",1181
"ENSG00000173237",1195
"ENSG00000173239",1511
"ENSG00000173250",3047
"ENSG00000173253",3560
"ENSG00000173258",16723
"ENSG00000173261",1937
"ENSG00000173262",5575
"ENSG00000173264",3967
"ENSG00000173267",1264
"ENSG00000173269",5086
"ENSG00000173272",4068
"ENSG00000173273",13920
"ENSG00000173275",5591
"ENSG00000173276",8062
"ENSG00000173281",5738
"ENSG00000173285",3936
"ENSG00000173295",894
"ENSG00000173302",1267
"ENSG00000173320",11365
"ENSG00000173327",10563
"ENSG00000173334",4099
"ENSG00000173335",1633
"ENSG00000173338",1582
"ENSG00000173349",3746
"ENSG00000173357",1159
"ENSG00000173366",3804
"ENSG00000173369",2327
"ENSG00000173372",2640
"ENSG00000173376",3573
"ENSG00000173389",763
"ENSG00000173391",3057
"ENSG00000173401",1353
"ENSG00000173402",7187
"ENSG00000173404",2846
"ENSG00000173406",7551
"ENSG00000173409",2125
"ENSG00000173418",2182
"ENSG00000173421",4334
"ENSG00000173431",634
"ENSG00000173432",1062
"ENSG00000173436",5480
"ENSG00000173442",6733
"ENSG00000173451",5240
"ENSG00000173452",4274
"ENSG00000173456",2783
"ENSG00000173457",1658
"ENSG00000173464",2518
"ENSG00000173465",1978
"ENSG00000173467",1153
"ENSG00000173473",7624
"ENSG00000173480",5276
"ENSG00000173482",9900
"ENSG00000173486",1390
"ENSG00000173511",1970
"ENSG00000173517",24184
"ENSG00000173530",3535
"ENSG00000173531",5084
"ENSG00000173535",1545
"ENSG00000173540",6675
"ENSG00000173542",8801
"ENSG00000173545",1707
"ENSG00000173546",8290
"ENSG00000173548",8002
"ENSG00000173557",2504
"ENSG00000173559",17426
"ENSG00000173567",5761
"ENSG00000173572",3580
"ENSG00000173575",21410
"ENSG00000173578",5697
"ENSG00000173581",2709
"ENSG00000173585",4376
"ENSG00000173588",6919
"ENSG00000173597",7259
"ENSG00000173598",10078
"ENSG00000173599",7302
"ENSG00000173610",3919
"ENSG00000173611",13036
"ENSG00000173612",2908
"ENSG00000173614",4610
"ENSG00000173621",3087
"ENSG00000173626",2831
"ENSG00000173627",2782
"ENSG00000173638",11235
"ENSG00000173641",3193
"ENSG00000173653",3001
"ENSG00000173660",1341
"ENSG00000173662",2764
"ENSG00000173673",710
"ENSG00000173674",4414
"ENSG00000173678",3305
"ENSG00000173679",1083
"ENSG00000173681",8784
"ENSG00000173692",15795
"ENSG00000173698",10157
"ENSG00000173699",3612
"ENSG00000173702",3499
"ENSG00000173705",4602
"ENSG00000173706",9956
"ENSG00000173714",3800
"ENSG00000173715",3953
"ENSG00000173726",3438
"ENSG00000173727",208
"ENSG00000173728",1151
"ENSG00000173744",9324
"ENSG00000173757",12110
"ENSG00000173762",3151
"ENSG00000173769",5334
"ENSG00000173786",7413
"ENSG00000173801",4942
"ENSG00000173805",6223
"ENSG00000173809",7026
"ENSG00000173810",489
"ENSG00000173811",2370
"ENSG00000173812",3623
"ENSG00000173818",7253
"ENSG00000173821",28592
"ENSG00000173825",2028
"ENSG00000173826",4211
"ENSG00000173838",4920
"ENSG00000173846",3332
"ENSG00000173848",4762
"ENSG00000173852",13303
"ENSG00000173862",2009
"ENSG00000173867",3272
"ENSG00000173868",2392
"ENSG00000173875",6642
"ENSG00000173889",16919
"ENSG00000173890",4381
"ENSG00000173894",5671
"ENSG00000173898",12963
"ENSG00000173905",4584
"ENSG00000173908",1692
"ENSG00000173914",4291
"ENSG00000173915",924
"ENSG00000173917",2456
"ENSG00000173918",4755
"ENSG00000173926",4929
"ENSG00000173928",1703
"ENSG00000173930",5069
"ENSG00000173933",6538
"ENSG00000173947",3949
"ENSG00000173950",5396
"ENSG00000173954",343
"ENSG00000173960",6838
"ENSG00000173966",675
"ENSG00000173976",2421
"ENSG00000173988",7043
"ENSG00000173991",960
"ENSG00000173992",2142
"ENSG00000174004",2902
"ENSG00000174007",2158
"ENSG00000174010",6771
"ENSG00000174013",5976
"ENSG00000174015",2116
"ENSG00000174016",3223
"ENSG00000174021",5026
"ENSG00000174028",681
"ENSG00000174032",6794
"ENSG00000174038",3825
"ENSG00000174059",9219
"ENSG00000174080",4249
"ENSG00000174099",7405
"ENSG00000174106",5578
"ENSG00000174109",1005
"ENSG00000174123",4218
"ENSG00000174125",12656
"ENSG00000174130",6851
"ENSG00000174132",1383
"ENSG00000174136",6643
"ENSG00000174137",4244
"ENSG00000174145",7800
"ENSG00000174151",5690
"ENSG00000174156",915
"ENSG00000174165",6535
"ENSG00000174171",6782
"ENSG00000174173",1882
"ENSG00000174175",3490
"ENSG00000174177",3522
"ENSG00000174197",20074
"ENSG00000174206",6002
"ENSG00000174225",1537
"ENSG00000174226",3142
"ENSG00000174227",10899
"ENSG00000174231",11497
"ENSG00000174233",8462
"ENSG00000174236",1150
"ENSG00000174238",4752
"ENSG00000174243",7376
"ENSG00000174255",2948
"ENSG00000174276",1299
"ENSG00000174279",4252
"ENSG00000174282",6132
"ENSG00000174292",3860
"ENSG00000174306",11680
"ENSG00000174307",3243
"ENSG00000174325",1037
"ENSG00000174326",2306
"ENSG00000174327",2143
"ENSG00000174332",3173
"ENSG00000174339",936
"ENSG00000174343",3164
"ENSG00000174348",4899
"ENSG00000174353",1067
"ENSG00000174358",5270
"ENSG00000174365",4528
"ENSG00000174370",4776
"ENSG00000174371",4137
"ENSG00000174373",14255
"ENSG00000174384",710
"ENSG00000174403",6613
"ENSG00000174405",7126
"ENSG00000174407",3243
"ENSG00000174408",471
"ENSG00000174417",3695
"ENSG00000174418",350
"ENSG00000174428",6560
"ENSG00000174429",2754
"ENSG00000174437",13745
"ENSG00000174442",4851
"ENSG00000174444",5609
"ENSG00000174446",2476
"ENSG00000174448",2110
"ENSG00000174450",3499
"ENSG00000174453",5258
"ENSG00000174456",5333
"ENSG00000174460",2197
"ENSG00000174469",16377
"ENSG00000174473",9241
"ENSG00000174482",15486
"ENSG00000174483",6131
"ENSG00000174485",10623
"ENSG00000174495",490
"ENSG00000174498",5514
"ENSG00000174500",3750
"ENSG00000174501",10048
"ENSG00000174502",5628
"ENSG00000174514",5790
"ENSG00000174516",3923
"ENSG00000174521",2327
"ENSG00000174527",4803
"ENSG00000174529",1332
"ENSG00000174547",2539
"ENSG00000174562",3117
"ENSG00000174564",2443
"ENSG00000174567",1029
"ENSG00000174572",670
"ENSG00000174574",2688
"ENSG00000174576",3393
"ENSG00000174579",5781
"ENSG00000174586",3897
"ENSG00000174599",2023
"ENSG00000174600",5666
"ENSG00000174606",7317
"ENSG00000174607",4748
"ENSG00000174611",9001
"ENSG00000174628",4993
"ENSG00000174640",5127
"ENSG00000174652",5431
"ENSG00000174667",4986
"ENSG00000174669",2720
"ENSG00000174672",6903
"ENSG00000174677",907
"ENSG00000174678",3290
"ENSG00000174680",4605
"ENSG00000174684",2007
"ENSG00000174695",4865
"ENSG00000174697",3427
"ENSG00000174705",8244
"ENSG00000174715",504
"ENSG00000174718",6646
"ENSG00000174720",8094
"ENSG00000174721",2553
"ENSG00000174738",5813
"ENSG00000174740",3450
"ENSG00000174744",2514
"ENSG00000174748",7141
"ENSG00000174749",8844
"ENSG00000174775",2431
"ENSG00000174776",3891
"ENSG00000174780",6145
"ENSG00000174788",770
"ENSG00000174791",5377
"ENSG00000174792",2040
"ENSG00000174796",7127
"ENSG00000174799",11029
"ENSG00000174804",7387
"ENSG00000174807",2551
"ENSG00000174808",2653
"ENSG00000174827",2480
"ENSG00000174837",3707
"ENSG00000174839",5115
"ENSG00000174840",12074
"ENSG00000174842",2910
"ENSG00000174844",13275
"ENSG00000174851",2392
"ENSG00000174871",2078
"ENSG00000174876",2035
"ENSG00000174885",3194
"ENSG00000174886",4908
"ENSG00000174891",17897
"ENSG00000174898",2781
"ENSG00000174899",666
"ENSG00000174903",1950
"ENSG00000174912",1045
"ENSG00000174914",3611
"ENSG00000174915",6114
"ENSG00000174917",1474
"ENSG00000174928",2061
"ENSG00000174930",1743
"ENSG00000174937",1400
"ENSG00000174938",4113
"ENSG00000174939",2312
"ENSG00000174943",6458
"ENSG00000174944",2890
"ENSG00000174945",10165
"ENSG00000174946",1810
"ENSG00000174948",5527
"ENSG00000174950",1994
"ENSG00000174951",4343
"ENSG00000174953",10552
"ENSG00000174957",939
"ENSG00000174963",8517
"ENSG00000174970",2814
"ENSG00000174977",1348
"ENSG00000174982",2211
"ENSG00000174989",6559
"ENSG00000174990",2067
"ENSG00000174992",3116
"ENSG00000174996",5479
"ENSG00000175003",2286
"ENSG00000175018",1327
"ENSG00000175029",11099
"ENSG00000175040",4142
"ENSG00000175048",11132
"ENSG00000175054",27234
"ENSG00000175061",9445
"ENSG00000175063",1286
"ENSG00000175065",4696
"ENSG00000175066",12143
"ENSG00000175073",9956
"ENSG00000175077",2214
"ENSG00000175084",2489
"ENSG00000175087",4560
"ENSG00000175093",3795
"ENSG00000175097",3502
"ENSG00000175104",8129
"ENSG00000175105",6800
"ENSG00000175106",6752
"ENSG00000175110",16385
"ENSG00000175115",9587
"ENSG00000175121",1046
"ENSG00000175130",1546
"ENSG00000175137",5724
"ENSG00000175143",2104
"ENSG00000175147",11973
"ENSG00000175155",8701
"ENSG00000175161",9982
"ENSG00000175164",7353
"ENSG00000175166",4960
"ENSG00000175170",12281
"ENSG00000175175",6560
"ENSG00000175182",8925
"ENSG00000175183",5842
"ENSG00000175189",3202
"ENSG00000175193",2268
"ENSG00000175197",1307
"ENSG00000175198",7288
"ENSG00000175202",1134
"ENSG00000175203",9995
"ENSG00000175206",1120
"ENSG00000175213",2866
"ENSG00000175215",5432
"ENSG00000175216",8538
"ENSG00000175220",6142
"ENSG00000175221",4222
"ENSG00000175224",7001
"ENSG00000175229",3649
"ENSG00000175262",3612
"ENSG00000175264",4666
"ENSG00000175265",7312
"ENSG00000175267",5037
"ENSG00000175274",7345
"ENSG00000175279",1748
"ENSG00000175283",2074
"ENSG00000175287",2844
"ENSG00000175294",2649
"ENSG00000175302",2186
"ENSG00000175305",4397
"ENSG00000175309",8439
"ENSG00000175311",4323
"ENSG00000175315",592
"ENSG00000175318",4990
"ENSG00000175319",448
"ENSG00000175322",15787
"ENSG00000175324",1676
"ENSG00000175325",1464
"ENSG00000175329",3384
"ENSG00000175334",1496
"ENSG00000175336",1750
"ENSG00000175344",21248
"ENSG00000175348",2825
"ENSG00000175352",5138
"ENSG00000175354",8718
"ENSG00000175356",8014
"ENSG00000175376",3327
"ENSG00000175387",36426
"ENSG00000175390",15136
"ENSG00000175395",4257
"ENSG00000175398",942
"ENSG00000175414",11440
"ENSG00000175416",1963
"ENSG00000175426",5357
"ENSG00000175445",4131
"ENSG00000175449",5004
"ENSG00000175455",11454
"ENSG00000175463",5033
"ENSG00000175467",4593
"ENSG00000175470",7392
"ENSG00000175471",12659
"ENSG00000175482",3054
"ENSG00000175485",963
"ENSG00000175489",2427
"ENSG00000175497",10033
"ENSG00000175505",1836
"ENSG00000175509",698
"ENSG00000175513",2030
"ENSG00000175514",1429
"ENSG00000175518",2429
"ENSG00000175520",2413
"ENSG00000175535",1539
"ENSG00000175536",2371
"ENSG00000175538",3599
"ENSG00000175544",5218
"ENSG00000175548",11258
"ENSG00000175550",1722
"ENSG00000175556",8611
"ENSG00000175564",3338
"ENSG00000175567",3379
"ENSG00000175573",1704
"ENSG00000175575",7922
"ENSG00000175581",3830
"ENSG00000175582",4896
"ENSG00000175591",8953
"ENSG00000175592",1887
"ENSG00000175595",15850
"ENSG00000175600",2829
"ENSG00000175602",963
"ENSG00000175604",1974
"ENSG00000175606",2982
"ENSG00000175611",7261
"ENSG00000175619",930
"ENSG00000175634",5815
"ENSG00000175643",3611
"ENSG00000175646",399
"ENSG00000175658",2012
"ENSG00000175662",7867
"ENSG00000175664",1705
"ENSG00000175676",1959
"ENSG00000175691",2437
"ENSG00000175697",6186
"ENSG00000175699",2705
"ENSG00000175701",2051
"ENSG00000175707",1855
"ENSG00000175711",8004
"ENSG00000175718",3459
"ENSG00000175727",13868
"ENSG00000175728",5149
"ENSG00000175730",636
"ENSG00000175741",563
"ENSG00000175745",4382
"ENSG00000175746",3081
"ENSG00000175749",656
"ENSG00000175756",1381
"ENSG00000175764",10852
"ENSG00000175766",3509
"ENSG00000175768",3606
"ENSG00000175772",4065
"ENSG00000175773",6821
"ENSG00000175779",13605
"ENSG00000175782",23252
"ENSG00000175785",3896
"ENSG00000175787",7894
"ENSG00000175792",6998
"ENSG00000175793",1308
"ENSG00000175800",928
"ENSG00000175806",4138
"ENSG00000175809",1549
"ENSG00000175820",21470
"ENSG00000175826",2636
"ENSG00000175832",3515
"ENSG00000175841",1089
"ENSG00000175854",2773
"ENSG00000175857",3273
"ENSG00000175866",10294
"ENSG00000175868",3938
"ENSG00000175874",7059
"ENSG00000175877",974
"ENSG00000175879",2629
"ENSG00000175886",801
"ENSG00000175893",11384
"ENSG00000175894",4462
"ENSG00000175895",3643
"ENSG00000175899",6318
"ENSG00000175906",1578
"ENSG00000175920",4036
"ENSG00000175928",6401
"ENSG00000175931",6413
"ENSG00000175938",2641
"ENSG00000175946",3283
"ENSG00000175967",2954
"ENSG00000175970",5172
"ENSG00000175984",7408
"ENSG00000175985",8097
"ENSG00000176007",816
"ENSG00000176009",627
"ENSG00000176014",3941
"ENSG00000176018",4459
"ENSG00000176020",2856
"ENSG00000176022",2805
"ENSG00000176024",3853
"ENSG00000176029",2607
"ENSG00000176040",3157
"ENSG00000176043",319
"ENSG00000176046",5508
"ENSG00000176049",9203
"ENSG00000176054",421
"ENSG00000176055",5673
"ENSG00000176058",5281
"ENSG00000176076",1473
"ENSG00000176083",2379
"ENSG00000176087",3657
"ENSG00000176092",6895
"ENSG00000176095",5200
"ENSG00000176101",1170
"ENSG00000176102",4513
"ENSG00000176105",5100
"ENSG00000176108",2118
"ENSG00000176115",1042
"ENSG00000176124",29539
"ENSG00000176125",995
"ENSG00000176134",324
"ENSG00000176136",1906
"ENSG00000176142",5867
"ENSG00000176148",5370
"ENSG00000176153",1340
"ENSG00000176155",12950
"ENSG00000176160",4118
"ENSG00000176165",4673
"ENSG00000176170",4416
"ENSG00000176171",4050
"ENSG00000176177",3068
"ENSG00000176182",1896
"ENSG00000176183",1089
"ENSG00000176194",1810
"ENSG00000176198",1657
"ENSG00000176200",936
"ENSG00000176204",5444
"ENSG00000176208",7079
"ENSG00000176209",4071
"ENSG00000176219",993
"ENSG00000176222",2471
"ENSG00000176225",19358
"ENSG00000176230",5068
"ENSG00000176231",1537
"ENSG00000176232",199
"ENSG00000176236",1714
"ENSG00000176239",939
"ENSG00000176243",739
"ENSG00000176244",3546
"ENSG00000176246",939
"ENSG00000176248",5458
"ENSG00000176253",5980
"ENSG00000176256",2561
"ENSG00000176261",3531
"ENSG00000176268",304
"ENSG00000176269",939
"ENSG00000176273",6829
"ENSG00000176281",972
"ENSG00000176289",376
"ENSG00000176290",947
"ENSG00000176293",6418
"ENSG00000176294",3699
"ENSG00000176299",3545
"ENSG00000176302",1228
"ENSG00000176312",907
"ENSG00000176318",1480
"ENSG00000176320",2604
"ENSG00000176340",494
"ENSG00000176343",276
"ENSG00000176349",7430
"ENSG00000176358",1062
"ENSG00000176371",4878
"ENSG00000176378",327
"ENSG00000176381",3149
"ENSG00000176383",4552
"ENSG00000176386",1174
"ENSG00000176387",2670
"ENSG00000176390",4388
"ENSG00000176393",3455
"ENSG00000176396",1455
"ENSG00000176399",5586
"ENSG00000176401",1866
"ENSG00000176402",1119
"ENSG00000176406",15920
"ENSG00000176407",7968
"ENSG00000176410",2536
"ENSG00000176422",10769
"ENSG00000176428",1620
"ENSG00000176435",2094
"ENSG00000176438",18219
"ENSG00000176444",3658
"ENSG00000176454",4702
"ENSG00000176463",9422
"ENSG00000176472",3238
"ENSG00000176473",4218
"ENSG00000176476",2124
"ENSG00000176485",3068
"ENSG00000176490",3439
"ENSG00000176495",8502
"ENSG00000176510",2898
"ENSG00000176515",3435
"ENSG00000176531",5166
"ENSG00000176532",1956
"ENSG00000176533",4546
"ENSG00000176540",981
"ENSG00000176542",13738
"ENSG00000176547",1036
"ENSG00000176555",930
"ENSG00000176563",3347
"ENSG00000176566",3269
"ENSG00000176567",918
"ENSG00000176571",2609
"ENSG00000176584",5824
"ENSG00000176593",9694
"ENSG00000176595",6911
"ENSG00000176597",8125
"ENSG00000176601",8130
"ENSG00000176605",1416
"ENSG00000176619",5395
"ENSG00000176623",5552
"ENSG00000176624",7871
"ENSG00000176635",2285
"ENSG00000176641",10213
"ENSG00000176654",915
"ENSG00000176658",8188
"ENSG00000176678",5017
"ENSG00000176679",975
"ENSG00000176681",9705
"ENSG00000176692",2900
"ENSG00000176695",3265
"ENSG00000176697",7740
"ENSG00000176700",669
"ENSG00000176714",2845
"ENSG00000176715",14575
"ENSG00000176716",938
"ENSG00000176720",2680
"ENSG00000176723",4568
"ENSG00000176728",23065
"ENSG00000176731",2542
"ENSG00000176732",1605
"ENSG00000176742",948
"ENSG00000176746",1949
"ENSG00000176748",951
"ENSG00000176749",3948
"ENSG00000176752",946
"ENSG00000176753",2306
"ENSG00000176754",5435
"ENSG00000176761",1767
"ENSG00000176769",5258
"ENSG00000176771",9558
"ENSG00000176774",1812
"ENSG00000176782",316
"ENSG00000176783",5901
"ENSG00000176787",978
"ENSG00000176788",2146
"ENSG00000176797",329
"ENSG00000176798",7300
"ENSG00000176809",7823
"ENSG00000176812",827
"ENSG00000176826",1491
"ENSG00000176834",8371
"ENSG00000176840",2534
"ENSG00000176842",2842
"ENSG00000176845",2711
"ENSG00000176853",7263
"ENSG00000176855",1332
"ENSG00000176857",1143
"ENSG00000176868",2713
"ENSG00000176871",4623
"ENSG00000176882",333
"ENSG00000176884",11041
"ENSG00000176887",9002
"ENSG00000176890",2421
"ENSG00000176893",3326
"ENSG00000176894",1421
"ENSG00000176895",2192
"ENSG00000176896",5600
"ENSG00000176900",1065
"ENSG00000176903",2602
"ENSG00000176904",948
"ENSG00000176907",1829
"ENSG00000176909",3524
"ENSG00000176912",3079
"ENSG00000176915",17461
"ENSG00000176919",1152
"ENSG00000176920",3381
"ENSG00000176922",972
"ENSG00000176923",1009
"ENSG00000176925",1136
"ENSG00000176927",6899
"ENSG00000176928",5884
"ENSG00000176933",992
"ENSG00000176945",6837
"ENSG00000176946",2856
"ENSG00000176951",952
"ENSG00000176953",5733
"ENSG00000176956",1874
"ENSG00000176970",721
"ENSG00000176971",2976
"ENSG00000176973",1458
"ENSG00000176974",6989
"ENSG00000176978",3321
"ENSG00000176979",3015
"ENSG00000176984",2427
"ENSG00000176986",5353
"ENSG00000176988",1139
"ENSG00000176994",8297
"ENSG00000176998",998
"ENSG00000177000",11513
"ENSG00000177023",281
"ENSG00000177025",915
"ENSG00000177030",7331
"ENSG00000177034",7931
"ENSG00000177042",3908
"ENSG00000177045",3582
"ENSG00000177047",1201
"ENSG00000177051",3527
"ENSG00000177054",7759
"ENSG00000177058",8823
"ENSG00000177076",2773
"ENSG00000177082",9622
"ENSG00000177084",12364
"ENSG00000177096",2451
"ENSG00000177098",5649
"ENSG00000177103",7036
"ENSG00000177105",1758
"ENSG00000177106",5689
"ENSG00000177108",3862
"ENSG00000177112",3302
"ENSG00000177119",8816
"ENSG00000177125",6711
"ENSG00000177133",6805
"ENSG00000177138",6889
"ENSG00000177143",1735
"ENSG00000177144",3642
"ENSG00000177150",4681
"ENSG00000177151",2957
"ENSG00000177156",2907
"ENSG00000177169",7620
"ENSG00000177173",1157
"ENSG00000177174",939
"ENSG00000177181",10638
"ENSG00000177182",7393
"ENSG00000177186",939
"ENSG00000177189",9801
"ENSG00000177191",1874
"ENSG00000177192",5732
"ENSG00000177197",481
"ENSG00000177200",16546
"ENSG00000177201",5708
"ENSG00000177202",973
"ENSG00000177212",4132
"ENSG00000177225",5510
"ENSG00000177233",951
"ENSG00000177234",2176
"ENSG00000177238",8402
"ENSG00000177239",10873
"ENSG00000177243",518
"ENSG00000177257",337
"ENSG00000177261",333
"ENSG00000177272",10130
"ENSG00000177275",1873
"ENSG00000177283",4050
"ENSG00000177291",1649
"ENSG00000177294",2926
"ENSG00000177300",2177
"ENSG00000177301",18723
"ENSG00000177302",8224
"ENSG00000177303",5777
"ENSG00000177306",846
"ENSG00000177311",14243
"ENSG00000177324",4640
"ENSG00000177335",4736
"ENSG00000177337",2149
"ENSG00000177338",2469
"ENSG00000177340",1514
"ENSG00000177350",614
"ENSG00000177352",1791
"ENSG00000177354",5439
"ENSG00000177359",5833
"ENSG00000177363",2212
"ENSG00000177369",7848
"ENSG00000177370",3182
"ENSG00000177374",8108
"ENSG00000177380",6296
"ENSG00000177383",1701
"ENSG00000177398",7278
"ENSG00000177400",1000
"ENSG00000177406",4547
"ENSG00000177409",7992
"ENSG00000177410",10093
"ENSG00000177414",1842
"ENSG00000177418",474
"ENSG00000177425",11530
"ENSG00000177426",8121
"ENSG00000177427",3906
"ENSG00000177432",1917
"ENSG00000177447",554
"ENSG00000177452",584
"ENSG00000177453",3619
"ENSG00000177455",2681
"ENSG00000177459",1550
"ENSG00000177462",2422
"ENSG00000177463",11822
"ENSG00000177464",3149
"ENSG00000177465",1465
"ENSG00000177468",2196
"ENSG00000177469",3570
"ENSG00000177476",930
"ENSG00000177479",8017
"ENSG00000177483",6049
"ENSG00000177485",5313
"ENSG00000177489",954
"ENSG00000177494",2214
"ENSG00000177504",815
"ENSG00000177508",2935
"ENSG00000177511",10324
"ENSG00000177519",1425
"ENSG00000177535",6414
"ENSG00000177542",4595
"ENSG00000177548",4498
"ENSG00000177551",7541
"ENSG00000177553",1868
"ENSG00000177556",5239
"ENSG00000177558",1194
"ENSG00000177565",11705
"ENSG00000177570",15382
"ENSG00000177575",5815
"ENSG00000177576",5747
"ENSG00000177586",1023
"ENSG00000177590",836
"ENSG00000177595",5855
"ENSG00000177596",2328
"ENSG00000177599",3449
"ENSG00000177600",2433
"ENSG00000177602",2797
"ENSG00000177606",3624
"ENSG00000177613",4110
"ENSG00000177614",11257
"ENSG00000177627",1874
"ENSG00000177628",3648
"ENSG00000177640",18776
"ENSG00000177646",11841
"ENSG00000177663",9288
"ENSG00000177666",3831
"ENSG00000177669",1644
"ENSG00000177673",1413
"ENSG00000177674",2435
"ENSG00000177675",5658
"ENSG00000177679",6877
"ENSG00000177683",5056
"ENSG00000177684",312
"ENSG00000177685",4224
"ENSG00000177688",1017
"ENSG00000177689",1953
"ENSG00000177692",2021
"ENSG00000177693",1072
"ENSG00000177694",13546
"ENSG00000177697",3894
"ENSG00000177699",1900
"ENSG00000177700",1126
"ENSG00000177706",5054
"ENSG00000177707",7717
"ENSG00000177710",1349
"ENSG00000177721",2234
"ENSG00000177725",2371
"ENSG00000177728",9045
"ENSG00000177731",6308
"ENSG00000177732",4673
"ENSG00000177733",8713
"ENSG00000177736",547
"ENSG00000177738",17451
"ENSG00000177752",4479
"ENSG00000177757",1960
"ENSG00000177770",302
"ENSG00000177776",601
"ENSG00000177788",8197
"ENSG00000177791",1300
"ENSG00000177800",2175
"ENSG00000177803",657
"ENSG00000177807",6575
"ENSG00000177822",10921
"ENSG00000177830",5359
"ENSG00000177839",4415
"ENSG00000177842",3783
"ENSG00000177853",11266
"ENSG00000177854",1496
"ENSG00000177855",678
"ENSG00000177868",1353
"ENSG00000177873",5331
"ENSG00000177875",2283
"ENSG00000177879",2929
"ENSG00000177885",4716
"ENSG00000177888",8679
"ENSG00000177889",5954
"ENSG00000177910",3979
"ENSG00000177917",19294
"ENSG00000177932",5893
"ENSG00000177938",1070
"ENSG00000177943",5490
"ENSG00000177946",1940
"ENSG00000177947",3087
"ENSG00000177951",3839
"ENSG00000177954",1028
"ENSG00000177963",6488
"ENSG00000177971",2510
"ENSG00000177981",4086
"ENSG00000177984",2887
"ENSG00000177989",2421
"ENSG00000177990",5611
"ENSG00000177992",4431
"ENSG00000177993",2780
"ENSG00000177994",2738
"ENSG00000178015",2056
"ENSG00000178021",3052
"ENSG00000178026",3422
"ENSG00000178028",5599
"ENSG00000178031",13446
"ENSG00000178033",9787
"ENSG00000178035",5123
"ENSG00000178038",9059
"ENSG00000178053",3735
"ENSG00000178055",882
"ENSG00000178057",1727
"ENSG00000178074",4259
"ENSG00000178075",7444
"ENSG00000178078",2766
"ENSG00000178081",440
"ENSG00000178082",1049
"ENSG00000178084",1699
"ENSG00000178093",1529
"ENSG00000178096",1461
"ENSG00000178104",37693
"ENSG00000178105",18059
"ENSG00000178107",956
"ENSG00000178115",5348
"ENSG00000178125",2250
"ENSG00000178127",2711
"ENSG00000178130",866
"ENSG00000178146",1570
"ENSG00000178149",3686
"ENSG00000178150",3014
"ENSG00000178162",594
"ENSG00000178163",10915
"ENSG00000178171",6438
"ENSG00000178172",606
"ENSG00000178175",6407
"ENSG00000178177",16929
"ENSG00000178184",4192
"ENSG00000178187",2662
"ENSG00000178188",7145
"ENSG00000178199",6686
"ENSG00000178201",2351
"ENSG00000178202",7025
"ENSG00000178209",16992
"ENSG00000178217",4584
"ENSG00000178222",5005
"ENSG00000178226",3673
"ENSG00000178229",3690
"ENSG00000178233",5475
"ENSG00000178234",8288
"ENSG00000178235",5270
"ENSG00000178243",1924
"ENSG00000178248",5356
"ENSG00000178252",5304
"ENSG00000178257",431
"ENSG00000178279",1786
"ENSG00000178287",1973
"ENSG00000178295",11832
"ENSG00000178297",4350
"ENSG00000178301",2125
"ENSG00000178307",2187
"ENSG00000178338",3742
"ENSG00000178342",2353
"ENSG00000178343",2322
"ENSG00000178358",993
"ENSG00000178363",1811
"ENSG00000178372",874
"ENSG00000178381",2450
"ENSG00000178385",11638
"ENSG00000178386",3310
"ENSG00000178394",4613
"ENSG00000178395",2051
"ENSG00000178397",2393
"ENSG00000178401",5144
"ENSG00000178403",2295
"ENSG00000178404",2272
"ENSG00000178409",7085
"ENSG00000178412",3678
"ENSG00000178425",7307
"ENSG00000178429",821
"ENSG00000178440",4297
"ENSG00000178445",8882
"ENSG00000178449",970
"ENSG00000178457",1557
"ENSG00000178458",411
"ENSG00000178460",6354
"ENSG00000178462",1793
"ENSG00000178464",645
"ENSG00000178467",7637
"ENSG00000178473",1243
"ENSG00000178498",4087
"ENSG00000178502",7402
"ENSG00000178503",830
"ENSG00000178522",2005
"ENSG00000178531",1237
"ENSG00000178537",1898
"ENSG00000178538",7706
"ENSG00000178556",240
"ENSG00000178562",5687
"ENSG00000178567",8089
"ENSG00000178568",13011
"ENSG00000178573",6999
"ENSG00000178585",3339
"ENSG00000178586",1698
"ENSG00000178591",1296
"ENSG00000178596",985
"ENSG00000178597",4646
"ENSG00000178602",645
"ENSG00000178605",4126
"ENSG00000178607",19153
"ENSG00000178623",6755
"ENSG00000178631",1129
"ENSG00000178636",423
"ENSG00000178645",5804
"ENSG00000178654",555
"ENSG00000178660",855
"ENSG00000178662",12565
"ENSG00000178665",6480
"ENSG00000178685",6033
"ENSG00000178690",2137
"ENSG00000178691",6558
"ENSG00000178694",8858
"ENSG00000178695",6231
"ENSG00000178700",4352
"ENSG00000178715",438
"ENSG00000178718",2355
"ENSG00000178719",2529
"ENSG00000178722",27592
"ENSG00000178723",1122
"ENSG00000178726",4040
"ENSG00000178732",3563
"ENSG00000178734",2477
"ENSG00000178741",1326
"ENSG00000178750",1149
"ENSG00000178752",3584
"ENSG00000178761",5015
"ENSG00000178762",381
"ENSG00000178764",4453
"ENSG00000178772",3025
"ENSG00000178773",3058
"ENSG00000178776",1218
"ENSG00000178789",4895
"ENSG00000178795",3188
"ENSG00000178796",2276
"ENSG00000178802",9090
"ENSG00000178803",5116
"ENSG00000178804",1303
"ENSG00000178809",5543
"ENSG00000178814",4441
"ENSG00000178821",1600
"ENSG00000178826",2564
"ENSG00000178828",1255
"ENSG00000178836",728
"ENSG00000178852",6678
"ENSG00000178860",2046
"ENSG00000178878",7191
"ENSG00000178882",3306
"ENSG00000178896",1386
"ENSG00000178904",10781
"ENSG00000178913",3025
"ENSG00000178917",12516
"ENSG00000178919",3492
"ENSG00000178921",6471
"ENSG00000178922",2754
"ENSG00000178927",8115
"ENSG00000178928",2107
"ENSG00000178934",660
"ENSG00000178935",2989
"ENSG00000178947",5230
"ENSG00000178950",15155
"ENSG00000178951",6740
"ENSG00000178952",2211
"ENSG00000178965",8827
"ENSG00000178966",3420
"ENSG00000178971",11098
"ENSG00000178974",5580
"ENSG00000178977",2144
"ENSG00000178980",5156
"ENSG00000178982",2798
"ENSG00000178988",2165
"ENSG00000178996",6654
"ENSG00000178997",3675
"ENSG00000178999",2241
"ENSG00000179002",2520
"ENSG00000179008",3431
"ENSG00000179010",2639
"ENSG00000179021",3259
"ENSG00000179023",5045
"ENSG00000179028",2369
"ENSG00000179029",3943
"ENSG00000179031",778
"ENSG00000179038",558
"ENSG00000179041",1720
"ENSG00000179044",3045
"ENSG00000179046",3051
"ENSG00000179051",4079
"ENSG00000179055",945
"ENSG00000179057",4834
"ENSG00000179058",3831
"ENSG00000179059",2652
"ENSG00000179066",3099
"ENSG00000179071",2348
"ENSG00000179073",1025
"ENSG00000179083",3381
"ENSG00000179085",622
"ENSG00000179088",4854
"ENSG00000179091",1963
"ENSG00000179094",9345
"ENSG00000179097",3386
"ENSG00000179101",400
"ENSG00000179104",8323
"ENSG00000179111",1880
"ENSG00000179115",2434
"ENSG00000179119",5899
"ENSG00000179131",363
"ENSG00000179133",6473
"ENSG00000179134",8220
"ENSG00000179136",8298
"ENSG00000179141",2567
"ENSG00000179142",2936
"ENSG00000179144",1214
"ENSG00000179148",4060
"ENSG00000179151",5089
"ENSG00000179152",8743
"ENSG00000179157",741
"ENSG00000179163",2043
"ENSG00000179165",2073
"ENSG00000179168",2445
"ENSG00000179170",1015
"ENSG00000179172",1134
"ENSG00000179178",2138
"ENSG00000179195",6340
"ENSG00000179213",2351
"ENSG00000179218",2802
"ENSG00000179219",1566
"ENSG00000179222",6013
"ENSG00000179240",20110
"ENSG00000179241",4575
"ENSG00000179242",7516
"ENSG00000179253",2000
"ENSG00000179256",2104
"ENSG00000179262",2547
"ENSG00000179270",7532
"ENSG00000179271",1769
"ENSG00000179277",958
"ENSG00000179284",1967
"ENSG00000179292",2538
"ENSG00000179295",13456
"ENSG00000179299",5899
"ENSG00000179300",2649
"ENSG00000179304",4456
"ENSG00000179314",7513
"ENSG00000179331",1885
"ENSG00000179335",19697
"ENSG00000179342",1069
"ENSG00000179344",4894
"ENSG00000179348",4915
"ENSG00000179361",6183
"ENSG00000179362",490
"ENSG00000179363",732
"ENSG00000179364",13880
"ENSG00000179381",976
"ENSG00000179387",6617
"ENSG00000179388",5033
"ENSG00000179397",4431
"ENSG00000179399",3529
"ENSG00000179403",5065
"ENSG00000179406",15624
"ENSG00000179407",3367
"ENSG00000179409",5747
"ENSG00000179412",1718
"ENSG00000179420",1098
"ENSG00000179428",1364
"ENSG00000179431",2406
"ENSG00000179443",950
"ENSG00000179447",1789
"ENSG00000179452",259
"ENSG00000179454",8071
"ENSG00000179455",7123
"ENSG00000179456",4212
"ENSG00000179460",1135
"ENSG00000179468",933
"ENSG00000179476",3884
"ENSG00000179477",2746
"ENSG00000179520",4273
"ENSG00000179523",4214
"ENSG00000179526",2783
"ENSG00000179528",2276
"ENSG00000179532",19629
"ENSG00000179542",9238
"ENSG00000179546",3319
"ENSG00000179562",4966
"ENSG00000179564",1434
"ENSG00000179571",2119
"ENSG00000179577",1989
"ENSG00000179580",978
"ENSG00000179583",22553
"ENSG00000179588",6162
"ENSG00000179593",3011
"ENSG00000179598",2578
"ENSG00000179600",599
"ENSG00000179603",6340
"ENSG00000179604",4837
"ENSG00000179611",2776
"ENSG00000179615",1548
"ENSG00000179626",5151
"ENSG00000179627",3717
"ENSG00000179630",4479
"ENSG00000179632",2456
"ENSG00000179636",2475
"ENSG00000179639",1165
"ENSG00000179673",1098
"ENSG00000179674",1289
"ENSG00000179676",4874
"ENSG00000179695",2112
"ENSG00000179698",8980
"ENSG00000179709",3934
"ENSG00000179715",2618
"ENSG00000179743",8243
"ENSG00000179750",1896
"ENSG00000179751",576
"ENSG00000179755",3015
"ENSG00000179761",3814
"ENSG00000179766",2157
"ENSG00000179772",1302
"ENSG00000179774",1519
"ENSG00000179776",6012
"ENSG00000179796",8954
"ENSG00000179799",1035
"ENSG00000179813",3308
"ENSG00000179817",1444
"ENSG00000179818",4006
"ENSG00000179820",5988
"ENSG00000179826",1690
"ENSG00000179832",10889
"ENSG00000179833",6274
"ENSG00000179840",1823
"ENSG00000179841",7512
"ENSG00000179846",5051
"ENSG00000179855",4423
"ENSG00000179859",2951
"ENSG00000179862",1310
"ENSG00000179869",19075
"ENSG00000179873",4312
"ENSG00000179886",5394
"ENSG00000179889",10553
"ENSG00000179899",3061
"ENSG00000179902",1227
"ENSG00000179909",6907
"ENSG00000179912",5941
"ENSG00000179913",2769
"ENSG00000179914",1492
"ENSG00000179915",26509
"ENSG00000179918",2244
"ENSG00000179919",951
"ENSG00000179921",2694
"ENSG00000179922",2024
"ENSG00000179930",3649
"ENSG00000179933",2930
"ENSG00000179934",1484
"ENSG00000179935",4139
"ENSG00000179938",6007
"ENSG00000179941",3568
"ENSG00000179943",6785
"ENSG00000179950",7645
"ENSG00000179954",7315
"ENSG00000179958",1564
"ENSG00000179965",5527
"ENSG00000179967",445
"ENSG00000179978",3544
"ENSG00000179981",8566
"ENSG00000179988",6118
"ENSG00000179994",1038
"ENSG00000179997",361
"ENSG00000180008",7044
"ENSG00000180011",7943
"ENSG00000180015",1122
"ENSG00000180016",1307
"ENSG00000180019",212
"ENSG00000180035",3726
"ENSG00000180042",945
"ENSG00000180043",3274
"ENSG00000180044",2792
"ENSG00000180053",1775
"ENSG00000180061",1714
"ENSG00000180066",2250
"ENSG00000180068",906
"ENSG00000180071",9732
"ENSG00000180083",654
"ENSG00000180089",2147
"ENSG00000180090",1650
"ENSG00000180096",4215
"ENSG00000180098",4311
"ENSG00000180104",8165
"ENSG00000180105",823
"ENSG00000180113",9041
"ENSG00000180116",4454
"ENSG00000180138",2406
"ENSG00000180139",3183
"ENSG00000180150",229
"ENSG00000180152",795
"ENSG00000180155",5022
"ENSG00000180172",400
"ENSG00000180176",3181
"ENSG00000180178",709
"ENSG00000180182",9668
"ENSG00000180185",3009
"ENSG00000180189",591
"ENSG00000180190",3449
"ENSG00000180198",3888
"ENSG00000180205",675
"ENSG00000180209",1094
"ENSG00000180210",2534
"ENSG00000180211",420
"ENSG00000180219",1864
"ENSG00000180221",496
"ENSG00000180228",12061
"ENSG00000180229",4088
"ENSG00000180230",624
"ENSG00000180233",3403
"ENSG00000180245",7160
"ENSG00000180251",4555
"ENSG00000180257",3310
"ENSG00000180259",2336
"ENSG00000180263",10044
"ENSG00000180264",5731
"ENSG00000180269",4931
"ENSG00000180279",584
"ENSG00000180284",372
"ENSG00000180287",9546
"ENSG00000180304",7671
"ENSG00000180305",493
"ENSG00000180316",5160
"ENSG00000180318",1332
"ENSG00000180329",2855
"ENSG00000180332",2124
"ENSG00000180336",8611
"ENSG00000180340",3779
"ENSG00000180346",3186
"ENSG00000180347",8872
"ENSG00000180353",5093
"ENSG00000180354",6359
"ENSG00000180357",12275
"ENSG00000180370",6270
"ENSG00000180376",9286
"ENSG00000180383",1265
"ENSG00000180385",534
"ENSG00000180386",510
"ENSG00000180389",156
"ENSG00000180398",5942
"ENSG00000180409",937
"ENSG00000180422",3961
"ENSG00000180423",2662
"ENSG00000180424",354
"ENSG00000180425",2203
"ENSG00000180432",4174
"ENSG00000180433",1172
"ENSG00000180437",955
"ENSG00000180438",651
"ENSG00000180440",3099
"ENSG00000180447",3145
"ENSG00000180448",6237
"ENSG00000180458",3267
"ENSG00000180475",1037
"ENSG00000180479",4389
"ENSG00000180481",3771
"ENSG00000180483",784
"ENSG00000180488",10129
"ENSG00000180509",7206
"ENSG00000180525",9247
"ENSG00000180530",8497
"ENSG00000180532",2246
"ENSG00000180535",3264
"ENSG00000180537",4098
"ENSG00000180539",4990
"ENSG00000180543",4441
"ENSG00000180549",1662
"ENSG00000180573",1668
"ENSG00000180574",3457
"ENSG00000180581",261
"ENSG00000180592",6703
"ENSG00000180596",2881
"ENSG00000180610",1122
"ENSG00000180611",3063
"ENSG00000180613",1787
"ENSG00000180616",7854
"ENSG00000180626",5300
"ENSG00000180628",8312
"ENSG00000180638",6691
"ENSG00000180644",2518
"ENSG00000180658",1758
"ENSG00000180660",3961
"ENSG00000180662",535
"ENSG00000180663",919
"ENSG00000180667",6652
"ENSG00000180673",1969
"ENSG00000180694",5870
"ENSG00000180697",2168
"ENSG00000180708",3023
"ENSG00000180712",7198
"ENSG00000180714",943
"ENSG00000180720",3066
"ENSG00000180723",911
"ENSG00000180730",3845
"ENSG00000180739",2803
"ENSG00000180745",1146
"ENSG00000180747",4262
"ENSG00000180758",5304
"ENSG00000180764",2733
"ENSG00000180767",1917
"ENSG00000180769",10272
"ENSG00000180770",968
"ENSG00000180772",3295
"ENSG00000180773",9709
"ENSG00000180776",6579
"ENSG00000180777",6785
"ENSG00000180785",3612
"ENSG00000180787",4987
"ENSG00000180801",5146
"ENSG00000180803",418
"ENSG00000180806",1666
"ENSG00000180815",5820
"ENSG00000180817",5166
"ENSG00000180818",2371
"ENSG00000180822",10415
"ENSG00000180828",3263
"ENSG00000180834",2362
"ENSG00000180846",1288
"ENSG00000180855",2663
"ENSG00000180861",3953
"ENSG00000180867",1510
"ENSG00000180869",2884
"ENSG00000180871",3214
"ENSG00000180872",1821
"ENSG00000180875",4176
"ENSG00000180878",1154
"ENSG00000180879",4564
"ENSG00000180881",7920
"ENSG00000180884",4414
"ENSG00000180891",5666
"ENSG00000180900",6586
"ENSG00000180901",5279
"ENSG00000180902",5256
"ENSG00000180909",909
"ENSG00000180910",303
"ENSG00000180913",947
"ENSG00000180914",4541
"ENSG00000180917",7582
"ENSG00000180919",1152
"ENSG00000180921",6220
"ENSG00000180926",702
"ENSG00000180929",2119
"ENSG00000180934",8518
"ENSG00000180938",3278
"ENSG00000180953",1614
"ENSG00000180957",5079
"ENSG00000180964",1211
"ENSG00000180974",2947
"ENSG00000180979",8114
"ENSG00000180988",1333
"ENSG00000180992",957
"ENSG00000180998",6505
"ENSG00000180999",1728
"ENSG00000181001",2545
"ENSG00000181004",3431
"ENSG00000181007",9214
"ENSG00000181009",2788
"ENSG00000181016",2592
"ENSG00000181017",4068
"ENSG00000181019",2971
"ENSG00000181023",2076
"ENSG00000181026",5976
"ENSG00000181027",5171
"ENSG00000181029",5679
"ENSG00000181031",6066
"ENSG00000181035",4666
"ENSG00000181036",2677
"ENSG00000181038",1914
"ENSG00000181045",4912
"ENSG00000181061",3024
"ENSG00000181072",8339
"ENSG00000181074",1329
"ENSG00000181085",2975
"ENSG00000181090",22188
"ENSG00000181092",4599
"ENSG00000181097",1963
"ENSG00000181101",1023
"ENSG00000181104",3972
"ENSG00000181109",963
"ENSG00000181123",3043
"ENSG00000181126",534
"ENSG00000181135",6327
"ENSG00000181143",44231
"ENSG00000181163",8311
"ENSG00000181171",2315
"ENSG00000181191",2845
"ENSG00000181192",5295
"ENSG00000181195",3392
"ENSG00000181201",382
"ENSG00000181211",2233
"ENSG00000181214",935
"ENSG00000181215",20673
"ENSG00000181218",1850
"ENSG00000181220",8403
"ENSG00000181222",8355
"ENSG00000181227",1354
"ENSG00000181234",5176
"ENSG00000181240",1649
"ENSG00000181260",983
"ENSG00000181264",4305
"ENSG00000181273",930
"ENSG00000181274",2233
"ENSG00000181282",930
"ENSG00000181284",2137
"ENSG00000181291",6115
"ENSG00000181296",946
"ENSG00000181315",5059
"ENSG00000181322",4119
"ENSG00000181323",1018
"ENSG00000181325",918
"ENSG00000181333",5809
"ENSG00000181350",3735
"ENSG00000181355",2891
"ENSG00000181358",2408
"ENSG00000181359",735
"ENSG00000181371",936
"ENSG00000181374",823
"ENSG00000181378",10519
"ENSG00000181381",12156
"ENSG00000181392",2548
"ENSG00000181396",6404
"ENSG00000181404",2749
"ENSG00000181408",3685
"ENSG00000181409",13177
"ENSG00000181418",3815
"ENSG00000181433",3240
"ENSG00000181444",2843
"ENSG00000181449",2512
"ENSG00000181450",8915
"ENSG00000181458",6005
"ENSG00000181467",8402
"ENSG00000181472",3103
"ENSG00000181481",2246
"ENSG00000181499",972
"ENSG00000181511",303
"ENSG00000181513",3776
"ENSG00000181514",1184
"ENSG00000181518",3175
"ENSG00000181523",6661
"ENSG00000181524",421
"ENSG00000181541",2543
"ENSG00000181544",13297
"ENSG00000181552",919
"ENSG00000181555",14308
"ENSG00000181562",932
"ENSG00000181577",5571
"ENSG00000181585",2159
"ENSG00000181588",3114
"ENSG00000181609",1065
"ENSG00000181610",6379
"ENSG00000181616",1150
"ENSG00000181617",513
"ENSG00000181619",5021
"ENSG00000181625",2430
"ENSG00000181626",4837
"ENSG00000181631",2765
"ENSG00000181634",7785
"ENSG00000181638",6910
"ENSG00000181649",920
"ENSG00000181652",6412
"ENSG00000181656",3492
"ENSG00000181666",7337
"ENSG00000181690",7828
"ENSG00000181693",2933
"ENSG00000181698",1471
"ENSG00000181704",8608
"ENSG00000181705",197
"ENSG00000181718",2062
"ENSG00000181722",35362
"ENSG00000181733",1755
"ENSG00000181741",551
"ENSG00000181744",5463
"ENSG00000181751",3507
"ENSG00000181752",924
"ENSG00000181754",5141
"ENSG00000181761",939
"ENSG00000181767",3092
"ENSG00000181773",2137
"ENSG00000181778",1261
"ENSG00000181780",939
"ENSG00000181781",1718
"ENSG00000181785",7860
"ENSG00000181786",1396
"ENSG00000181788",2619
"ENSG00000181789",4425
"ENSG00000181790",7356
"ENSG00000181798",7053
"ENSG00000181800",4056
"ENSG00000181803",996
"ENSG00000181804",4041
"ENSG00000181817",1506
"ENSG00000181819",1013
"ENSG00000181826",4214
"ENSG00000181827",11504
"ENSG00000181830",3875
"ENSG00000181837",981
"ENSG00000181847",6091
"ENSG00000181852",6533
"ENSG00000181856",3995
"ENSG00000181867",952
"ENSG00000181873",10230
"ENSG00000181885",2492
"ENSG00000181894",4315
"ENSG00000181896",6560
"ENSG00000181903",1119
"ENSG00000181904",5759
"ENSG00000181908",2398
"ENSG00000181915",3760
"ENSG00000181924",4980
"ENSG00000181927",2086
"ENSG00000181929",4166
"ENSG00000181938",5108
"ENSG00000181939",1113
"ENSG00000181943",944
"ENSG00000181950",942
"ENSG00000181958",945
"ENSG00000181961",987
"ENSG00000181963",1067
"ENSG00000181965",1683
"ENSG00000181977",213
"ENSG00000181982",12273
"ENSG00000181984",5237
"ENSG00000181991",5628
"ENSG00000181995",535
"ENSG00000181997",1041
"ENSG00000182000",403
"ENSG00000182004",2080
"ENSG00000182010",9793
"ENSG00000182013",3696
"ENSG00000182021",261
"ENSG00000182022",6543
"ENSG00000182035",1033
"ENSG00000182040",3559
"ENSG00000182048",2604
"ENSG00000182050",27761
"ENSG00000182053",2162
"ENSG00000182054",2787
"ENSG00000182057",5964
"ENSG00000182070",6178
"ENSG00000182077",3595
"ENSG00000182083",939
"ENSG00000182087",4031
"ENSG00000182093",8639
"ENSG00000182095",12860
"ENSG00000182103",3925
"ENSG00000182107",4392
"ENSG00000182108",6692
"ENSG00000182111",5210
"ENSG00000182117",1576
"ENSG00000182118",2402
"ENSG00000182132",3366
"ENSG00000182134",5092
"ENSG00000182141",11574
"ENSG00000182149",7562
"ENSG00000182150",29665
"ENSG00000182154",582
"ENSG00000182156",3522
"ENSG00000182158",8807
"ENSG00000182162",4528
"ENSG00000182165",6676
"ENSG00000182168",10684
"ENSG00000182170",870
"ENSG00000182173",4505
"ENSG00000182175",13230
"ENSG00000182177",6967
"ENSG00000182179",4550
"ENSG00000182180",2794
"ENSG00000182183",2684
"ENSG00000182185",7477
"ENSG00000182187",631
"ENSG00000182195",4983
"ENSG00000182196",2781
"ENSG00000182197",10736
"ENSG00000182199",4592
"ENSG00000182208",4537
"ENSG00000182218",7817
"ENSG00000182220",9541
"ENSG00000182223",1460
"ENSG00000182224",3980
"ENSG00000182240",9631
"ENSG00000182247",3239
"ENSG00000182253",7774
"ENSG00000182255",4213
"ENSG00000182256",12689
"ENSG00000182257",2817
"ENSG00000182261",4439
"ENSG00000182263",9942
"ENSG00000182264",3415
"ENSG00000182271",1228
"ENSG00000182272",4059
"ENSG00000182287",5428
"ENSG00000182307",4353
"ENSG00000182308",4710
"ENSG00000182310",4258
"ENSG00000182315",1114
"ENSG00000182318",4740
"ENSG00000182324",4275
"ENSG00000182325",3375
"ENSG00000182326",8295
"ENSG00000182327",1217
"ENSG00000182329",7962
"ENSG00000182330",1611
"ENSG00000182333",2348
"ENSG00000182334",1193
"ENSG00000182346",2295
"ENSG00000182347",1114
"ENSG00000182348",5824
"ENSG00000182351",229
"ENSG00000182352",7428
"ENSG00000182359",5210
"ENSG00000182362",1802
"ENSG00000182365",941
"ENSG00000182366",6004
"ENSG00000182372",9403
"ENSG00000182376",2238
"ENSG00000182378",6065
"ENSG00000182379",2151
"ENSG00000182383",449
"ENSG00000182389",35957
"ENSG00000182393",775
"ENSG00000182397",882
"ENSG00000182400",4533
"ENSG00000182405",6604
"ENSG00000182415",1960
"ENSG00000182446",9540
"ENSG00000182447",1434
"ENSG00000182450",2632
"ENSG00000182459",1935
"ENSG00000182463",12630
"ENSG00000182472",5966
"ENSG00000182473",10116
"ENSG00000182477",938
"ENSG00000182481",7365
"ENSG00000182484",4618
"ENSG00000182487",1171
"ENSG00000182489",3372
"ENSG00000182492",2404
"ENSG00000182504",11836
"ENSG00000182508",1750
"ENSG00000182511",4202
"ENSG00000182512",2388
"ENSG00000182518",3868
"ENSG00000182521",1738
"ENSG00000182531",1024
"ENSG00000182533",1947
"ENSG00000182534",9248
"ENSG00000182541",6170
"ENSG00000182544",2583
"ENSG00000182545",3915
"ENSG00000182551",5350
"ENSG00000182552",2754
"ENSG00000182557",2677
"ENSG00000182565",1064
"ENSG00000182566",1720
"ENSG00000182568",14786
"ENSG00000182574",946
"ENSG00000182575",5635
"ENSG00000182578",5151
"ENSG00000182580",4530
"ENSG00000182583",967
"ENSG00000182585",3299
"ENSG00000182586",3566
"ENSG00000182591",937
"ENSG00000182600",3763
"ENSG00000182601",3443
"ENSG00000182606",10977
"ENSG00000182612",4943
"ENSG00000182613",4777
"ENSG00000182621",17406
"ENSG00000182625",207
"ENSG00000182628",3233
"ENSG00000182631",2533
"ENSG00000182632",1440
"ENSG00000182634",3449
"ENSG00000182636",1906
"ENSG00000182645",1757
"ENSG00000182648",18314
"ENSG00000182652",2165
"ENSG00000182667",6956
"ENSG00000182670",15931
"ENSG00000182674",3748
"ENSG00000182676",1449
"ENSG00000182685",1038
"ENSG00000182687",1373
"ENSG00000182698",1142
"ENSG00000182700",3456
"ENSG00000182704",4013
"ENSG00000182707",285
"ENSG00000182712",1313
"ENSG00000182718",11574
"ENSG00000182722",958
"ENSG00000182732",8948
"ENSG00000182742",2002
"ENSG00000182747",2343
"ENSG00000182749",3244
"ENSG00000182752",11585
"ENSG00000182759",2826
"ENSG00000182768",3116
"ENSG00000182771",6232
"ENSG00000182774",3188
"ENSG00000182776",2369
"ENSG00000182782",2065
"ENSG00000182783",2652
"ENSG00000182791",2888
"ENSG00000182793",892
"ENSG00000182795",5501
"ENSG00000182796",1054
"ENSG00000182798",1611
"ENSG00000182809",4165
"ENSG00000182810",2317
"ENSG00000182814",493
"ENSG00000182816",882
"ENSG00000182824",4048
"ENSG00000182827",3589
"ENSG00000182831",15874
"ENSG00000182836",7706
"ENSG00000182841",833
"ENSG00000182853",803
"ENSG00000182854",2119
"ENSG00000182858",5330
"ENSG00000182866",3332
"ENSG00000182870",7209
"ENSG00000182871",8464
"ENSG00000182872",3537
"ENSG00000182873",1734
"ENSG00000182885",3240
"ENSG00000182888",452
"ENSG00000182890",2485
"ENSG00000182896",1224
"ENSG00000182898",3606
"ENSG00000182899",2899
"ENSG00000182901",21651
"ENSG00000182902",4731
"ENSG00000182903",6390
"ENSG00000182916",1144
"ENSG00000182919",6269
"ENSG00000182921",791
"ENSG00000182923",24294
"ENSG00000182931",632
"ENSG00000182934",4148
"ENSG00000182938",2337
"ENSG00000182944",10326
"ENSG00000182950",1132
"ENSG00000182952",1992
"ENSG00000182957",9944
"ENSG00000182963",8716
"ENSG00000182965",866
"ENSG00000182968",4558
"ENSG00000182973",4846
"ENSG00000182974",1084
"ENSG00000182979",6966
"ENSG00000182983",6352
"ENSG00000182985",10975
"ENSG00000182986",11302
"ENSG00000182993",4518
"ENSG00000183010",2886
"ENSG00000183011",1906
"ENSG00000183018",4068
"ENSG00000183019",1449
"ENSG00000183020",14593
"ENSG00000183022",643
"ENSG00000183023",22286
"ENSG00000183024",942
"ENSG00000183032",4757
"ENSG00000183034",3001
"ENSG00000183035",2128
"ENSG00000183036",985
"ENSG00000183044",9713
"ENSG00000183048",2621
"ENSG00000183049",8680
"ENSG00000183054",13500
"ENSG00000183055",704
"ENSG00000183060",5697
"ENSG00000183066",6180
"ENSG00000183067",2859
"ENSG00000183072",2048
"ENSG00000183077",4008
"ENSG00000183087",6015
"ENSG00000183090",6869
"ENSG00000183091",33502
"ENSG00000183092",7882
"ENSG00000183098",7121
"ENSG00000183111",5299
"ENSG00000183114",2448
"ENSG00000183117",18700
"ENSG00000183122",953
"ENSG00000183128",1652
"ENSG00000183134",2881
"ENSG00000183137",16918
"ENSG00000183145",2183
"ENSG00000183146",878
"ENSG00000183148",4194
"ENSG00000183150",2624
"ENSG00000183153",4086
"ENSG00000183154",3979
"ENSG00000183155",3119
"ENSG00000183160",3184
"ENSG00000183161",3291
"ENSG00000183166",9994
"ENSG00000183169",1835
"ENSG00000183171",2143
"ENSG00000183172",1731
"ENSG00000183185",7285
"ENSG00000183186",3099
"ENSG00000183196",8620
"ENSG00000183199",2173
"ENSG00000183206",7133
"ENSG00000183207",3519
"ENSG00000183208",5766
"ENSG00000183230",16452
"ENSG00000183239",455
"ENSG00000183242",10712
"ENSG00000183246",5796
"ENSG00000183248",4467
"ENSG00000183249",450
"ENSG00000183250",4960
"ENSG00000183251",933
"ENSG00000183255",3537
"ENSG00000183258",4177
"ENSG00000183260",1491
"ENSG00000183269",942
"ENSG00000183273",3433
"ENSG00000183281",5221
"ENSG00000183283",5299
"ENSG00000183287",7062
"ENSG00000183291",2201
"ENSG00000183292",987
"ENSG00000183298",880
"ENSG00000183303",969
"ENSG00000183304",1590
"ENSG00000183305",2422
"ENSG00000183307",5071
"ENSG00000183308",1776
"ENSG00000183309",7140
"ENSG00000183310",957
"ENSG00000183313",1094
"ENSG00000183317",8152
"ENSG00000183318",2803
"ENSG00000183323",7980
"ENSG00000183324",920
"ENSG00000183336",402
"ENSG00000183337",9965
"ENSG00000183340",3815
"ENSG00000183346",1821
"ENSG00000183347",4685
"ENSG00000183354",8497
"ENSG00000183378",2145
"ENSG00000183379",2719
"ENSG00000183385",1020
"ENSG00000183386",2010
"ENSG00000183389",3934
"ENSG00000183395",754
"ENSG00000183396",576
"ENSG00000183397",675
"ENSG00000183401",4064
"ENSG00000183421",4016
"ENSG00000183423",3992
"ENSG00000183426",7366
"ENSG00000183431",3894
"ENSG00000183432",498
"ENSG00000183434",1693
"ENSG00000183439",2779
"ENSG00000183444",985
"ENSG00000183454",19072
"ENSG00000183458",6919
"ENSG00000183463",1133
"ENSG00000183470",2598
"ENSG00000183474",7980
"ENSG00000183475",5338
"ENSG00000183476",2366
"ENSG00000183479",2586
"ENSG00000183484",4194
"ENSG00000183486",14562
"ENSG00000183495",18041
"ENSG00000183496",4342
"ENSG00000183506",2080
"ENSG00000183508",5654
"ENSG00000183513",2756
"ENSG00000183514",562
"ENSG00000183520",3381
"ENSG00000183527",2152
"ENSG00000183530",11809
"ENSG00000183535",3455
"ENSG00000183542",5253
"ENSG00000183549",3963
"ENSG00000183559",1088
"ENSG00000183560",1552
"ENSG00000183562",1482
"ENSG00000183566",689
"ENSG00000183569",2821
"ENSG00000183570",6864
"ENSG00000183571",1627
"ENSG00000183576",5186
"ENSG00000183578",2572
"ENSG00000183579",6989
"ENSG00000183580",4870
"ENSG00000183586",193
"ENSG00000183597",7395
"ENSG00000183598",469
"ENSG00000183604",4219
"ENSG00000183605",1915
"ENSG00000183607",1576
"ENSG00000183615",947
"ENSG00000183617",985
"ENSG00000183621",4269
"ENSG00000183624",2783
"ENSG00000183625",6097
"ENSG00000183628",5165
"ENSG00000183629",6529
"ENSG00000183631",1263
"ENSG00000183632",2437
"ENSG00000183638",8922
"ENSG00000183640",578
"ENSG00000183643",2215
"ENSG00000183644",3299
"ENSG00000183647",6096
"ENSG00000183648",2263
"ENSG00000183654",1877
"ENSG00000183655",7111
"ENSG00000183662",2880
"ENSG00000183663",953
"ENSG00000183665",2331
"ENSG00000183666",758
"ENSG00000183668",5048
"ENSG00000183671",2821
"ENSG00000183674",5975
"ENSG00000183682",5636
"ENSG00000183684",1583
"ENSG00000183688",3621
"ENSG00000183690",3329
"ENSG00000183691",1913
"ENSG00000183695",2072
"ENSG00000183696",4580
"ENSG00000183704",1337
"ENSG00000183706",1341
"ENSG00000183709",951
"ENSG00000183715",7628
"ENSG00000183718",6779
"ENSG00000183722",4564
"ENSG00000183723",8153
"ENSG00000183726",3010
"ENSG00000183733",722
"ENSG00000183734",1485
"ENSG00000183735",14716
"ENSG00000183741",7993
"ENSG00000183742",9898
"ENSG00000183747",8195
"ENSG00000183751",7119
"ENSG00000183753",1436
"ENSG00000183760",3044
"ENSG00000183762",8020
"ENSG00000183763",3261
"ENSG00000183765",4493
"ENSG00000183770",2914
"ENSG00000183773",5260
"ENSG00000183775",14253
"ENSG00000183778",14602
"ENSG00000183779",3316
"ENSG00000183780",3447
"ENSG00000183783",2712
"ENSG00000183784",3070
"ENSG00000183785",5424
"ENSG00000183793",1516
"ENSG00000183795",1436
"ENSG00000183798",3791
"ENSG00000183801",3436
"ENSG00000183807",1032
"ENSG00000183808",8819
"ENSG00000183813",3796
"ENSG00000183814",4442
"ENSG00000183822",3936
"ENSG00000183826",9451
"ENSG00000183828",1916
"ENSG00000183831",4125
"ENSG00000183833",7106
"ENSG00000183837",3748
"ENSG00000183840",3135
"ENSG00000183844",3828
"ENSG00000183850",3243
"ENSG00000183853",7872
"ENSG00000183856",6742
"ENSG00000183862",3285
"ENSG00000183864",4343
"ENSG00000183873",10469
"ENSG00000183876",3221
"ENSG00000183878",9716
"ENSG00000183888",3039
"ENSG00000183889",7915
"ENSG00000183891",1995
"ENSG00000183908",5410
"ENSG00000183909",903
"ENSG00000183911",462
"ENSG00000183914",16839
"ENSG00000183918",4980
"ENSG00000183921",4504
"ENSG00000183929",1139
"ENSG00000183935",1336
"ENSG00000183938",367
"ENSG00000183943",6523
"ENSG00000183955",4215
"ENSG00000183960",6088
"ENSG00000183963",10202
"ENSG00000183971",928
"ENSG00000183977",2494
"ENSG00000183978",1931
"ENSG00000183979",2161
"ENSG00000183981",951
"ENSG00000184005",7200
"ENSG00000184007",6708
"ENSG00000184009",4052
"ENSG00000184012",6589
"ENSG00000184014",21072
"ENSG00000184022",3522
"ENSG00000184029",2054
"ENSG00000184032",414
"ENSG00000184033",998
"ENSG00000184047",6263
"ENSG00000184055",929
"ENSG00000184056",3755
"ENSG00000184058",3930
"ENSG00000184060",4373
"ENSG00000184068",2989
"ENSG00000184076",975
"ENSG00000184083",8799
"ENSG00000184084",304
"ENSG00000184100",1944
"ENSG00000184106",501
"ENSG00000184108",2091
"ENSG00000184110",6925
"ENSG00000184111",436
"ENSG00000184113",3429
"ENSG00000184115",961
"ENSG00000184117",2983
"ENSG00000184139",571
"ENSG00000184140",1238
"ENSG00000184144",17721
"ENSG00000184148",751
"ENSG00000184154",3541
"ENSG00000184155",930
"ENSG00000184156",12696
"ENSG00000184160",2179
"ENSG00000184162",1791
"ENSG00000184163",1794
"ENSG00000184164",5166
"ENSG00000184166",4887
"ENSG00000184178",3167
"ENSG00000184182",4238
"ENSG00000184185",5455
"ENSG00000184188",1101
"ENSG00000184194",4910
"ENSG00000184203",5123
"ENSG00000184205",4948
"ENSG00000184206",6055
"ENSG00000184207",3164
"ENSG00000184208",4890
"ENSG00000184209",4693
"ENSG00000184210",1712
"ENSG00000184216",4264
"ENSG00000184220",7207
"ENSG00000184221",2273
"ENSG00000184224",2612
"ENSG00000184226",30944
"ENSG00000184227",1686
"ENSG00000184232",2913
"ENSG00000184254",5836
"ENSG00000184260",494
"ENSG00000184261",14022
"ENSG00000184270",497
"ENSG00000184271",6402
"ENSG00000184274",6338
"ENSG00000184276",666
"ENSG00000184277",11894
"ENSG00000184281",2659
"ENSG00000184292",1820
"ENSG00000184293",432
"ENSG00000184302",2592
"ENSG00000184303",1438
"ENSG00000184304",5811
"ENSG00000184305",13997
"ENSG00000184307",7147
"ENSG00000184313",9088
"ENSG00000184319",469
"ENSG00000184321",951
"ENSG00000184330",4458
"ENSG00000184343",4744
"ENSG00000184344",1236
"ENSG00000184345",642
"ENSG00000184347",14261
"ENSG00000184349",5735
"ENSG00000184350",4108
"ENSG00000184351",662
"ENSG00000184357",797
"ENSG00000184361",1928
"ENSG00000184363",3795
"ENSG00000184368",4366
"ENSG00000184371",5238
"ENSG00000184374",3537
"ENSG00000184378",1671
"ENSG00000184381",8150
"ENSG00000184384",7121
"ENSG00000184385",2141
"ENSG00000184388",3168
"ENSG00000184389",1023
"ENSG00000184394",2187
"ENSG00000184402",5150
"ENSG00000184408",6054
"ENSG00000184414",1006
"ENSG00000184423",469
"ENSG00000184428",6425
"ENSG00000184432",18721
"ENSG00000184434",3588
"ENSG00000184436",2879
"ENSG00000184441",4354
"ENSG00000184445",11325
"ENSG00000184451",2619
"ENSG00000184454",4146
"ENSG00000184459",2316
"ENSG00000184465",12610
"ENSG00000184470",8201
"ENSG00000184471",5098
"ENSG00000184478",4832
"ENSG00000184481",3793
"ENSG00000184486",4885
"ENSG00000184489",3692
"ENSG00000184492",2486
"ENSG00000184497",7301
"ENSG00000184500",5270
"ENSG00000184502",465
"ENSG00000184507",4196
"ENSG00000184508",5229
"ENSG00000184515",983
"ENSG00000184517",3759
"ENSG00000184523",252
"ENSG00000184524",1628
"ENSG00000184530",1533
"ENSG00000184544",1301
"ENSG00000184545",4960
"ENSG00000184557",2734
"ENSG00000184560",1650
"ENSG00000184564",4416
"ENSG00000184566",1158
"ENSG00000184571",3801
"ENSG00000184574",2771
"ENSG00000184575",7320
"ENSG00000184584",4798
"ENSG00000184588",8930
"ENSG00000184599",1677
"ENSG00000184601",2956
"ENSG00000184602",3264
"ENSG00000184608",2585
"ENSG00000184611",5003
"ENSG00000184612",754
"ENSG00000184613",6405
"ENSG00000184616",2901
"ENSG00000184617",5136
"ENSG00000184619",13509
"ENSG00000184624",1908
"ENSG00000184634",17341
"ENSG00000184635",5579
"ENSG00000184640",13772
"ENSG00000184647",3150
"ENSG00000184650",1352
"ENSG00000184659",1251
"ENSG00000184661",3697
"ENSG00000184669",1000
"ENSG00000184672",4538
"ENSG00000184675",8407
"ENSG00000184677",9169
"ENSG00000184678",2224
"ENSG00000184697",1739
"ENSG00000184698",4099
"ENSG00000184702",4564
"ENSG00000184708",6102
"ENSG00000184709",1209
"ENSG00000184716",2976
"ENSG00000184719",4790
"ENSG00000184724",500
"ENSG00000184730",3792
"ENSG00000184731",4088
"ENSG00000184735",3630
"ENSG00000184741",927
"ENSG00000184743",7600
"ENSG00000184752",8223
"ENSG00000184761",989
"ENSG00000184774",1135
"ENSG00000184785",1483
"ENSG00000184786",2631
"ENSG00000184787",7195
"ENSG00000184788",6990
"ENSG00000184789",931
"ENSG00000184792",6632
"ENSG00000184795",699
"ENSG00000184809",8603
"ENSG00000184811",3588
"ENSG00000184814",1896
"ENSG00000184828",7610
"ENSG00000184831",2357
"ENSG00000184838",2252
"ENSG00000184840",3513
"ENSG00000184844",315
"ENSG00000184845",4031
"ENSG00000184856",825
"ENSG00000184857",1972
"ENSG00000184860",11904
"ENSG00000184863",13132
"ENSG00000184867",3548
"ENSG00000184887",2400
"ENSG00000184895",828
"ENSG00000184897",1516
"ENSG00000184898",4701
"ENSG00000184900",2732
"ENSG00000184903",3970
"ENSG00000184905",3163
"ENSG00000184906",261
"ENSG00000184908",5887
"ENSG00000184911",2033
"ENSG00000184916",6396
"ENSG00000184922",7542
"ENSG00000184923",5082
"ENSG00000184924",1932
"ENSG00000184925",2862
"ENSG00000184933",4295
"ENSG00000184937",8133
"ENSG00000184939",7015
"ENSG00000184945",1685
"ENSG00000184949",10779
"ENSG00000184954",939
"ENSG00000184956",8438
"ENSG00000184961",581
"ENSG00000184967",2020
"ENSG00000184979",4409
"ENSG00000184983",1344
"ENSG00000184984",6041
"ENSG00000184985",6289
"ENSG00000184986",1882
"ENSG00000184988",3577
"ENSG00000184990",4729
"ENSG00000184991",2284
"ENSG00000184992",6703
"ENSG00000184995",1475
"ENSG00000184999",4910
"ENSG00000185000",4131
"ENSG00000185002",4091
"ENSG00000185008",16659
"ENSG00000185009",5691
"ENSG00000185010",10956
"ENSG00000185013",3988
"ENSG00000185015",5597
"ENSG00000185019",4738
"ENSG00000185022",5611
"ENSG00000185024",12962
"ENSG00000185028",2570
"ENSG00000185031",1480
"ENSG00000185033",6995
"ENSG00000185037",1573
"ENSG00000185038",5730
"ENSG00000185040",4023
"ENSG00000185043",3520
"ENSG00000185046",11333
"ENSG00000185049",5057
"ENSG00000185052",3922
"ENSG00000185053",7345
"ENSG00000185055",2578
"ENSG00000185056",2747
"ENSG00000185065",2227
"ENSG00000185069",2529
"ENSG00000185070",38108
"ENSG00000185074",886
"ENSG00000185078",571
"ENSG00000185085",3285
"ENSG00000185088",8825
"ENSG00000185090",2973
"ENSG00000185100",5787
"ENSG00000185101",6207
"ENSG00000185104",7549
"ENSG00000185105",2452
"ENSG00000185112",3155
"ENSG00000185115",4834
"ENSG00000185122",5305
"ENSG00000185127",4235
"ENSG00000185129",12519
"ENSG00000185130",451
"ENSG00000185133",4823
"ENSG00000185149",3621
"ENSG00000185155",2035
"ENSG00000185156",2256
"ENSG00000185158",6770
"ENSG00000185163",6349
"ENSG00000185164",6801
"ENSG00000185168",4252
"ENSG00000185176",3303
"ENSG00000185177",4108
"ENSG00000185182",2184
"ENSG00000185186",8792
"ENSG00000185187",3806
"ENSG00000185189",4934
"ENSG00000185198",1090
"ENSG00000185201",1606
"ENSG00000185203",1235
"ENSG00000185215",5058
"ENSG00000185219",18884
"ENSG00000185220",3651
"ENSG00000185221",983
"ENSG00000185222",1974
"ENSG00000185231",3730
"ENSG00000185236",2309
"ENSG00000185238",5483
"ENSG00000185245",2514
"ENSG00000185246",4924
"ENSG00000185247",3467
"ENSG00000185250",4481
"ENSG00000185252",6251
"ENSG00000185261",12529
"ENSG00000185262",1650
"ENSG00000185264",1164
"ENSG00000185267",1703
"ENSG00000185269",2913
"ENSG00000185271",5509
"ENSG00000185272",2360
"ENSG00000185274",4894
"ENSG00000185275",243
"ENSG00000185278",19437
"ENSG00000185290",620
"ENSG00000185291",1710
"ENSG00000185294",2187
"ENSG00000185296",580
"ENSG00000185298",2389
"ENSG00000185303",2695
"ENSG00000185304",6830
"ENSG00000185305",3794
"ENSG00000185306",5070
"ENSG00000185313",6730
"ENSG00000185319",245
"ENSG00000185324",6779
"ENSG00000185332",5118
"ENSG00000185338",1788
"ENSG00000185339",4827
"ENSG00000185340",4447
"ENSG00000185344",17214
"ENSG00000185345",11631
"ENSG00000185347",6698
"ENSG00000185352",8536
"ENSG00000185359",10849
"ENSG00000185361",6669
"ENSG00000185372",2785
"ENSG00000185379",11282
"ENSG00000185385",3757
"ENSG00000185386",2688
"ENSG00000185390",296
"ENSG00000185404",5650
"ENSG00000185414",4760
"ENSG00000185418",4455
"ENSG00000185420",5866
"ENSG00000185432",4076
"ENSG00000185433",4396
"ENSG00000185436",4940
"ENSG00000185437",1448
"ENSG00000185442",4469
"ENSG00000185448",2563
"ENSG00000185453",3763
"ENSG00000185467",1983
"ENSG00000185475",1504
"ENSG00000185477",15135
"ENSG00000185479",2302
"ENSG00000185480",4747
"ENSG00000185482",2091
"ENSG00000185483",6718
"ENSG00000185485",2000
"ENSG00000185495",343
"ENSG00000185499",2401
"ENSG00000185504",5353
"ENSG00000185507",2612
"ENSG00000185513",15556
"ENSG00000185515",3166
"ENSG00000185518",13710
"ENSG00000185519",1720
"ENSG00000185522",2898
"ENSG00000185523",506
"ENSG00000185527",1095
"ENSG00000185532",12931
"ENSG00000185551",6476
"ENSG00000185559",5247
"ENSG00000185561",5884
"ENSG00000185565",10863
"ENSG00000185567",18788
"ENSG00000185585",6771
"ENSG00000185591",8083
"ENSG00000185594",2159
"ENSG00000185596",1394
"ENSG00000185607",1124
"ENSG00000185608",1322
"ENSG00000185610",2806
"ENSG00000185614",1033
"ENSG00000185615",2236
"ENSG00000185619",6874
"ENSG00000185621",8692
"ENSG00000185624",11132
"ENSG00000185627",4347
"ENSG00000185630",23367
"ENSG00000185631",415
"ENSG00000185633",2803
"ENSG00000185634",6532
"ENSG00000185638",551
"ENSG00000185640",2560
"ENSG00000185641",373
"ENSG00000185650",6466
"ENSG00000185651",3947
"ENSG00000185652",2923
"ENSG00000185658",22595
"ENSG00000185662",1696
"ENSG00000185664",3671
"ENSG00000185666",10168
"ENSG00000185668",2965
"ENSG00000185669",1740
"ENSG00000185670",3344
"ENSG00000185674",1270
"ENSG00000185681",868
"ENSG00000185684",2835
"ENSG00000185686",3806
"ENSG00000185689",699
"ENSG00000185697",7239
"ENSG00000185700",1667
"ENSG00000185701",936
"ENSG00000185710",4131
"ENSG00000185716",6231
"ENSG00000185721",2032
"ENSG00000185722",14224
"ENSG00000185728",6163
"ENSG00000185730",5903
"ENSG00000185736",10567
"ENSG00000185737",5192
"ENSG00000185739",5702
"ENSG00000185742",5867
"ENSG00000185745",4614
"ENSG00000185753",6050
"ENSG00000185758",663
"ENSG00000185760",11321
"ENSG00000185761",3621
"ENSG00000185774",4127
"ENSG00000185775",4312
"ENSG00000185787",8351
"ENSG00000185792",3593
"ENSG00000185798",1797
"ENSG00000185800",5701
"ENSG00000185803",3820
"ENSG00000185808",4247
"ENSG00000185811",10921
"ENSG00000185813",6872
"ENSG00000185818",6056
"ENSG00000185821",939
"ENSG00000185823",7619
"ENSG00000185825",3301
"ENSG00000185829",14368
"ENSG00000185834",497
"ENSG00000185837",683
"ENSG00000185838",6989
"ENSG00000185839",690
"ENSG00000185842",19693
"ENSG00000185847",7836
"ENSG00000185860",5861
"ENSG00000185862",2061
"ENSG00000185863",786
"ENSG00000185864",8005
"ENSG00000185869",7742
"ENSG00000185873",3352
"ENSG00000185875",3834
"ENSG00000185880",9265
"ENSG00000185883",1416
"ENSG00000185885",1666
"ENSG00000185888",1285
"ENSG00000185894",1436
"ENSG00000185896",5741
"ENSG00000185897",1859
"ENSG00000185899",957
"ENSG00000185900",12471
"ENSG00000185903",923
"ENSG00000185904",9061
"ENSG00000185905",2569
"ENSG00000185909",2171
"ENSG00000185915",3641
"ENSG00000185917",7288
"ENSG00000185920",17281
"ENSG00000185924",3614
"ENSG00000185926",930
"ENSG00000185933",3212
"ENSG00000185940",1156
"ENSG00000185942",28726
"ENSG00000185946",6867
"ENSG00000185947",6284
"ENSG00000185950",8156
"ENSG00000185955",1175
"ENSG00000185958",8296
"ENSG00000185960",9145
"ENSG00000185962",270
"ENSG00000185963",6448
"ENSG00000185966",619
"ENSG00000185972",1947
"ENSG00000185973",5111
"ENSG00000185974",4878
"ENSG00000185982",403
"ENSG00000185985",11884
"ENSG00000185986",728
"ENSG00000185988",3972
"ENSG00000185989",4775
"ENSG00000186001",12639
"ENSG00000186007",1041
"ENSG00000186008",750
"ENSG00000186009",1500
"ENSG00000186010",2708
"ENSG00000186017",6481
"ENSG00000186019",6196
"ENSG00000186020",8177
"ENSG00000186026",4336
"ENSG00000186038",2523
"ENSG00000186047",7508
"ENSG00000186049",2652
"ENSG00000186051",668
"ENSG00000186056",4105
"ENSG00000186063",4232
"ENSG00000186073",9278
"ENSG00000186074",2161
"ENSG00000186075",2257
"ENSG00000186076",765
"ENSG00000186081",4133
"ENSG00000186082",1250
"ENSG00000186086",3504
"ENSG00000186088",8950
"ENSG00000186090",2068
"ENSG00000186092",2618
"ENSG00000186094",7501
"ENSG00000186103",5047
"ENSG00000186104",4495
"ENSG00000186105",2163
"ENSG00000186106",5820
"ENSG00000186111",7106
"ENSG00000186113",945
"ENSG00000186115",3099
"ENSG00000186118",1464
"ENSG00000186119",942
"ENSG00000186124",921
"ENSG00000186130",4099
"ENSG00000186132",1554
"ENSG00000186136",945
"ENSG00000186141",12068
"ENSG00000186143",2008
"ENSG00000186146",485
"ENSG00000186148",961
"ENSG00000186150",1505
"ENSG00000186152",1370
"ENSG00000186153",17115
"ENSG00000186160",2252
"ENSG00000186162",770
"ENSG00000186163",689
"ENSG00000186166",5111
"ENSG00000186174",10788
"ENSG00000186184",12363
"ENSG00000186185",4717
"ENSG00000186187",8830
"ENSG00000186188",4060
"ENSG00000186190",1738
"ENSG00000186191",2815
"ENSG00000186193",3814
"ENSG00000186197",3996
"ENSG00000186198",924
"ENSG00000186204",5090
"ENSG00000186205",14186
"ENSG00000186207",860
"ENSG00000186212",3993
"ENSG00000186222",1491
"ENSG00000186226",1299
"ENSG00000186230",4637
"ENSG00000186231",4124
"ENSG00000186234",885
"ENSG00000186235",4419
"ENSG00000186244",372
"ENSG00000186260",16580
"ENSG00000186265",6509
"ENSG00000186268",941
"ENSG00000186272",3759
"ENSG00000186280",2951
"ENSG00000186281",5684
"ENSG00000186283",3224
"ENSG00000186288",2237
"ENSG00000186297",3607
"ENSG00000186298",6906
"ENSG00000186300",8542
"ENSG00000186301",2291
"ENSG00000186306",945
"ENSG00000186310",2649
"ENSG00000186312",1064
"ENSG00000186314",8050
"ENSG00000186318",8689
"ENSG00000186326",2453
"ENSG00000186328",328
"ENSG00000186329",2719
"ENSG00000186334",4979
"ENSG00000186335",4269
"ENSG00000186340",7197
"ENSG00000186350",12077
"ENSG00000186352",2253
"ENSG00000186364",1657
"ENSG00000186367",2339
"ENSG00000186369",734
"ENSG00000186376",7168
"ENSG00000186377",2447
"ENSG00000186393",1772
"ENSG00000186395",2163
"ENSG00000186399",7709
"ENSG00000186407",3761
"ENSG00000186409",25199
"ENSG00000186416",4552
"ENSG00000186417",7110
"ENSG00000186431",3327
"ENSG00000186432",13643
"ENSG00000186439",15310
"ENSG00000186440",3255
"ENSG00000186442",2319
"ENSG00000186446",3910
"ENSG00000186448",7995
"ENSG00000186451",2190
"ENSG00000186452",3336
"ENSG00000186453",2460
"ENSG00000186458",2133
"ENSG00000186462",2553
"ENSG00000186466",1045
"ENSG00000186468",4061
"ENSG00000186469",6379
"ENSG00000186470",7042
"ENSG00000186471",1170
"ENSG00000186472",22874
"ENSG00000186474",1769
"ENSG00000186479",4628
"ENSG00000186480",3650
"ENSG00000186481",3556
"ENSG00000186487",35249
"ENSG00000186493",1925
"ENSG00000186496",6080
"ENSG00000186501",4476
"ENSG00000186508",903
"ENSG00000186509",2488
"ENSG00000186510",3476
"ENSG00000186513",3774
"ENSG00000186517",5064
"ENSG00000186522",4251
"ENSG00000186523",4147
"ENSG00000186526",7049
"ENSG00000186529",5517
"ENSG00000186532",6798
"ENSG00000186543",830
"ENSG00000186562",1283
"ENSG00000186564",2648
"ENSG00000186566",9737
"ENSG00000186567",5173
"ENSG00000186572",389
"ENSG00000186575",7650
"ENSG00000186577",1866
"ENSG00000186579",336
"ENSG00000186583",2170
"ENSG00000186591",6514
"ENSG00000186594",3826
"ENSG00000186599",321
"ENSG00000186603",1816
"ENSG00000186615",9202
"ENSG00000186625",2255
"ENSG00000186628",6536
"ENSG00000186635",9052
"ENSG00000186638",6479
"ENSG00000186642",7182
"ENSG00000186645",2900
"ENSG00000186648",6657
"ENSG00000186652",1845
"ENSG00000186654",5068
"ENSG00000186660",5776
"ENSG00000186665",2436
"ENSG00000186666",3694
"ENSG00000186675",2268
"ENSG00000186676",1299
"ENSG00000186678",313
"ENSG00000186684",5205
"ENSG00000186687",6219
"ENSG00000186704",1633
"ENSG00000186710",1860
"ENSG00000186714",7404
"ENSG00000186715",2185
"ENSG00000186716",12234
"ENSG00000186723",4454
"ENSG00000186732",5821
"ENSG00000186743",740
"ENSG00000186765",2038
"ENSG00000186766",3264
"ENSG00000186767",4105
"ENSG00000186777",2346
"ENSG00000186787",1479
"ENSG00000186788",4926
"ENSG00000186790",1768
"ENSG00000186792",1967
"ENSG00000186795",1155
"ENSG00000186803",963
"ENSG00000186806",3786
"ENSG00000186810",1862
"ENSG00000186812",8715
"ENSG00000186814",8010
"ENSG00000186815",8728
"ENSG00000186818",6328
"ENSG00000186825",908
"ENSG00000186827",1975
"ENSG00000186831",1314
"ENSG00000186832",2477
"ENSG00000186834",3625
"ENSG00000186838",1682
"ENSG00000186844",625
"ENSG00000186847",2255
"ENSG00000186854",8771
"ENSG00000186860",799
"ENSG00000186862",6602
"ENSG00000186866",5862
"ENSG00000186867",2830
"ENSG00000186868",18400
"ENSG00000186871",4344
"ENSG00000186881",960
"ENSG00000186886",3685
"ENSG00000186889",2985
"ENSG00000186891",1271
"ENSG00000186895",1607
"ENSG00000186897",2073
"ENSG00000186907",2408
"ENSG00000186908",8285
"ENSG00000186910",1486
"ENSG00000186912",2039
"ENSG00000186918",5808
"ENSG00000186919",4307
"ENSG00000186924",296
"ENSG00000186925",330
"ENSG00000186930",313
"ENSG00000186940",456
"ENSG00000186943",963
"ENSG00000186951",13211
"ENSG00000186952",10171
"ENSG00000186960",12375
"ENSG00000186965",394
"ENSG00000186967",342
"ENSG00000186970",595
"ENSG00000186971",807
"ENSG00000186973",843
"ENSG00000186976",8557
"ENSG00000186977",485
"ENSG00000186980",208
"ENSG00000186994",3214
"ENSG00000186998",4854
"ENSG00000187003",1491
"ENSG00000187005",414
"ENSG00000187010",3313
"ENSG00000187012",1453
"ENSG00000187013",1530
"ENSG00000187017",6940
"ENSG00000187021",4986
"ENSG00000187024",4072
"ENSG00000187026",466
"ENSG00000187033",2512
"ENSG00000187037",4803
"ENSG00000187045",4232
"ENSG00000187048",3887
"ENSG00000187049",1879
"ENSG00000187051",3669
"ENSG00000187054",4273
"ENSG00000187066",4197
"ENSG00000187068",7159
"ENSG00000187079",10700
"ENSG00000187080",1154
"ENSG00000187082",316
"ENSG00000187091",4194
"ENSG00000187094",2063
"ENSG00000187097",9842
"ENSG00000187098",7419
"ENSG00000187103",533
"ENSG00000187105",4209
"ENSG00000187109",17059
"ENSG00000187116",1787
"ENSG00000187118",10533
"ENSG00000187122",9142
"ENSG00000187123",4973
"ENSG00000187134",8765
"ENSG00000187135",2065
"ENSG00000187140",2562
"ENSG00000187144",4506
"ENSG00000187147",9678
"ENSG00000187151",2368
"ENSG00000187164",8252
"ENSG00000187166",1300
"ENSG00000187170",615
"ENSG00000187172",2598
"ENSG00000187173",611
"ENSG00000187175",588
"ENSG00000187180",625
"ENSG00000187185",2178
"ENSG00000187186",1829
"ENSG00000187187",9028
"ENSG00000187189",4112
"ENSG00000187191",3715
"ENSG00000187193",1727
"ENSG00000187210",9251
"ENSG00000187223",625
"ENSG00000187229",2054
"ENSG00000187231",11405
"ENSG00000187238",288
"ENSG00000187239",6605
"ENSG00000187240",15012
"ENSG00000187242",2517
"ENSG00000187243",4918
"ENSG00000187244",4997
"ENSG00000187257",7190
"ENSG00000187258",2695
"ENSG00000187260",4044
"ENSG00000187266",3077
"ENSG00000187268",5859
"ENSG00000187272",1006
"ENSG00000187288",1960
"ENSG00000187323",13109
"ENSG00000187325",2735
"ENSG00000187372",5061
"ENSG00000187391",34030
"ENSG00000187398",8858
"ENSG00000187416",3376
"ENSG00000187446",3947
"ENSG00000187472",249
"ENSG00000187474",2779
"ENSG00000187475",724
"ENSG00000187479",1242
"ENSG00000187481",1111
"ENSG00000187483",1185
"ENSG00000187486",4946
"ENSG00000187492",3201
"ENSG00000187498",14926
"ENSG00000187504",746
"ENSG00000187510",6487
"ENSG00000187513",1716
"ENSG00000187514",3381
"ENSG00000187516",536
"ENSG00000187522",2502
"ENSG00000187527",6206
"ENSG00000187531",6134
"ENSG00000187533",5289
"ENSG00000187534",442
"ENSG00000187535",8130
"ENSG00000187536",732
"ENSG00000187537",2509
"ENSG00000187545",1525
"ENSG00000187546",3588
"ENSG00000187550",2258
"ENSG00000187553",4378
"ENSG00000187554",7753
"ENSG00000187555",8737
"ENSG00000187556",1101
"ENSG00000187559",2218
"ENSG00000187566",2238
"ENSG00000187569",1100
"ENSG00000187581",542
"ENSG00000187583",3451
"ENSG00000187589",1212
"ENSG00000187595",5185
"ENSG00000187600",8784
"ENSG00000187601",1440
"ENSG00000187605",12991
"ENSG00000187607",6754
"ENSG00000187608",867
"ENSG00000187609",7575
"ENSG00000187612",933
"ENSG00000187616",1021
"ENSG00000187621",15219
"ENSG00000187624",2712
"ENSG00000187626",5346
"ENSG00000187627",7221
"ENSG00000187630",2472
"ENSG00000187634",4172
"ENSG00000187642",3561
"ENSG00000187650",2240
"ENSG00000187653",135
"ENSG00000187657",914
"ENSG00000187658",721
"ENSG00000187664",4462
"ENSG00000187672",8219
"ENSG00000187676",4527
"ENSG00000187678",6555
"ENSG00000187682",1303
"ENSG00000187686",1231
"ENSG00000187688",3381
"ENSG00000187689",1009
"ENSG00000187690",1896
"ENSG00000187699",5997
"ENSG00000187701",1285
"ENSG00000187713",1567
"ENSG00000187714",2411
"ENSG00000187715",5818
"ENSG00000187720",16031
"ENSG00000187721",494
"ENSG00000187726",2767
"ENSG00000187730",5525
"ENSG00000187733",2074
"ENSG00000187735",4310
"ENSG00000187736",10442
"ENSG00000187741",12316
"ENSG00000187742",9820
"ENSG00000187747",1008
"ENSG00000187753",2928
"ENSG00000187754",1340
"ENSG00000187758",2231
"ENSG00000187762",310
"ENSG00000187763",934
"ENSG00000187764",14160
"ENSG00000187766",876
"ENSG00000187772",5943
"ENSG00000187773",3207
"ENSG00000187775",16110
"ENSG00000187778",3261
"ENSG00000187783",3049
"ENSG00000187790",19054
"ENSG00000187791",1357
"ENSG00000187792",6940
"ENSG00000187796",5454
"ENSG00000187800",5525
"ENSG00000187801",2566
"ENSG00000187806",1391
"ENSG00000187808",1615
"ENSG00000187812",2071
"ENSG00000187815",3173
"ENSG00000187821",1736
"ENSG00000187823",4145
"ENSG00000187824",3215
"ENSG00000187833",3052
"ENSG00000187837",1711
"ENSG00000187838",2833
"ENSG00000187840",880
"ENSG00000187847",931
"ENSG00000187848",1975
"ENSG00000187855",1941
"ENSG00000187857",4569
"ENSG00000187860",6601
"ENSG00000187862",3782
"ENSG00000187866",5502
"ENSG00000187867",2795
"ENSG00000187870",1052
"ENSG00000187871",1911
"ENSG00000187889",4648
"ENSG00000187893",1212
"ENSG00000187900",930
"ENSG00000187902",6536
"ENSG00000187904",591
"ENSG00000187905",5556
"ENSG00000187908",9375
"ENSG00000187912",3116
"ENSG00000187918",3302
"ENSG00000187922",4263
"ENSG00000187942",4494
"ENSG00000187944",1333
"ENSG00000187950",5963
"ENSG00000187951",5637
"ENSG00000187952",1234
"ENSG00000187953",1529
"ENSG00000187954",7936
"ENSG00000187955",10190
"ENSG00000187957",3932
"ENSG00000187959",1528
"ENSG00000187961",3402
"ENSG00000187969",855
"ENSG00000187979",3362
"ENSG00000187980",3855
"ENSG00000187984",862
"ENSG00000187987",3283
"ENSG00000187988",1169
"ENSG00000187994",4201
"ENSG00000187997",2851
"ENSG00000187999",924
"ENSG00000188000",3461
"ENSG00000188001",9538
"ENSG00000188002",835
"ENSG00000188004",5656
"ENSG00000188010",1350
"ENSG00000188011",2606
"ENSG00000188013",1075
"ENSG00000188015",841
"ENSG00000188021",4242
"ENSG00000188026",8671
"ENSG00000188029",788
"ENSG00000188032",1535
"ENSG00000188033",6792
"ENSG00000188037",3321
"ENSG00000188038",968
"ENSG00000188039",9132
"ENSG00000188042",4041
"ENSG00000188050",1383
"ENSG00000188051",2418
"ENSG00000188056",2697
"ENSG00000188060",2301
"ENSG00000188064",5080
"ENSG00000188070",5948
"ENSG00000188076",435
"ENSG00000188078",444
"ENSG00000188086",1029
"ENSG00000188089",7759
"ENSG00000188092",5214
"ENSG00000188095",1809
"ENSG00000188100",357
"ENSG00000188101",1897
"ENSG00000188107",17071
"ENSG00000188112",16183
"ENSG00000188120",4524
"ENSG00000188124",4224
"ENSG00000188130",9315
"ENSG00000188133",5342
"ENSG00000188152",3904
"ENSG00000188153",11871
"ENSG00000188155",1238
"ENSG00000188157",10762
"ENSG00000188158",13931
"ENSG00000188162",10823
"ENSG00000188163",1801
"ENSG00000188167",4311
"ENSG00000188171",6835
"ENSG00000188175",2480
"ENSG00000188176",2480
"ENSG00000188177",11794
"ENSG00000188185",9544
"ENSG00000188186",1931
"ENSG00000188191",4988
"ENSG00000188199",5081
"ENSG00000188211",6364
"ENSG00000188215",6222
"ENSG00000188219",4724
"ENSG00000188223",1037
"ENSG00000188227",12007
"ENSG00000188229",2037
"ENSG00000188234",3217
"ENSG00000188242",2766
"ENSG00000188243",2902
"ENSG00000188257",1632
"ENSG00000188263",6588
"ENSG00000188266",5707
"ENSG00000188269",2171
"ENSG00000188277",2470
"ENSG00000188280",3610
"ENSG00000188282",4360
"ENSG00000188283",8419
"ENSG00000188290",1118
"ENSG00000188293",779
"ENSG00000188295",1980
"ENSG00000188305",2564
"ENSG00000188306",3213
"ENSG00000188312",9315
"ENSG00000188313",4332
"ENSG00000188314",933
"ENSG00000188315",4142
"ENSG00000188316",3168
"ENSG00000188321",6783
"ENSG00000188322",5243
"ENSG00000188324",1521
"ENSG00000188334",654
"ENSG00000188338",3968
"ENSG00000188340",3455
"ENSG00000188342",4423
"ENSG00000188343",7420
"ENSG00000188352",9754
"ENSG00000188365",757
"ENSG00000188368",2568
"ENSG00000188372",2673
"ENSG00000188373",825
"ENSG00000188375",1114
"ENSG00000188379",1144
"ENSG00000188383",863
"ENSG00000188385",14669
"ENSG00000188386",3418
"ENSG00000188388",1679
"ENSG00000188389",2191
"ENSG00000188393",1209
"ENSG00000188394",1571
"ENSG00000188396",1355
"ENSG00000188399",659
"ENSG00000188403",353
"ENSG00000188404",2731
"ENSG00000188408",1216
"ENSG00000188419",8644
"ENSG00000188425",1565
"ENSG00000188428",3297
"ENSG00000188438",222
"ENSG00000188439",1136
"ENSG00000188451",1979
"ENSG00000188452",6400
"ENSG00000188459",1494
"ENSG00000188460",1126
"ENSG00000188467",4760
"ENSG00000188483",2710
"ENSG00000188486",1592
"ENSG00000188487",3450
"ENSG00000188488",3751
"ENSG00000188493",3736
"ENSG00000188501",3644
"ENSG00000188505",1975
"ENSG00000188508",661
"ENSG00000188511",18230
"ENSG00000188512",313
"ENSG00000188517",8721
"ENSG00000188522",7798
"ENSG00000188523",2149
"ENSG00000188529",11860
"ENSG00000188536",827
"ENSG00000188542",4951
"ENSG00000188549",7482
"ENSG00000188554",8405
"ENSG00000188558",6197
"ENSG00000188559",11649
"ENSG00000188566",5188
"ENSG00000188573",1330
"ENSG00000188580",4411
"ENSG00000188581",910
"ENSG00000188582",10807
"ENSG00000188585",3375
"ENSG00000188596",12914
"ENSG00000188599",1071
"ENSG00000188603",9813
"ENSG00000188610",3033
"ENSG00000188611",7281
"ENSG00000188612",3348
"ENSG00000188613",4017
"ENSG00000188620",2847
"ENSG00000188624",680
"ENSG00000188626",5671
"ENSG00000188629",2956
"ENSG00000188636",5419
"ENSG00000188641",7131
"ENSG00000188643",1701
"ENSG00000188646",368
"ENSG00000188647",12252
"ENSG00000188649",7543
"ENSG00000188655",2826
"ENSG00000188656",1114
"ENSG00000188659",4160
"ENSG00000188660",5148
"ENSG00000188662",423
"ENSG00000188668",1029
"ENSG00000188672",2433
"ENSG00000188674",1392
"ENSG00000188676",4445
"ENSG00000188677",7368
"ENSG00000188681",1312
"ENSG00000188687",8027
"ENSG00000188690",9535
"ENSG00000188691",942
"ENSG00000188693",4323
"ENSG00000188694",1642
"ENSG00000188706",5243
"ENSG00000188707",1245
"ENSG00000188710",1653
"ENSG00000188712",937
"ENSG00000188716",1135
"ENSG00000188725",2888
"ENSG00000188729",3231
"ENSG00000188730",11322
"ENSG00000188732",7458
"ENSG00000188735",8449
"ENSG00000188738",23585
"ENSG00000188739",2939
"ENSG00000188747",1678
"ENSG00000188755",1692
"ENSG00000188760",2578
"ENSG00000188761",9095
"ENSG00000188763",2343
"ENSG00000188765",210
"ENSG00000188766",5864
"ENSG00000188770",1682
"ENSG00000188771",1541
"ENSG00000188778",2876
"ENSG00000188779",4507
"ENSG00000188782",2030
"ENSG00000188783",5769
"ENSG00000188784",785
"ENSG00000188785",6667
"ENSG00000188786",7989
"ENSG00000188800",846
"ENSG00000188801",1209
"ENSG00000188803",8577
"ENSG00000188807",6981
"ENSG00000188811",6409
"ENSG00000188816",1614
"ENSG00000188817",5135
"ENSG00000188818",7054
"ENSG00000188820",1186
"ENSG00000188822",5265
"ENSG00000188825",12487
"ENSG00000188827",10096
"ENSG00000188828",1374
"ENSG00000188831",478
"ENSG00000188833",2836
"ENSG00000188846",8626
"ENSG00000188848",8850
"ENSG00000188850",344
"ENSG00000188856",888
"ENSG00000188859",5719
"ENSG00000188868",2847
"ENSG00000188869",4977
"ENSG00000188873",654
"ENSG00000188877",2268
"ENSG00000188878",6730
"ENSG00000188883",2158
"ENSG00000188886",2752
"ENSG00000188895",7725
"ENSG00000188897",12191
"ENSG00000188906",17100
"ENSG00000188909",944
"ENSG00000188910",2362
"ENSG00000188916",4840
"ENSG00000188917",4055
"ENSG00000188921",9162
"ENSG00000188931",774
"ENSG00000188933",1164
"ENSG00000188937",3079
"ENSG00000188938",10144
"ENSG00000188958",3840
"ENSG00000188959",2917
"ENSG00000188976",5540
"ENSG00000188981",5989
"ENSG00000188984",4055
"ENSG00000188985",559
"ENSG00000188986",2540
"ENSG00000188991",2923
"ENSG00000188992",1919
"ENSG00000188993",3437
"ENSG00000188994",21258
"ENSG00000188996",1162
"ENSG00000188997",3968
"ENSG00000189001",1986
"ENSG00000189002",1951
"ENSG00000189007",7197
"ENSG00000189013",1648
"ENSG00000189014",2712
"ENSG00000189023",2023
"ENSG00000189030",684
"ENSG00000189037",868
"ENSG00000189042",4736
"ENSG00000189043",3461
"ENSG00000189045",3710
"ENSG00000189046",2290
"ENSG00000189050",3399
"ENSG00000189051",3073
"ENSG00000189052",877
"ENSG00000189056",35421
"ENSG00000189057",3865
"ENSG00000189058",2022
"ENSG00000189060",2204
"ENSG00000189064",558
"ENSG00000189067",5905
"ENSG00000189068",1405
"ENSG00000189077",2000
"ENSG00000189079",12406
"ENSG00000189089",1164
"ENSG00000189090",473
"ENSG00000189091",12416
"ENSG00000189099",1408
"ENSG00000189108",3262
"ENSG00000189114",3376
"ENSG00000189120",4045
"ENSG00000189127",3816
"ENSG00000189129",1240
"ENSG00000189132",2120
"ENSG00000189134",1662
"ENSG00000189136",883
"ENSG00000189139",3135
"ENSG00000189143",4699
"ENSG00000189144",4689
"ENSG00000189145",405
"ENSG00000189149",556
"ENSG00000189152",5060
"ENSG00000189157",9511
"ENSG00000189159",3406
"ENSG00000189164",6436
"ENSG00000189166",2691
"ENSG00000189167",1584
"ENSG00000189169",873
"ENSG00000189171",3396
"ENSG00000189180",7547
"ENSG00000189181",4524
"ENSG00000189182",4013
"ENSG00000189184",6686
"ENSG00000189186",5608
"ENSG00000189190",7228
"ENSG00000189195",8342
"ENSG00000189196",2129
"ENSG00000189212",2261
"ENSG00000189221",13010
"ENSG00000189223",22105
"ENSG00000189227",4751
"ENSG00000189229",7510
"ENSG00000189233",4024
"ENSG00000189238",9870
"ENSG00000189241",9089
"ENSG00000189252",590
"ENSG00000189253",1653
"ENSG00000189266",2763
"ENSG00000189269",1300
"ENSG00000189275",3810
"ENSG00000189280",1355
"ENSG00000189283",7472
"ENSG00000189292",1986
"ENSG00000189295",1181
"ENSG00000189298",4804
"ENSG00000189299",2793
"ENSG00000189306",6021
"ENSG00000189308",6762
"ENSG00000189316",1899
"ENSG00000189319",6533
"ENSG00000189320",2500
"ENSG00000189325",3735
"ENSG00000189326",646
"ENSG00000189332",849
"ENSG00000189334",1277
"ENSG00000189337",13860
"ENSG00000189339",8462
"ENSG00000189343",883
"ENSG00000189348",1827
"ENSG00000189350",10673
"ENSG00000189357",4923
"ENSG00000189362",6525
"ENSG00000189366",893
"ENSG00000189367",9164
"ENSG00000189369",2791
"ENSG00000189372",477
"ENSG00000189375",4155
"ENSG00000189376",2436
"ENSG00000189377",1097
"ENSG00000189398",973
"ENSG00000189401",1723
"ENSG00000189403",7696
"ENSG00000189409",2205
"ENSG00000189410",4487
"ENSG00000189419",6018
"ENSG00000189420",6403
"ENSG00000189423",1174
"ENSG00000189430",1895
"ENSG00000189431",2804
"ENSG00000189433",1444
"ENSG00000194297",129
"ENSG00000194717",81
"ENSG00000195024",144
"ENSG00000195401",104
"ENSG00000196071",2079
"ENSG00000196072",2911
"ENSG00000196074",6465
"ENSG00000196081",3326
"ENSG00000196083",11210
"ENSG00000196085",228
"ENSG00000196090",12935
"ENSG00000196091",7455
"ENSG00000196092",9570
"ENSG00000196096",2393
"ENSG00000196098",966
"ENSG00000196099",942
"ENSG00000196104",4482
"ENSG00000196109",4734
"ENSG00000196110",6758
"ENSG00000196114",399
"ENSG00000196115",1942
"ENSG00000196116",4174
"ENSG00000196118",2592
"ENSG00000196119",6088
"ENSG00000196123",4783
"ENSG00000196126",3083
"ENSG00000196131",1460
"ENSG00000196132",6863
"ENSG00000196136",5000
"ENSG00000196139",3911
"ENSG00000196141",10453
"ENSG00000196143",979
"ENSG00000196150",7357
"ENSG00000196151",2034
"ENSG00000196152",2302
"ENSG00000196154",946
"ENSG00000196155",7328
"ENSG00000196156",991
"ENSG00000196159",21269
"ENSG00000196166",2632
"ENSG00000196167",9342
"ENSG00000196169",5640
"ENSG00000196171",975
"ENSG00000196172",6497
"ENSG00000196177",6234
"ENSG00000196182",5618
"ENSG00000196183",856
"ENSG00000196184",3557
"ENSG00000196187",10350
"ENSG00000196188",3562
"ENSG00000196189",6771
"ENSG00000196196",935
"ENSG00000196199",4909
"ENSG00000196204",5627
"ENSG00000196205",1389
"ENSG00000196208",12432
"ENSG00000196209",5047
"ENSG00000196214",7319
"ENSG00000196218",16282
"ENSG00000196220",18864
"ENSG00000196224",899
"ENSG00000196227",5373
"ENSG00000196228",1538
"ENSG00000196230",4071
"ENSG00000196233",29854
"ENSG00000196235",8568
"ENSG00000196236",9574
"ENSG00000196240",3530
"ENSG00000196242",8509
"ENSG00000196243",1406
"ENSG00000196247",11314
"ENSG00000196248",1121
"ENSG00000196260",1199
"ENSG00000196262",6780
"ENSG00000196263",6776
"ENSG00000196266",940
"ENSG00000196267",4718
"ENSG00000196268",11218
"ENSG00000196273",4667
"ENSG00000196274",343
"ENSG00000196275",8359
"ENSG00000196277",9096
"ENSG00000196284",5255
"ENSG00000196289",1296
"ENSG00000196290",1993
"ENSG00000196295",31356
"ENSG00000196296",4544
"ENSG00000196301",343
"ENSG00000196302",418
"ENSG00000196305",22418
"ENSG00000196312",395
"ENSG00000196313",9861
"ENSG00000196323",11032
"ENSG00000196329",5544
"ENSG00000196335",6147
"ENSG00000196337",3387
"ENSG00000196338",14373
"ENSG00000196341",8507
"ENSG00000196344",2881
"ENSG00000196345",4208
"ENSG00000196350",3844
"ENSG00000196352",10254
"ENSG00000196353",6433
"ENSG00000196357",3737
"ENSG00000196358",5039
"ENSG00000196361",4761
"ENSG00000196363",3635
"ENSG00000196364",844
"ENSG00000196365",5032
"ENSG00000196366",2573
"ENSG00000196367",19972
"ENSG00000196368",2381
"ENSG00000196369",7291
"ENSG00000196371",5975
"ENSG00000196372",3003
"ENSG00000196376",5117
"ENSG00000196378",4845
"ENSG00000196381",2164
"ENSG00000196383",2778
"ENSG00000196387",4450
"ENSG00000196388",1553
"ENSG00000196390",687
"ENSG00000196391",8472
"ENSG00000196395",307
"ENSG00000196396",4041
"ENSG00000196403",936
"ENSG00000196405",10482
"ENSG00000196406",682
"ENSG00000196407",1161
"ENSG00000196408",2159
"ENSG00000196411",6437
"ENSG00000196415",1107
"ENSG00000196417",12346
"ENSG00000196418",5433
"ENSG00000196419",3244
"ENSG00000196420",1024
"ENSG00000196421",5480
"ENSG00000196422",5307
"ENSG00000196427",3463
"ENSG00000196428",11704
"ENSG00000196431",809
"ENSG00000196433",1788
"ENSG00000196436",2778
"ENSG00000196437",5016
"ENSG00000196440",13347
"ENSG00000196449",1848
"ENSG00000196453",3172
"ENSG00000196455",5377
"ENSG00000196456",2541
"ENSG00000196458",10826
"ENSG00000196459",6215
"ENSG00000196460",3036
"ENSG00000196465",3259
"ENSG00000196466",5055
"ENSG00000196468",1666
"ENSG00000196470",6688
"ENSG00000196472",713
"ENSG00000196475",1868
"ENSG00000196476",1730
"ENSG00000196482",10932
"ENSG00000196497",4912
"ENSG00000196498",13998
"ENSG00000196502",1692
"ENSG00000196503",2254
"ENSG00000196504",9560
"ENSG00000196505",10487
"ENSG00000196507",2305
"ENSG00000196510",6009
"ENSG00000196511",8438
"ENSG00000196517",5249
"ENSG00000196526",10017
"ENSG00000196531",11267
"ENSG00000196534",941
"ENSG00000196535",18978
"ENSG00000196539",957
"ENSG00000196542",3739
"ENSG00000196544",1836
"ENSG00000196547",9763
"ENSG00000196549",9863
"ENSG00000196550",3761
"ENSG00000196553",2824
"ENSG00000196557",14162
"ENSG00000196562",6980
"ENSG00000196564",744
"ENSG00000196565",841
"ENSG00000196566",2112
"ENSG00000196569",26419
"ENSG00000196570",553
"ENSG00000196576",7271
"ENSG00000196578",930
"ENSG00000196581",12528
"ENSG00000196584",6448
"ENSG00000196586",10715
"ENSG00000196588",7326
"ENSG00000196589",841
"ENSG00000196591",15333
"ENSG00000196593",295
"ENSG00000196597",4851
"ENSG00000196600",10252
"ENSG00000196604",4704
"ENSG00000196605",5916
"ENSG00000196611",2738
"ENSG00000196616",10667
"ENSG00000196620",2134
"ENSG00000196628",29166
"ENSG00000196632",11484
"ENSG00000196634",453
"ENSG00000196636",1195
"ENSG00000196639",5581
"ENSG00000196642",10178
"ENSG00000196646",5578
"ENSG00000196652",6045
"ENSG00000196653",3273
"ENSG00000196655",4809
"ENSG00000196656",348
"ENSG00000196659",3799
"ENSG00000196660",9202
"ENSG00000196663",9402
"ENSG00000196664",5201
"ENSG00000196666",1403
"ENSG00000196668",2983
"ENSG00000196670",4197
"ENSG00000196678",6761
"ENSG00000196683",1732
"ENSG00000196684",3398
"ENSG00000196689",5519
"ENSG00000196693",8309
"ENSG00000196696",7308
"ENSG00000196700",5982
"ENSG00000196704",5164
"ENSG00000196705",14132
"ENSG00000196711",1140
"ENSG00000196712",41150
"ENSG00000196715",6092
"ENSG00000196724",4512
"ENSG00000196730",8908
"ENSG00000196734",1138
"ENSG00000196735",6883
"ENSG00000196739",14011
"ENSG00000196741",1253
"ENSG00000196743",4186
"ENSG00000196747",495
"ENSG00000196748",611
"ENSG00000196754",1546
"ENSG00000196756",12031
"ENSG00000196757",3319
"ENSG00000196758",3700
"ENSG00000196767",3838
"ENSG00000196772",1367
"ENSG00000196776",8234
"ENSG00000196778",5456
"ENSG00000196781",5257
"ENSG00000196782",6844
"ENSG00000196787",2250
"ENSG00000196792",4965
"ENSG00000196793",2509
"ENSG00000196796",1354
"ENSG00000196800",609
"ENSG00000196805",676
"ENSG00000196810",11006
"ENSG00000196811",4362
"ENSG00000196812",1518
"ENSG00000196814",7904
"ENSG00000196821",4551
"ENSG00000196826",4505
"ENSG00000196832",4413
"ENSG00000196834",6844
"ENSG00000196839",12177
"ENSG00000196843",3565
"ENSG00000196844",1666
"ENSG00000196850",5685
"ENSG00000196859",1992
"ENSG00000196860",609
"ENSG00000196862",7212
"ENSG00000196865",11223
"ENSG00000196866",510
"ENSG00000196867",6972
"ENSG00000196872",4705
"ENSG00000196873",11966
"ENSG00000196876",19016
"ENSG00000196878",4647
"ENSG00000196890",5002
"ENSG00000196893",1489
"ENSG00000196900",490
"ENSG00000196911",11608
"ENSG00000196912",6500
"ENSG00000196914",24906
"ENSG00000196917",4769
"ENSG00000196922",2485
"ENSG00000196923",4407
"ENSG00000196924",10860
"ENSG00000196932",6839
"ENSG00000196933",348
"ENSG00000196935",27326
"ENSG00000196937",3395
"ENSG00000196943",6045
"ENSG00000196944",963
"ENSG00000196946",3647
"ENSG00000196950",6917
"ENSG00000196951",10591
"ENSG00000196954",6665
"ENSG00000196961",8714
"ENSG00000196967",10758
"ENSG00000196968",4925
"ENSG00000196970",1465
"ENSG00000196972",2817
"ENSG00000196975",11060
"ENSG00000196976",967
"ENSG00000196979",3258
"ENSG00000196981",4217
"ENSG00000196990",3000
"ENSG00000196993",2180
"ENSG00000196998",4691
"ENSG00000197006",6951
"ENSG00000197008",2850
"ENSG00000197013",7571
"ENSG00000197016",9670
"ENSG00000197019",2084
"ENSG00000197020",6555
"ENSG00000197021",2398
"ENSG00000197023",1004
"ENSG00000197024",6304
"ENSG00000197037",7095
"ENSG00000197038",1404
"ENSG00000197043",5508
"ENSG00000197044",4748
"ENSG00000197045",7795
"ENSG00000197046",3449
"ENSG00000197050",4077
"ENSG00000197054",3081
"ENSG00000197056",8164
"ENSG00000197057",7379
"ENSG00000197061",405
"ENSG00000197062",2885
"ENSG00000197063",5241
"ENSG00000197067",963
"ENSG00000197070",3790
"ENSG00000197077",16453
"ENSG00000197079",1768
"ENSG00000197081",22613
"ENSG00000197083",1822
"ENSG00000197084",718
"ENSG00000197085",10477
"ENSG00000197092",1299
"ENSG00000197093",3264
"ENSG00000197099",11726
"ENSG00000197102",38874
"ENSG00000197106",6636
"ENSG00000197110",990
"ENSG00000197111",7926
"ENSG00000197114",3331
"ENSG00000197119",7446
"ENSG00000197121",12761
"ENSG00000197122",7139
"ENSG00000197123",1567
"ENSG00000197124",4967
"ENSG00000197125",3971
"ENSG00000197128",6096
"ENSG00000197134",5168
"ENSG00000197136",7969
"ENSG00000197140",10050
"ENSG00000197142",4137
"ENSG00000197147",8267
"ENSG00000197149",873
"ENSG00000197150",9336
"ENSG00000197153",858
"ENSG00000197157",6486
"ENSG00000197161",931
"ENSG00000197162",4950
"ENSG00000197165",2216
"ENSG00000197168",7055
"ENSG00000197170",5342
"ENSG00000197171",943
"ENSG00000197172",1832
"ENSG00000197176",7183
"ENSG00000197177",4357
"ENSG00000197180",784
"ENSG00000197181",5737
"ENSG00000197182",12369
"ENSG00000197183",9707
"ENSG00000197185",473
"ENSG00000197191",762
"ENSG00000197208",2721
"ENSG00000197210",4934
"ENSG00000197213",1838
"ENSG00000197214",880
"ENSG00000197217",7054
"ENSG00000197223",3565
"ENSG00000197226",11511
"ENSG00000197233",942
"ENSG00000197238",389
"ENSG00000197241",1944
"ENSG00000197245",2799
"ENSG00000197249",4902
"ENSG00000197251",3145
"ENSG00000197253",2006
"ENSG00000197254",741
"ENSG00000197256",7635
"ENSG00000197258",1828
"ENSG00000197261",2920
"ENSG00000197265",2580
"ENSG00000197272",1270
"ENSG00000197273",597
"ENSG00000197275",5319
"ENSG00000197279",2514
"ENSG00000197283",8277
"ENSG00000197291",4843
"ENSG00000197296",4628
"ENSG00000197299",7876
"ENSG00000197301",6033
"ENSG00000197302",10022
"ENSG00000197308",6243
"ENSG00000197309",3648
"ENSG00000197312",12178
"ENSG00000197320",2032
"ENSG00000197321",12536
"ENSG00000197322",4373
"ENSG00000197323",9604
"ENSG00000197324",7118
"ENSG00000197329",4091
"ENSG00000197332",8981
"ENSG00000197334",269
"ENSG00000197343",8401
"ENSG00000197345",2825
"ENSG00000197353",592
"ENSG00000197355",5267
"ENSG00000197358",580
"ENSG00000197360",3291
"ENSG00000197361",3614
"ENSG00000197362",3273
"ENSG00000197363",5389
"ENSG00000197364",306
"ENSG00000197372",6785
"ENSG00000197375",18390
"ENSG00000197376",426
"ENSG00000197380",5466
"ENSG00000197381",10298
"ENSG00000197385",3379
"ENSG00000197386",21404
"ENSG00000197403",2726
"ENSG00000197405",2964
"ENSG00000197406",2095
"ENSG00000197408",3733
"ENSG00000197409",2123
"ENSG00000197410",16658
"ENSG00000197415",6543
"ENSG00000197416",904
"ENSG00000197417",3788
"ENSG00000197421",1714
"ENSG00000197428",3623
"ENSG00000197429",3708
"ENSG00000197430",3874
"ENSG00000197437",2568
"ENSG00000197442",5716
"ENSG00000197444",5726
"ENSG00000197446",3009
"ENSG00000197448",4214
"ENSG00000197451",2118
"ENSG00000197454",2429
"ENSG00000197457",3029
"ENSG00000197461",4588
"ENSG00000197462",3819
"ENSG00000197465",2007
"ENSG00000197467",11509
"ENSG00000197468",930
"ENSG00000197471",7382
"ENSG00000197472",3756
"ENSG00000197475",2157
"ENSG00000197476",319
"ENSG00000197479",4170
"ENSG00000197483",3562
"ENSG00000197487",950
"ENSG00000197496",4838
"ENSG00000197497",7601
"ENSG00000197498",3922
"ENSG00000197503",2325
"ENSG00000197506",5138
"ENSG00000197520",2805
"ENSG00000197530",8723
"ENSG00000197532",5128
"ENSG00000197535",45182
"ENSG00000197536",9846
"ENSG00000197540",945
"ENSG00000197548",8833
"ENSG00000197549",1445
"ENSG00000197550",3275
"ENSG00000197555",12412
"ENSG00000197557",5744
"ENSG00000197558",15799
"ENSG00000197561",1028
"ENSG00000197562",4182
"ENSG00000197563",19003
"ENSG00000197565",9282
"ENSG00000197566",5093
"ENSG00000197568",1332
"ENSG00000197575",408
"ENSG00000197576",1728
"ENSG00000197579",4131
"ENSG00000197580",6763
"ENSG00000197582",606
"ENSG00000197584",3542
"ENSG00000197585",1287
"ENSG00000197586",6673
"ENSG00000197587",5050
"ENSG00000197588",403
"ENSG00000197591",969
"ENSG00000197594",11423
"ENSG00000197595",2241
"ENSG00000197599",2699
"ENSG00000197601",8290
"ENSG00000197603",21307
"ENSG00000197608",4288
"ENSG00000197614",3889
"ENSG00000197616",7281
"ENSG00000197617",1239
"ENSG00000197619",4871
"ENSG00000197620",5126
"ENSG00000197622",4184
"ENSG00000197627",204
"ENSG00000197629",4418
"ENSG00000197632",2741
"ENSG00000197635",14432
"ENSG00000197641",4534
"ENSG00000197644",200
"ENSG00000197646",2432
"ENSG00000197647",3096
"ENSG00000197651",3244
"ENSG00000197653",16234
"ENSG00000197658",2492
"ENSG00000197665",3051
"ENSG00000197670",2502
"ENSG00000197674",1466
"ENSG00000197683",1192
"ENSG00000197692",502
"ENSG00000197694",16487
"ENSG00000197696",1022
"ENSG00000197702",12471
"ENSG00000197705",4951
"ENSG00000197706",9556
"ENSG00000197712",4871
"ENSG00000197713",3523
"ENSG00000197714",4005
"ENSG00000197721",2768
"ENSG00000197724",5392
"ENSG00000197728",2053
"ENSG00000197734",700
"ENSG00000197744",327
"ENSG00000197745",446
"ENSG00000197746",3115
"ENSG00000197747",1012
"ENSG00000197748",7186
"ENSG00000197753",7533
"ENSG00000197756",6205
"ENSG00000197757",3458
"ENSG00000197763",3780
"ENSG00000197766",1818
"ENSG00000197768",1611
"ENSG00000197769",1207
"ENSG00000197771",5994
"ENSG00000197774",7306
"ENSG00000197776",3004
"ENSG00000197779",11814
"ENSG00000197780",2764
"ENSG00000197782",7977
"ENSG00000197785",3344
"ENSG00000197786",946
"ENSG00000197790",954
"ENSG00000197794",298
"ENSG00000197798",3534
"ENSG00000197808",4769
"ENSG00000197813",1097
"ENSG00000197815",1815
"ENSG00000197816",14382
"ENSG00000197818",6946
"ENSG00000197822",11259
"ENSG00000197826",4460
"ENSG00000197837",2454
"ENSG00000197838",1760
"ENSG00000197841",6266
"ENSG00000197847",1673
"ENSG00000197849",5055
"ENSG00000197852",6393
"ENSG00000197857",10467
"ENSG00000197858",4242
"ENSG00000197859",4677
"ENSG00000197860",5727
"ENSG00000197863",3854
"ENSG00000197866",929
"ENSG00000197870",1298
"ENSG00000197872",5448
"ENSG00000197879",7806
"ENSG00000197880",2209
"ENSG00000197882",910
"ENSG00000197885",5107
"ENSG00000197887",939
"ENSG00000197888",2572
"ENSG00000197889",1464
"ENSG00000197891",3380
"ENSG00000197892",11113
"ENSG00000197893",5669
"ENSG00000197894",4866
"ENSG00000197901",2391
"ENSG00000197903",1879
"ENSG00000197905",2275
"ENSG00000197912",35761
"ENSG00000197915",9629
"ENSG00000197919",878
"ENSG00000197921",1324
"ENSG00000197927",969
"ENSG00000197928",9348
"ENSG00000197930",7549
"ENSG00000197933",2459
"ENSG00000197934",7010
"ENSG00000197935",3176
"ENSG00000197937",9133
"ENSG00000197938",1566
"ENSG00000197943",21851
"ENSG00000197948",6072
"ENSG00000197951",7443
"ENSG00000197953",5071
"ENSG00000197956",971
"ENSG00000197958",2453
"ENSG00000197959",11851
"ENSG00000197961",7246
"ENSG00000197965",7069
"ENSG00000197969",20100
"ENSG00000197971",18730
"ENSG00000197976",4070
"ENSG00000197977",3988
"ENSG00000197978",6778
"ENSG00000197980",5581
"ENSG00000197982",2231
"ENSG00000197984",940
"ENSG00000197989",4597
"ENSG00000197990",1534
"ENSG00000197991",6347
"ENSG00000197992",2857
"ENSG00000197993",3660
"ENSG00000198000",8056
"ENSG00000198001",7308
"ENSG00000198003",2681
"ENSG00000198010",15129
"ENSG00000198015",16368
"ENSG00000198018",8655
"ENSG00000198019",1128
"ENSG00000198021",418
"ENSG00000198022",2126
"ENSG00000198026",7545
"ENSG00000198028",2997
"ENSG00000198033",1521
"ENSG00000198034",2930
"ENSG00000198039",8661
"ENSG00000198040",9520
"ENSG00000198042",4416
"ENSG00000198046",8804
"ENSG00000198049",5062
"ENSG00000198053",4957
"ENSG00000198054",967
"ENSG00000198055",4357
"ENSG00000198056",3309
"ENSG00000198060",4628
"ENSG00000198062",2293
"ENSG00000198064",9722
"ENSG00000198074",1773
"ENSG00000198075",3830
"ENSG00000198077",2583
"ENSG00000198081",4144
"ENSG00000198083",981
"ENSG00000198087",6751
"ENSG00000198088",1867
"ENSG00000198089",12176
"ENSG00000198090",1112
"ENSG00000198092",2077
"ENSG00000198093",4354
"ENSG00000198099",2453
"ENSG00000198104",4670
"ENSG00000198105",7291
"ENSG00000198108",3945
"ENSG00000198113",4171
"ENSG00000198121",4137
"ENSG00000198125",2136
"ENSG00000198128",2929
"ENSG00000198129",324
"ENSG00000198130",7284
"ENSG00000198131",7216
"ENSG00000198133",6363
"ENSG00000198134",327
"ENSG00000198142",4627
"ENSG00000198146",5439
"ENSG00000198153",1566
"ENSG00000198155",1485
"ENSG00000198156",2173
"ENSG00000198157",2389
"ENSG00000198160",8273
"ENSG00000198162",9667
"ENSG00000198168",5201
"ENSG00000198169",5045
"ENSG00000198171",1832
"ENSG00000198173",3299
"ENSG00000198176",3744
"ENSG00000198178",1566
"ENSG00000198182",4703
"ENSG00000198183",1081
"ENSG00000198185",6865
"ENSG00000198189",2332
"ENSG00000198198",26354
"ENSG00000198203",8399
"ENSG00000198205",5029
"ENSG00000198208",7526
"ENSG00000198211",2776
"ENSG00000198216",22018
"ENSG00000198217",906
"ENSG00000198218",6275
"ENSG00000198221",11537
"ENSG00000198223",5175
"ENSG00000198225",1559
"ENSG00000198231",8521
"ENSG00000198237",633
"ENSG00000198242",2232
"ENSG00000198246",6216
"ENSG00000198251",641
"ENSG00000198252",4983
"ENSG00000198258",1931
"ENSG00000198261",939
"ENSG00000198265",15680
"ENSG00000198270",8414
"ENSG00000198271",902
"ENSG00000198276",3185
"ENSG00000198277",716
"ENSG00000198283",1299
"ENSG00000198284",710
"ENSG00000198286",6255
"ENSG00000198298",2386
"ENSG00000198300",9769
"ENSG00000198301",3491
"ENSG00000198312",885
"ENSG00000198315",7580
"ENSG00000198324",3361
"ENSG00000198326",3892
"ENSG00000198331",2389
"ENSG00000198336",1636
"ENSG00000198342",6596
"ENSG00000198346",6246
"ENSG00000198353",2767
"ENSG00000198354",2791
"ENSG00000198355",2198
"ENSG00000198356",1451
"ENSG00000198358",2136
"ENSG00000198363",21954
"ENSG00000198367",953
"ENSG00000198369",5525
"ENSG00000198373",8993
"ENSG00000198380",8851
"ENSG00000198382",7346
"ENSG00000198390",792
"ENSG00000198393",20862
"ENSG00000198398",1473
"ENSG00000198399",11841
"ENSG00000198400",5209
"ENSG00000198406",826
"ENSG00000198408",7247
"ENSG00000198414",2331
"ENSG00000198416",3408
"ENSG00000198417",1852
"ENSG00000198420",6310
"ENSG00000198429",3362
"ENSG00000198431",6710
"ENSG00000198435",2641
"ENSG00000198440",8060
"ENSG00000198443",812
"ENSG00000198445",2060
"ENSG00000198452",3009
"ENSG00000198453",18608
"ENSG00000198454",1192
"ENSG00000198455",5467
"ENSG00000198464",4844
"ENSG00000198466",7353
"ENSG00000198467",3183
"ENSG00000198468",5046
"ENSG00000198471",1346
"ENSG00000198478",13187
"ENSG00000198482",5008
"ENSG00000198483",3363
"ENSG00000198488",2626
"ENSG00000198491",2674
"ENSG00000198492",3729
"ENSG00000198496",4816
"ENSG00000198498",3406
"ENSG00000198502",1250
"ENSG00000198513",16605
"ENSG00000198515",3590
"ENSG00000198517",4470
"ENSG00000198520",3290
"ENSG00000198521",8631
"ENSG00000198522",3749
"ENSG00000198523",2989
"ENSG00000198526",1805
"ENSG00000198535",3445
"ENSG00000198538",5975
"ENSG00000198542",6176
"ENSG00000198546",2289
"ENSG00000198547",5890
"ENSG00000198551",3811
"ENSG00000198553",1625
"ENSG00000198554",6386
"ENSG00000198555",2415
"ENSG00000198556",6645
"ENSG00000198561",15212
"ENSG00000198563",7007
"ENSG00000198569",2304
"ENSG00000198570",3511
"ENSG00000198573",408
"ENSG00000198574",2795
"ENSG00000198576",2993
"ENSG00000198580",651
"ENSG00000198585",7029
"ENSG00000198586",9405
"ENSG00000198589",20981
"ENSG00000198590",8964
"ENSG00000198597",10310
"ENSG00000198598",4001
"ENSG00000198601",1229
"ENSG00000198604",7698
"ENSG00000198610",1914
"ENSG00000198612",4181
"ENSG00000198618",498
"ENSG00000198624",4941
"ENSG00000198625",11008
"ENSG00000198626",17971
"ENSG00000198633",6371
"ENSG00000198642",7700
"ENSG00000198643",1626
"ENSG00000198646",11133
"ENSG00000198648",3701
"ENSG00000198650",5369
"ENSG00000198658",933
"ENSG00000198663",7330
"ENSG00000198668",7833
"ENSG00000198670",6431
"ENSG00000198671",1058
"ENSG00000198673",9172
"ENSG00000198674",999
"ENSG00000198677",27118
"ENSG00000198678",936
"ENSG00000198680",1476
"ENSG00000198681",1711
"ENSG00000198682",4083
"ENSG00000198685",3346
"ENSG00000198689",11402
"ENSG00000198690",16814
"ENSG00000198691",8547
"ENSG00000198692",4023
"ENSG00000198695",525
"ENSG00000198700",11904
"ENSG00000198703",942
"ENSG00000198704",2018
"ENSG00000198707",25131
"ENSG00000198711",2624
"ENSG00000198712",684
"ENSG00000198715",3471
"ENSG00000198718",10292
"ENSG00000198719",3819
"ENSG00000198720",4307
"ENSG00000198721",4575
"ENSG00000198722",17910
"ENSG00000198723",2923
"ENSG00000198727",1141
"ENSG00000198728",3776
"ENSG00000198729",2219
"ENSG00000198730",5998
"ENSG00000198732",4369
"ENSG00000198734",9373
"ENSG00000198736",2011
"ENSG00000198738",178
"ENSG00000198739",6341
"ENSG00000198740",11813
"ENSG00000198742",6282
"ENSG00000198743",11566
"ENSG00000198744",547
"ENSG00000198746",2226
"ENSG00000198752",8095
"ENSG00000198753",7007
"ENSG00000198754",1826
"ENSG00000198755",1508
"ENSG00000198756",7806
"ENSG00000198758",3477
"ENSG00000198759",2611
"ENSG00000198763",1042
"ENSG00000198765",4278
"ENSG00000198768",4210
"ENSG00000198771",8165
"ENSG00000198774",5515
"ENSG00000198780",6875
"ENSG00000198783",2238
"ENSG00000198785",8189
"ENSG00000198786",1812
"ENSG00000198787",911
"ENSG00000198788",12667
"ENSG00000198791",10941
"ENSG00000198792",7056
"ENSG00000198793",13373
"ENSG00000198794",4862
"ENSG00000198795",6225
"ENSG00000198796",9565
"ENSG00000198797",4492
"ENSG00000198798",2087
"ENSG00000198799",12467
"ENSG00000198804",1542
"ENSG00000198805",5851
"ENSG00000198807",5682
"ENSG00000198812",2344
"ENSG00000198814",5355
"ENSG00000198815",6896
"ENSG00000198816",2083
"ENSG00000198818",3089
"ENSG00000198821",9361
"ENSG00000198822",4474
"ENSG00000198824",6445
"ENSG00000198825",7479
"ENSG00000198826",6406
"ENSG00000198829",4181
"ENSG00000198830",4756
"ENSG00000198832",3187
"ENSG00000198833",4164
"ENSG00000198835",2165
"ENSG00000198836",9040
"ENSG00000198837",7606
"ENSG00000198838",20340
"ENSG00000198839",4745
"ENSG00000198840",346
"ENSG00000198841",1708
"ENSG00000198842",4274
"ENSG00000198843",4103
"ENSG00000198844",5292
"ENSG00000198846",4076
"ENSG00000198848",2937
"ENSG00000198851",2659
"ENSG00000198853",5698
"ENSG00000198854",949
"ENSG00000198855",4175
"ENSG00000198856",1616
"ENSG00000198857",1132
"ENSG00000198858",2957
"ENSG00000198860",10197
"ENSG00000198862",8876
"ENSG00000198863",6209
"ENSG00000198865",3493
"ENSG00000198868",297
"ENSG00000198870",4409
"ENSG00000198873",7021
"ENSG00000198874",3880
"ENSG00000198876",4315
"ENSG00000198879",10609
"ENSG00000198881",1267
"ENSG00000198883",3428
"ENSG00000198885",4666
"ENSG00000198886",1378
"ENSG00000198887",6606
"ENSG00000198888",956
"ENSG00000198889",3345
"ENSG00000198890",4340
"ENSG00000198892",1911
"ENSG00000198894",5271
"ENSG00000198898",8329
"ENSG00000198899",681
"ENSG00000198900",10127
"ENSG00000198901",5523
"ENSG00000198908",5518
"ENSG00000198909",6109
"ENSG00000198910",7269
"ENSG00000198911",8053
"ENSG00000198912",4883
"ENSG00000198914",4803
"ENSG00000198915",6219
"ENSG00000198917",4566
"ENSG00000198918",2128
"ENSG00000198919",6943
"ENSG00000198920",5553
"ENSG00000198923",197
"ENSG00000198924",4582
"ENSG00000198925",4724
"ENSG00000198929",7854
"ENSG00000198930",1092
"ENSG00000198931",1796
"ENSG00000198932",6789
"ENSG00000198933",4202
"ENSG00000198934",3633
"ENSG00000198937",572
"ENSG00000198938",784
"ENSG00000198939",2637
"ENSG00000198944",3485
"ENSG00000198945",5111
"ENSG00000198947",55038
"ENSG00000198948",8741
"ENSG00000198951",3726
"ENSG00000198952",5304
"ENSG00000198954",7344
"ENSG00000198959",7948
"ENSG00000198960",2489
"ENSG00000198961",5193
"ENSG00000198963",9621
"ENSG00000198964",6423
"ENSG00000198965",1159
"ENSG00000198967",6323
"ENSG00000198972",79
"ENSG00000198973",64
"ENSG00000198974",92
"ENSG00000198975",72
"ENSG00000198976",83
"ENSG00000198982",61
"ENSG00000198983",91
"ENSG00000198984",98
"ENSG00000198987",81
"ENSG00000198995",95
"ENSG00000198997",81
"ENSG00000199001",111
"ENSG00000199005",75
"ENSG00000199012",91
"ENSG00000199015",69
"ENSG00000199017",71
"ENSG00000199020",75
"ENSG00000199023",94
"ENSG00000199024",78
"ENSG00000199025",70
"ENSG00000199030",84
"ENSG00000199031",67
"ENSG00000199032",87
"ENSG00000199035",78
"ENSG00000199036",110
"ENSG00000199038",110
"ENSG00000199043",94
"ENSG00000199047",66
"ENSG00000199051",72
"ENSG00000199053",83
"ENSG00000199059",97
"ENSG00000199065",79
"ENSG00000199069",86
"ENSG00000199072",87
"ENSG00000199075",77
"ENSG00000199077",90
"ENSG00000199080",119
"ENSG00000199082",99
"ENSG00000199085",68
"ENSG00000199088",67
"ENSG00000199090",95
"ENSG00000199092",80
"ENSG00000199094",72
"ENSG00000199095",67
"ENSG00000199102",68
"ENSG00000199104",95
"ENSG00000199107",79
"ENSG00000199109",96
"ENSG00000199121",77
"ENSG00000199122",99
"ENSG00000199127",73
"ENSG00000199130",87
"ENSG00000199132",91
"ENSG00000199133",87
"ENSG00000199135",75
"ENSG00000199143",69
"ENSG00000199145",68
"ENSG00000199150",84
"ENSG00000199151",93
"ENSG00000199153",70
"ENSG00000199156",90
"ENSG00000199157",71
"ENSG00000199158",78
"ENSG00000199161",85
"ENSG00000199165",80
"ENSG00000199168",72
"ENSG00000199169",68
"ENSG00000199172",94
"ENSG00000199177",71
"ENSG00000199179",84
"ENSG00000199196",128
"ENSG00000199197",292
"ENSG00000199200",96
"ENSG00000199201",103
"ENSG00000199202",137
"ENSG00000199203",112
"ENSG00000199204",102
"ENSG00000199212",209
"ENSG00000199217",106
"ENSG00000199218",333
"ENSG00000199219",107
"ENSG00000199220",114
"ENSG00000199222",102
"ENSG00000199223",102
"ENSG00000199224",101
"ENSG00000199226",103
"ENSG00000199231",80
"ENSG00000199237",110
"ENSG00000199240",120
"ENSG00000199241",110
"ENSG00000199245",109
"ENSG00000199246",107
"ENSG00000199248",107
"ENSG00000199251",107
"ENSG00000199260",105
"ENSG00000199263",112
"ENSG00000199266",134
"ENSG00000199270",119
"ENSG00000199272",107
"ENSG00000199273",112
"ENSG00000199276",119
"ENSG00000199279",107
"ENSG00000199282",131
"ENSG00000199283",163
"ENSG00000199285",103
"ENSG00000199286",104
"ENSG00000199289",108
"ENSG00000199290",102
"ENSG00000199291",102
"ENSG00000199293",132
"ENSG00000199295",108
"ENSG00000199299",110
"ENSG00000199301",107
"ENSG00000199303",111
"ENSG00000199306",107
"ENSG00000199308",107
"ENSG00000199311",82
"ENSG00000199313",140
"ENSG00000199315",119
"ENSG00000199318",134
"ENSG00000199319",308
"ENSG00000199321",73
"ENSG00000199322",119
"ENSG00000199325",127
"ENSG00000199326",101
"ENSG00000199327",104
"ENSG00000199331",102
"ENSG00000199332",99
"ENSG00000199334",119
"ENSG00000199335",107
"ENSG00000199337",119
"ENSG00000199347",120
"ENSG00000199348",107
"ENSG00000199349",113
"ENSG00000199350",116
"ENSG00000199352",119
"ENSG00000199354",113
"ENSG00000199357",97
"ENSG00000199360",106
"ENSG00000199361",162
"ENSG00000199362",102
"ENSG00000199363",131
"ENSG00000199364",101
"ENSG00000199366",106
"ENSG00000199368",107
"ENSG00000199370",215
"ENSG00000199373",119
"ENSG00000199377",117
"ENSG00000199378",103
"ENSG00000199381",107
"ENSG00000199385",102
"ENSG00000199390",77
"ENSG00000199392",127
"ENSG00000199394",99
"ENSG00000199395",114
"ENSG00000199396",119
"ENSG00000199398",102
"ENSG00000199400",96
"ENSG00000199402",115
"ENSG00000199405",133
"ENSG00000199407",121
"ENSG00000199409",101
"ENSG00000199410",103
"ENSG00000199411",86
"ENSG00000199415",121
"ENSG00000199420",328
"ENSG00000199422",102
"ENSG00000199424",111
"ENSG00000199426",161
"ENSG00000199436",104
"ENSG00000199440",113
"ENSG00000199442",97
"ENSG00000199444",102
"ENSG00000199446",108
"ENSG00000199448",103
"ENSG00000199450",94
"ENSG00000199453",82
"ENSG00000199454",119
"ENSG00000199455",102
"ENSG00000199458",141
"ENSG00000199459",110
"ENSG00000199460",107
"ENSG00000199461",102
"ENSG00000199466",102
"ENSG00000199468",105
"ENSG00000199469",164
"ENSG00000199470",132
"ENSG00000199471",101
"ENSG00000199472",112
"ENSG00000199473",126
"ENSG00000199474",124
"ENSG00000199475",328
"ENSG00000199476",108
"ENSG00000199477",130
"ENSG00000199480",115
"ENSG00000199482",103
"ENSG00000199483",141
"ENSG00000199487",102
"ENSG00000199488",164
"ENSG00000199489",82
"ENSG00000199490",98
"ENSG00000199492",102
"ENSG00000199497",173
"ENSG00000199506",107
"ENSG00000199508",115
"ENSG00000199509",119
"ENSG00000199512",104
"ENSG00000199514",107
"ENSG00000199515",93
"ENSG00000199516",102
"ENSG00000199520",107
"ENSG00000199523",115
"ENSG00000199525",121
"ENSG00000199529",105
"ENSG00000199530",108
"ENSG00000199535",119
"ENSG00000199536",107
"ENSG00000199540",111
"ENSG00000199545",117
"ENSG00000199546",108
"ENSG00000199550",113
"ENSG00000199551",104
"ENSG00000199552",132
"ENSG00000199556",118
"ENSG00000199562",107
"ENSG00000199564",119
"ENSG00000199565",102
"ENSG00000199566",132
"ENSG00000199567",108
"ENSG00000199568",116
"ENSG00000199570",106
"ENSG00000199571",134
"ENSG00000199572",118
"ENSG00000199574",69
"ENSG00000199575",72
"ENSG00000199577",106
"ENSG00000199580",103
"ENSG00000199584",112
"ENSG00000199585",117
"ENSG00000199591",107
"ENSG00000199592",111
"ENSG00000199593",75
"ENSG00000199594",104
"ENSG00000199595",102
"ENSG00000199598",107
"ENSG00000199601",107
"ENSG00000199603",107
"ENSG00000199605",96
"ENSG00000199609",110
"ENSG00000199620",119
"ENSG00000199622",313
"ENSG00000199626",107
"ENSG00000199627",107
"ENSG00000199629",152
"ENSG00000199630",96
"ENSG00000199631",85
"ENSG00000199633",126
"ENSG00000199634",141
"ENSG00000199635",102
"ENSG00000199636",105
"ENSG00000199638",119
"ENSG00000199640",338
"ENSG00000199643",141
"ENSG00000199645",105
"ENSG00000199646",107
"ENSG00000199652",153
"ENSG00000199664",105
"ENSG00000199666",215
"ENSG00000199667",102
"ENSG00000199668",112
"ENSG00000199672",126
"ENSG00000199673",99
"ENSG00000199674",105
"ENSG00000199676",113
"ENSG00000199677",102
"ENSG00000199683",326
"ENSG00000199687",144
"ENSG00000199691",315
"ENSG00000199695",109
"ENSG00000199697",106
"ENSG00000199698",102
"ENSG00000199700",107
"ENSG00000199701",98
"ENSG00000199702",104
"ENSG00000199704",82
"ENSG00000199705",102
"ENSG00000199709",140
"ENSG00000199710",99
"ENSG00000199711",102
"ENSG00000199712",82
"ENSG00000199713",134
"ENSG00000199715",102
"ENSG00000199716",100
"ENSG00000199719",309
"ENSG00000199728",107
"ENSG00000199730",303
"ENSG00000199731",110
"ENSG00000199732",102
"ENSG00000199733",116
"ENSG00000199735",103
"ENSG00000199739",119
"ENSG00000199740",100
"ENSG00000199744",73
"ENSG00000199751",102
"ENSG00000199753",70
"ENSG00000199755",109
"ENSG00000199756",110
"ENSG00000199762",104
"ENSG00000199764",103
"ENSG00000199765",105
"ENSG00000199767",107
"ENSG00000199771",121
"ENSG00000199773",159
"ENSG00000199780",113
"ENSG00000199781",99
"ENSG00000199782",82
"ENSG00000199783",68
"ENSG00000199784",107
"ENSG00000199785",134
"ENSG00000199786",129
"ENSG00000199787",135
"ENSG00000199788",102
"ENSG00000199790",107
"ENSG00000199791",107
"ENSG00000199792",102
"ENSG00000199796",108
"ENSG00000199797",97
"ENSG00000199798",70
"ENSG00000199801",109
"ENSG00000199803",107
"ENSG00000199804",120
"ENSG00000199805",165
"ENSG00000199806",118
"ENSG00000199809",125
"ENSG00000199812",107
"ENSG00000199814",107
"ENSG00000199815",126
"ENSG00000199824",107
"ENSG00000199827",109
"ENSG00000199831",327
"ENSG00000199832",107
"ENSG00000199833",81
"ENSG00000199836",163
"ENSG00000199839",119
"ENSG00000199840",110
"ENSG00000199843",117
"ENSG00000199845",119
"ENSG00000199846",153
"ENSG00000199849",116
"ENSG00000199851",210
"ENSG00000199855",107
"ENSG00000199856",216
"ENSG00000199857",71
"ENSG00000199858",108
"ENSG00000199859",107
"ENSG00000199862",113
"ENSG00000199865",107
"ENSG00000199866",102
"ENSG00000199867",102
"ENSG00000199870",102
"ENSG00000199872",107
"ENSG00000199874",119
"ENSG00000199875",113
"ENSG00000199878",344
"ENSG00000199879",157
"ENSG00000199880",101
"ENSG00000199881",104
"ENSG00000199883",335
"ENSG00000199884",111
"ENSG00000199885",107
"ENSG00000199886",102
"ENSG00000199890",111
"ENSG00000199892",152
"ENSG00000199894",80
"ENSG00000199895",101
"ENSG00000199899",99
"ENSG00000199901",102
"ENSG00000199903",104
"ENSG00000199905",104
"ENSG00000199906",113
"ENSG00000199910",119
"ENSG00000199911",102
"ENSG00000199912",107
"ENSG00000199913",102
"ENSG00000199914",70
"ENSG00000199920",141
"ENSG00000199921",106
"ENSG00000199924",104
"ENSG00000199927",217
"ENSG00000199929",114
"ENSG00000199932",164
"ENSG00000199933",111
"ENSG00000199934",77
"ENSG00000199936",109
"ENSG00000199938",106
"ENSG00000199940",296
"ENSG00000199942",75
"ENSG00000199944",106
"ENSG00000199949",95
"ENSG00000199953",132
"ENSG00000199959",137
"ENSG00000199960",81
"ENSG00000199961",84
"ENSG00000199962",109
"ENSG00000199963",108
"ENSG00000199964",102
"ENSG00000199968",82
"ENSG00000199970",82
"ENSG00000199971",109
"ENSG00000199975",309
"ENSG00000199977",205
"ENSG00000199979",102
"ENSG00000199985",107
"ENSG00000199986",107
"ENSG00000199990",99
"ENSG00000199994",125
"ENSG00000200003",102
"ENSG00000200008",105
"ENSG00000200011",102
"ENSG00000200013",105
"ENSG00000200021",111
"ENSG00000200024",102
"ENSG00000200026",134
"ENSG00000200028",137
"ENSG00000200029",104
"ENSG00000200033",104
"ENSG00000200034",141
"ENSG00000200036",119
"ENSG00000200040",113
"ENSG00000200041",102
"ENSG00000200047",317
"ENSG00000200048",107
"ENSG00000200049",101
"ENSG00000200051",77
"ENSG00000200052",111
"ENSG00000200057",301
"ENSG00000200058",109
"ENSG00000200059",100
"ENSG00000200060",121
"ENSG00000200062",141
"ENSG00000200063",129
"ENSG00000200064",97
"ENSG00000200065",97
"ENSG00000200070",141
"ENSG00000200072",61
"ENSG00000200075",127
"ENSG00000200079",110
"ENSG00000200084",84
"ENSG00000200085",102
"ENSG00000200086",104
"ENSG00000200087",204
"ENSG00000200089",75
"ENSG00000200090",99
"ENSG00000200091",330
"ENSG00000200095",107
"ENSG00000200097",94
"ENSG00000200101",103
"ENSG00000200102",107
"ENSG00000200105",104
"ENSG00000200106",109
"ENSG00000200107",111
"ENSG00000200108",107
"ENSG00000200112",71
"ENSG00000200113",140
"ENSG00000200114",119
"ENSG00000200118",100
"ENSG00000200120",102
"ENSG00000200121",94
"ENSG00000200131",353
"ENSG00000200132",107
"ENSG00000200135",113
"ENSG00000200138",113
"ENSG00000200139",103
"ENSG00000200142",98
"ENSG00000200146",107
"ENSG00000200150",73
"ENSG00000200151",277
"ENSG00000200152",104
"ENSG00000200153",107
"ENSG00000200156",116
"ENSG00000200161",303
"ENSG00000200162",103
"ENSG00000200163",82
"ENSG00000200164",101
"ENSG00000200168",111
"ENSG00000200169",116
"ENSG00000200170",101
"ENSG00000200171",96
"ENSG00000200174",110
"ENSG00000200175",108
"ENSG00000200176",165
"ENSG00000200179",113
"ENSG00000200183",106
"ENSG00000200184",162
"ENSG00000200189",107
"ENSG00000200191",132
"ENSG00000200197",163
"ENSG00000200198",315
"ENSG00000200201",96
"ENSG00000200204",158
"ENSG00000200206",73
"ENSG00000200208",102
"ENSG00000200209",93
"ENSG00000200211",96
"ENSG00000200213",108
"ENSG00000200215",75
"ENSG00000200216",106
"ENSG00000200217",108
"ENSG00000200218",107
"ENSG00000200220",107
"ENSG00000200222",213
"ENSG00000200224",107
"ENSG00000200225",112
"ENSG00000200227",119
"ENSG00000200231",144
"ENSG00000200235",126
"ENSG00000200237",141
"ENSG00000200238",119
"ENSG00000200241",111
"ENSG00000200243",336
"ENSG00000200246",128
"ENSG00000200247",107
"ENSG00000200248",118
"ENSG00000200250",107
"ENSG00000200252",111
"ENSG00000200253",104
"ENSG00000200254",107
"ENSG00000200256",109
"ENSG00000200257",104
"ENSG00000200259",86
"ENSG00000200261",112
"ENSG00000200262",110
"ENSG00000200267",104
"ENSG00000200269",108
"ENSG00000200274",141
"ENSG00000200275",92
"ENSG00000200278",134
"ENSG00000200279",72
"ENSG00000200281",107
"ENSG00000200283",108
"ENSG00000200287",99
"ENSG00000200288",128
"ENSG00000200291",102
"ENSG00000200293",117
"ENSG00000200294",132
"ENSG00000200295",104
"ENSG00000200296",164
"ENSG00000200298",110
"ENSG00000200301",118
"ENSG00000200303",104
"ENSG00000200304",112
"ENSG00000200305",105
"ENSG00000200309",95
"ENSG00000200310",122
"ENSG00000200312",313
"ENSG00000200313",155
"ENSG00000200314",102
"ENSG00000200318",216
"ENSG00000200320",132
"ENSG00000200325",112
"ENSG00000200326",119
"ENSG00000200327",110
"ENSG00000200331",110
"ENSG00000200332",102
"ENSG00000200334",102
"ENSG00000200336",118
"ENSG00000200338",159
"ENSG00000200340",161
"ENSG00000200343",119
"ENSG00000200344",103
"ENSG00000200345",107
"ENSG00000200350",105
"ENSG00000200351",110
"ENSG00000200354",134
"ENSG00000200355",129
"ENSG00000200356",107
"ENSG00000200360",107
"ENSG00000200361",102
"ENSG00000200366",107
"ENSG00000200367",74
"ENSG00000200369",107
"ENSG00000200370",119
"ENSG00000200372",116
"ENSG00000200376",118
"ENSG00000200377",71
"ENSG00000200378",111
"ENSG00000200379",304
"ENSG00000200381",119
"ENSG00000200385",137
"ENSG00000200388",112
"ENSG00000200389",107
"ENSG00000200390",106
"ENSG00000200391",113
"ENSG00000200393",107
"ENSG00000200394",131
"ENSG00000200397",102
"ENSG00000200398",82
"ENSG00000200403",107
"ENSG00000200406",72
"ENSG00000200407",103
"ENSG00000200408",109
"ENSG00000200411",121
"ENSG00000200413",72
"ENSG00000200418",123
"ENSG00000200419",102
"ENSG00000200421",100
"ENSG00000200422",72
"ENSG00000200424",107
"ENSG00000200427",117
"ENSG00000200428",117
"ENSG00000200431",144
"ENSG00000200432",102
"ENSG00000200434",152
"ENSG00000200436",112
"ENSG00000200437",107
"ENSG00000200443",105
"ENSG00000200444",91
"ENSG00000200446",107
"ENSG00000200448",100
"ENSG00000200455",99
"ENSG00000200456",107
"ENSG00000200462",107
"ENSG00000200463",134
"ENSG00000200468",108
"ENSG00000200469",104
"ENSG00000200471",107
"ENSG00000200472",316
"ENSG00000200473",121
"ENSG00000200475",345
"ENSG00000200478",82
"ENSG00000200480",72
"ENSG00000200483",106
"ENSG00000200484",108
"ENSG00000200485",91
"ENSG00000200486",82
"ENSG00000200487",119
"ENSG00000200488",332
"ENSG00000200492",211
"ENSG00000200494",102
"ENSG00000200495",106
"ENSG00000200496",134
"ENSG00000200502",101
"ENSG00000200503",82
"ENSG00000200506",102
"ENSG00000200508",102
"ENSG00000200516",120
"ENSG00000200520",109
"ENSG00000200521",101
"ENSG00000200522",99
"ENSG00000200525",107
"ENSG00000200526",96
"ENSG00000200527",124
"ENSG00000200528",106
"ENSG00000200530",87
"ENSG00000200534",130
"ENSG00000200536",124
"ENSG00000200537",96
"ENSG00000200538",216
"ENSG00000200544",87
"ENSG00000200545",217
"ENSG00000200547",92
"ENSG00000200550",108
"ENSG00000200552",102
"ENSG00000200553",102
"ENSG00000200554",107
"ENSG00000200555",104
"ENSG00000200556",107
"ENSG00000200558",109
"ENSG00000200560",104
"ENSG00000200563",105
"ENSG00000200564",82
"ENSG00000200566",115
"ENSG00000200570",112
"ENSG00000200571",100
"ENSG00000200572",113
"ENSG00000200575",104
"ENSG00000200579",102
"ENSG00000200587",111
"ENSG00000200591",102
"ENSG00000200593",82
"ENSG00000200594",104
"ENSG00000200597",170
"ENSG00000200600",102
"ENSG00000200601",107
"ENSG00000200605",109
"ENSG00000200608",75
"ENSG00000200610",102
"ENSG00000200612",72
"ENSG00000200613",109
"ENSG00000200615",96
"ENSG00000200616",110
"ENSG00000200619",119
"ENSG00000200620",139
"ENSG00000200622",98
"ENSG00000200623",72
"ENSG00000200624",119
"ENSG00000200626",130
"ENSG00000200629",113
"ENSG00000200630",102
"ENSG00000200632",77
"ENSG00000200635",102
"ENSG00000200636",70
"ENSG00000200637",117
"ENSG00000200638",82
"ENSG00000200645",107
"ENSG00000200646",113
"ENSG00000200648",107
"ENSG00000200650",113
"ENSG00000200651",105
"ENSG00000200652",126
"ENSG00000200653",136
"ENSG00000200656",132
"ENSG00000200661",102
"ENSG00000200664",111
"ENSG00000200665",107
"ENSG00000200670",104
"ENSG00000200673",330
"ENSG00000200674",340
"ENSG00000200677",70
"ENSG00000200680",82
"ENSG00000200681",107
"ENSG00000200683",104
"ENSG00000200685",109
"ENSG00000200686",102
"ENSG00000200687",110
"ENSG00000200688",106
"ENSG00000200693",204
"ENSG00000200701",107
"ENSG00000200702",102
"ENSG00000200703",107
"ENSG00000200706",72
"ENSG00000200708",309
"ENSG00000200709",119
"ENSG00000200711",119
"ENSG00000200713",106
"ENSG00000200714",90
"ENSG00000200718",320
"ENSG00000200719",111
"ENSG00000200720",107
"ENSG00000200726",82
"ENSG00000200728",105
"ENSG00000200731",145
"ENSG00000200732",105
"ENSG00000200733",68
"ENSG00000200737",113
"ENSG00000200738",119
"ENSG00000200741",115
"ENSG00000200742",101
"ENSG00000200745",176
"ENSG00000200750",111
"ENSG00000200752",113
"ENSG00000200753",71
"ENSG00000200754",108
"ENSG00000200755",119
"ENSG00000200756",106
"ENSG00000200757",82
"ENSG00000200759",107
"ENSG00000200761",295
"ENSG00000200763",105
"ENSG00000200764",100
"ENSG00000200769",92
"ENSG00000200774",110
"ENSG00000200779",104
"ENSG00000200783",330
"ENSG00000200785",110
"ENSG00000200786",119
"ENSG00000200788",113
"ENSG00000200789",148
"ENSG00000200790",107
"ENSG00000200792",136
"ENSG00000200794",321
"ENSG00000200795",141
"ENSG00000200796",107
"ENSG00000200799",105
"ENSG00000200800",160
"ENSG00000200801",81
"ENSG00000200806",118
"ENSG00000200807",159
"ENSG00000200812",82
"ENSG00000200814",107
"ENSG00000200815",107
"ENSG00000200816",132
"ENSG00000200817",107
"ENSG00000200818",107
"ENSG00000200822",111
"ENSG00000200823",78
"ENSG00000200827",106
"ENSG00000200829",112
"ENSG00000200830",269
"ENSG00000200831",74
"ENSG00000200832",75
"ENSG00000200834",101
"ENSG00000200839",126
"ENSG00000200840",107
"ENSG00000200842",113
"ENSG00000200847",102
"ENSG00000200849",102
"ENSG00000200852",119
"ENSG00000200855",102
"ENSG00000200857",113
"ENSG00000200860",109
"ENSG00000200867",312
"ENSG00000200869",107
"ENSG00000200871",107
"ENSG00000200872",114
"ENSG00000200873",117
"ENSG00000200874",102
"ENSG00000200875",107
"ENSG00000200877",108
"ENSG00000200879",85
"ENSG00000200882",104
"ENSG00000200883",98
"ENSG00000200884",102
"ENSG00000200885",165
"ENSG00000200887",105
"ENSG00000200888",102
"ENSG00000200889",141
"ENSG00000200890",114
"ENSG00000200891",78
"ENSG00000200893",107
"ENSG00000200895",320
"ENSG00000200897",81
"ENSG00000200898",107
"ENSG00000200902",102
"ENSG00000200903",160
"ENSG00000200906",107
"ENSG00000200913",104
"ENSG00000200914",108
"ENSG00000200917",96
"ENSG00000200922",96
"ENSG00000200924",107
"ENSG00000200926",120
"ENSG00000200935",94
"ENSG00000200941",147
"ENSG00000200942",100
"ENSG00000200949",82
"ENSG00000200953",110
"ENSG00000200957",105
"ENSG00000200959",198
"ENSG00000200963",107
"ENSG00000200966",301
"ENSG00000200969",68
"ENSG00000200972",114
"ENSG00000200974",82
"ENSG00000200975",164
"ENSG00000200976",102
"ENSG00000200982",102
"ENSG00000200983",130
"ENSG00000200985",91
"ENSG00000200986",107
"ENSG00000200987",82
"ENSG00000200991",118
"ENSG00000200997",164
"ENSG00000200998",113
"ENSG00000200999",80
"ENSG00000201000",119
"ENSG00000201001",105
"ENSG00000201003",136
"ENSG00000201006",102
"ENSG00000201009",104
"ENSG00000201010",325
"ENSG00000201012",106
"ENSG00000201013",113
"ENSG00000201014",119
"ENSG00000201015",104
"ENSG00000201016",108
"ENSG00000201021",106
"ENSG00000201023",102
"ENSG00000201025",73
"ENSG00000201026",111
"ENSG00000201027",290
"ENSG00000201028",107
"ENSG00000201031",110
"ENSG00000201032",103
"ENSG00000201033",162
"ENSG00000201034",101
"ENSG00000201035",109
"ENSG00000201036",89
"ENSG00000201041",118
"ENSG00000201042",131
"ENSG00000201044",107
"ENSG00000201047",102
"ENSG00000201048",111
"ENSG00000201050",107
"ENSG00000201059",117
"ENSG00000201065",107
"ENSG00000201066",304
"ENSG00000201070",139
"ENSG00000201071",112
"ENSG00000201074",112
"ENSG00000201075",93
"ENSG00000201076",140
"ENSG00000201077",107
"ENSG00000201078",315
"ENSG00000201084",105
"ENSG00000201085",104
"ENSG00000201086",119
"ENSG00000201088",104
"ENSG00000201095",107
"ENSG00000201096",106
"ENSG00000201097",106
"ENSG00000201098",113
"ENSG00000201102",113
"ENSG00000201104",107
"ENSG00000201109",121
"ENSG00000201113",107
"ENSG00000201114",109
"ENSG00000201118",96
"ENSG00000201119",162
"ENSG00000201121",105
"ENSG00000201129",136
"ENSG00000201133",144
"ENSG00000201134",102
"ENSG00000201135",104
"ENSG00000201136",108
"ENSG00000201140",303
"ENSG00000201142",125
"ENSG00000201143",82
"ENSG00000201145",119
"ENSG00000201148",115
"ENSG00000201151",72
"ENSG00000201153",108
"ENSG00000201155",165
"ENSG00000201157",154
"ENSG00000201160",113
"ENSG00000201161",325
"ENSG00000201162",107
"ENSG00000201164",144
"ENSG00000201165",107
"ENSG00000201168",116
"ENSG00000201170",164
"ENSG00000201176",107
"ENSG00000201178",111
"ENSG00000201179",107
"ENSG00000201180",107
"ENSG00000201182",104
"ENSG00000201183",161
"ENSG00000201184",141
"ENSG00000201185",119
"ENSG00000201186",85
"ENSG00000201196",97
"ENSG00000201198",108
"ENSG00000201201",330
"ENSG00000201207",114
"ENSG00000201208",97
"ENSG00000201209",68
"ENSG00000201210",117
"ENSG00000201216",98
"ENSG00000201217",113
"ENSG00000201218",109
"ENSG00000201221",143
"ENSG00000201223",104
"ENSG00000201228",102
"ENSG00000201229",132
"ENSG00000201231",141
"ENSG00000201239",96
"ENSG00000201240",72
"ENSG00000201241",103
"ENSG00000201242",112
"ENSG00000201243",107
"ENSG00000201245",127
"ENSG00000201247",74
"ENSG00000201253",140
"ENSG00000201255",104
"ENSG00000201260",107
"ENSG00000201263",72
"ENSG00000201264",72
"ENSG00000201270",103
"ENSG00000201271",164
"ENSG00000201273",104
"ENSG00000201274",120
"ENSG00000201277",101
"ENSG00000201279",97
"ENSG00000201282",102
"ENSG00000201285",116
"ENSG00000201287",303
"ENSG00000201288",107
"ENSG00000201289",323
"ENSG00000201291",157
"ENSG00000201292",104
"ENSG00000201294",107
"ENSG00000201296",143
"ENSG00000201297",111
"ENSG00000201298",107
"ENSG00000201300",82
"ENSG00000201301",114
"ENSG00000201302",130
"ENSG00000201308",103
"ENSG00000201309",102
"ENSG00000201311",102
"ENSG00000201312",117
"ENSG00000201314",113
"ENSG00000201315",330
"ENSG00000201316",145
"ENSG00000201317",116
"ENSG00000201318",72
"ENSG00000201321",119
"ENSG00000201324",107
"ENSG00000201325",122
"ENSG00000201326",82
"ENSG00000201329",214
"ENSG00000201330",84
"ENSG00000201331",82
"ENSG00000201339",95
"ENSG00000201340",117
"ENSG00000201341",107
"ENSG00000201342",129
"ENSG00000201343",110
"ENSG00000201346",212
"ENSG00000201347",117
"ENSG00000201348",208
"ENSG00000201351",109
"ENSG00000201354",109
"ENSG00000201355",119
"ENSG00000201356",119
"ENSG00000201358",306
"ENSG00000201361",114
"ENSG00000201363",95
"ENSG00000201364",296
"ENSG00000201365",108
"ENSG00000201367",107
"ENSG00000201368",214
"ENSG00000201370",92
"ENSG00000201371",109
"ENSG00000201372",107
"ENSG00000201376",135
"ENSG00000201377",97
"ENSG00000201379",141
"ENSG00000201382",104
"ENSG00000201384",115
"ENSG00000201386",107
"ENSG00000201388",133
"ENSG00000201390",107
"ENSG00000201392",103
"ENSG00000201393",117
"ENSG00000201394",92
"ENSG00000201395",309
"ENSG00000201398",136
"ENSG00000201403",90
"ENSG00000201405",93
"ENSG00000201407",132
"ENSG00000201410",72
"ENSG00000201412",110
"ENSG00000201413",120
"ENSG00000201415",118
"ENSG00000201420",120
"ENSG00000201421",99
"ENSG00000201423",317
"ENSG00000201426",101
"ENSG00000201428",318
"ENSG00000201431",107
"ENSG00000201432",112
"ENSG00000201433",113
"ENSG00000201435",139
"ENSG00000201436",109
"ENSG00000201439",141
"ENSG00000201440",118
"ENSG00000201441",106
"ENSG00000201442",99
"ENSG00000201443",106
"ENSG00000201444",107
"ENSG00000201447",119
"ENSG00000201448",129
"ENSG00000201451",97
"ENSG00000201452",104
"ENSG00000201457",135
"ENSG00000201458",130
"ENSG00000201464",104
"ENSG00000201465",132
"ENSG00000201466",102
"ENSG00000201467",132
"ENSG00000201469",113
"ENSG00000201470",96
"ENSG00000201474",103
"ENSG00000201476",118
"ENSG00000201482",82
"ENSG00000201483",105
"ENSG00000201487",72
"ENSG00000201489",101
"ENSG00000201491",146
"ENSG00000201492",118
"ENSG00000201493",158
"ENSG00000201496",301
"ENSG00000201498",101
"ENSG00000201499",107
"ENSG00000201500",78
"ENSG00000201501",102
"ENSG00000201502",80
"ENSG00000201510",340
"ENSG00000201511",102
"ENSG00000201512",134
"ENSG00000201516",123
"ENSG00000201517",95
"ENSG00000201518",118
"ENSG00000201519",106
"ENSG00000201523",136
"ENSG00000201524",107
"ENSG00000201527",115
"ENSG00000201529",114
"ENSG00000201532",113
"ENSG00000201533",301
"ENSG00000201535",102
"ENSG00000201541",133
"ENSG00000201542",152
"ENSG00000201544",135
"ENSG00000201545",123
"ENSG00000201547",108
"ENSG00000201548",96
"ENSG00000201549",109
"ENSG00000201550",107
"ENSG00000201554",97
"ENSG00000201555",89
"ENSG00000201557",72
"ENSG00000201558",164
"ENSG00000201560",107
"ENSG00000201563",104
"ENSG00000201564",315
"ENSG00000201565",102
"ENSG00000201566",102
"ENSG00000201567",99
"ENSG00000201569",75
"ENSG00000201570",142
"ENSG00000201573",102
"ENSG00000201574",169
"ENSG00000201579",104
"ENSG00000201581",318
"ENSG00000201583",306
"ENSG00000201584",101
"ENSG00000201586",112
"ENSG00000201588",119
"ENSG00000201591",107
"ENSG00000201592",80
"ENSG00000201594",117
"ENSG00000201595",118
"ENSG00000201596",110
"ENSG00000201598",107
"ENSG00000201600",341
"ENSG00000201602",109
"ENSG00000201604",105
"ENSG00000201607",141
"ENSG00000201608",142
"ENSG00000201609",141
"ENSG00000201610",107
"ENSG00000201612",309
"ENSG00000201613",107
"ENSG00000201616",163
"ENSG00000201618",108
"ENSG00000201619",141
"ENSG00000201620",119
"ENSG00000201622",109
"ENSG00000201623",107
"ENSG00000201624",102
"ENSG00000201627",113
"ENSG00000201628",141
"ENSG00000201633",95
"ENSG00000201634",76
"ENSG00000201635",112
"ENSG00000201638",94
"ENSG00000201640",305
"ENSG00000201641",110
"ENSG00000201642",107
"ENSG00000201643",135
"ENSG00000201644",94
"ENSG00000201648",135
"ENSG00000201649",95
"ENSG00000201654",107
"ENSG00000201658",107
"ENSG00000201659",156
"ENSG00000201660",130
"ENSG00000201662",103
"ENSG00000201663",102
"ENSG00000201665",319
"ENSG00000201666",70
"ENSG00000201668",112
"ENSG00000201671",99
"ENSG00000201672",75
"ENSG00000201674",214
"ENSG00000201675",84
"ENSG00000201676",102
"ENSG00000201679",81
"ENSG00000201680",102
"ENSG00000201683",102
"ENSG00000201684",295
"ENSG00000201687",104
"ENSG00000201689",70
"ENSG00000201690",117
"ENSG00000201695",118
"ENSG00000201699",162
"ENSG00000201700",72
"ENSG00000201701",128
"ENSG00000201704",120
"ENSG00000201707",108
"ENSG00000201708",113
"ENSG00000201709",107
"ENSG00000201710",75
"ENSG00000201711",107
"ENSG00000201713",120
"ENSG00000201715",340
"ENSG00000201723",94
"ENSG00000201724",92
"ENSG00000201725",107
"ENSG00000201727",136
"ENSG00000201728",117
"ENSG00000201733",140
"ENSG00000201736",120
"ENSG00000201737",167
"ENSG00000201741",79
"ENSG00000201742",108
"ENSG00000201744",107
"ENSG00000201746",107
"ENSG00000201747",106
"ENSG00000201749",114
"ENSG00000201752",107
"ENSG00000201754",67
"ENSG00000201756",113
"ENSG00000201758",307
"ENSG00000201761",107
"ENSG00000201763",126
"ENSG00000201766",100
"ENSG00000201770",104
"ENSG00000201772",137
"ENSG00000201774",97
"ENSG00000201775",105
"ENSG00000201778",93
"ENSG00000201780",107
"ENSG00000201782",300
"ENSG00000201785",76
"ENSG00000201786",102
"ENSG00000201788",102
"ENSG00000201789",101
"ENSG00000201790",115
"ENSG00000201791",119
"ENSG00000201793",299
"ENSG00000201794",301
"ENSG00000201796",101
"ENSG00000201800",108
"ENSG00000201801",120
"ENSG00000201805",107
"ENSG00000201806",141
"ENSG00000201807",134
"ENSG00000201809",135
"ENSG00000201810",136
"ENSG00000201811",134
"ENSG00000201812",116
"ENSG00000201813",103
"ENSG00000201815",106
"ENSG00000201816",201
"ENSG00000201818",96
"ENSG00000201820",91
"ENSG00000201821",139
"ENSG00000201822",92
"ENSG00000201823",64
"ENSG00000201825",107
"ENSG00000201826",107
"ENSG00000201827",130
"ENSG00000201830",107
"ENSG00000201831",82
"ENSG00000201839",75
"ENSG00000201843",94
"ENSG00000201846",102
"ENSG00000201847",69
"ENSG00000201850",95
"ENSG00000201852",107
"ENSG00000201856",107
"ENSG00000201860",103
"ENSG00000201861",111
"ENSG00000201863",124
"ENSG00000201867",102
"ENSG00000201868",94
"ENSG00000201869",102
"ENSG00000201875",329
"ENSG00000201876",84
"ENSG00000201881",112
"ENSG00000201882",70
"ENSG00000201884",101
"ENSG00000201885",102
"ENSG00000201892",117
"ENSG00000201894",108
"ENSG00000201896",316
"ENSG00000201898",127
"ENSG00000201899",72
"ENSG00000201900",105
"ENSG00000201901",328
"ENSG00000201907",82
"ENSG00000201909",107
"ENSG00000201910",165
"ENSG00000201912",330
"ENSG00000201913",101
"ENSG00000201916",111
"ENSG00000201919",104
"ENSG00000201920",107
"ENSG00000201922",165
"ENSG00000201923",119
"ENSG00000201925",119
"ENSG00000201931",118
"ENSG00000201933",113
"ENSG00000201938",96
"ENSG00000201939",126
"ENSG00000201942",115
"ENSG00000201943",81
"ENSG00000201944",132
"ENSG00000201945",132
"ENSG00000201950",72
"ENSG00000201954",104
"ENSG00000201955",102
"ENSG00000201957",128
"ENSG00000201959",102
"ENSG00000201962",109
"ENSG00000201965",103
"ENSG00000201966",150
"ENSG00000201967",293
"ENSG00000201968",114
"ENSG00000201969",82
"ENSG00000201980",153
"ENSG00000201984",102
"ENSG00000201987",102
"ENSG00000201988",111
"ENSG00000201990",103
"ENSG00000201992",82
"ENSG00000201998",182
"ENSG00000201999",132
"ENSG00000202000",165
"ENSG00000202001",97
"ENSG00000202008",92
"ENSG00000202014",102
"ENSG00000202016",108
"ENSG00000202017",105
"ENSG00000202019",102
"ENSG00000202021",102
"ENSG00000202023",76
"ENSG00000202024",107
"ENSG00000202025",104
"ENSG00000202026",101
"ENSG00000202027",109
"ENSG00000202029",107
"ENSG00000202031",70
"ENSG00000202034",98
"ENSG00000202035",102
"ENSG00000202039",102
"ENSG00000202041",122
"ENSG00000202044",120
"ENSG00000202046",113
"ENSG00000202047",108
"ENSG00000202048",72
"ENSG00000202050",104
"ENSG00000202051",106
"ENSG00000202054",110
"ENSG00000202056",109
"ENSG00000202058",283
"ENSG00000202059",134
"ENSG00000202060",119
"ENSG00000202063",109
"ENSG00000202069",138
"ENSG00000202070",107
"ENSG00000202071",102
"ENSG00000202074",103
"ENSG00000202078",113
"ENSG00000202079",107
"ENSG00000202081",107
"ENSG00000202082",101
"ENSG00000202089",99
"ENSG00000202092",118
"ENSG00000202093",64
"ENSG00000202095",107
"ENSG00000202099",104
"ENSG00000202100",109
"ENSG00000202103",139
"ENSG00000202111",89
"ENSG00000202112",106
"ENSG00000202119",107
"ENSG00000202124",95
"ENSG00000202125",165
"ENSG00000202137",102
"ENSG00000202141",113
"ENSG00000202142",72
"ENSG00000202144",102
"ENSG00000202146",112
"ENSG00000202147",119
"ENSG00000202150",104
"ENSG00000202151",93
"ENSG00000202157",132
"ENSG00000202159",107
"ENSG00000202160",117
"ENSG00000202164",118
"ENSG00000202167",166
"ENSG00000202169",96
"ENSG00000202172",105
"ENSG00000202174",152
"ENSG00000202175",116
"ENSG00000202177",109
"ENSG00000202182",102
"ENSG00000202183",147
"ENSG00000202184",105
"ENSG00000202186",104
"ENSG00000202187",135
"ENSG00000202188",82
"ENSG00000202189",129
"ENSG00000202190",114
"ENSG00000202191",69
"ENSG00000202193",119
"ENSG00000202195",102
"ENSG00000202198",331
"ENSG00000202199",160
"ENSG00000202200",92
"ENSG00000202205",101
"ENSG00000202206",107
"ENSG00000202211",102
"ENSG00000202215",176
"ENSG00000202216",126
"ENSG00000202217",328
"ENSG00000202222",113
"ENSG00000202224",112
"ENSG00000202225",128
"ENSG00000202227",103
"ENSG00000202229",106
"ENSG00000202231",133
"ENSG00000202233",227
"ENSG00000202237",106
"ENSG00000202239",105
"ENSG00000202240",107
"ENSG00000202241",303
"ENSG00000202242",104
"ENSG00000202245",104
"ENSG00000202249",116
"ENSG00000202251",112
"ENSG00000202252",88
"ENSG00000202254",92
"ENSG00000202255",112
"ENSG00000202257",119
"ENSG00000202259",103
"ENSG00000202260",305
"ENSG00000202261",82
"ENSG00000202263",109
"ENSG00000202264",120
"ENSG00000202265",98
"ENSG00000202268",212
"ENSG00000202269",135
"ENSG00000202270",75
"ENSG00000202272",101
"ENSG00000202273",103
"ENSG00000202275",77
"ENSG00000202276",102
"ENSG00000202279",98
"ENSG00000202281",114
"ENSG00000202283",134
"ENSG00000202285",107
"ENSG00000202290",130
"ENSG00000202293",72
"ENSG00000202296",107
"ENSG00000202297",102
"ENSG00000202300",104
"ENSG00000202304",107
"ENSG00000202306",96
"ENSG00000202308",107
"ENSG00000202309",102
"ENSG00000202310",108
"ENSG00000202313",163
"ENSG00000202314",73
"ENSG00000202317",164
"ENSG00000202318",111
"ENSG00000202322",119
"ENSG00000202324",123
"ENSG00000202329",107
"ENSG00000202331",116
"ENSG00000202332",98
"ENSG00000202334",120
"ENSG00000202335",70
"ENSG00000202336",108
"ENSG00000202337",107
"ENSG00000202339",141
"ENSG00000202341",102
"ENSG00000202343",135
"ENSG00000202344",361
"ENSG00000202345",113
"ENSG00000202347",164
"ENSG00000202350",107
"ENSG00000202351",310
"ENSG00000202354",102
"ENSG00000202356",98
"ENSG00000202357",109
"ENSG00000202358",107
"ENSG00000202360",355
"ENSG00000202361",99
"ENSG00000202363",153
"ENSG00000202368",102
"ENSG00000202373",82
"ENSG00000202374",151
"ENSG00000202377",128
"ENSG00000202379",134
"ENSG00000202380",158
"ENSG00000202382",102
"ENSG00000202383",117
"ENSG00000202385",120
"ENSG00000202386",117
"ENSG00000202388",110
"ENSG00000202389",135
"ENSG00000202392",317
"ENSG00000202395",307
"ENSG00000202398",109
"ENSG00000202399",113
"ENSG00000202400",70
"ENSG00000202402",101
"ENSG00000202406",330
"ENSG00000202407",102
"ENSG00000202408",156
"ENSG00000202410",102
"ENSG00000202411",109
"ENSG00000202412",102
"ENSG00000202414",101
"ENSG00000202415",319
"ENSG00000202417",113
"ENSG00000202422",115
"ENSG00000202423",106
"ENSG00000202427",107
"ENSG00000202428",107
"ENSG00000202429",182
"ENSG00000202430",109
"ENSG00000202431",103
"ENSG00000202433",107
"ENSG00000202434",137
"ENSG00000202438",117
"ENSG00000202440",69
"ENSG00000202441",96
"ENSG00000202444",115
"ENSG00000202445",107
"ENSG00000202449",123
"ENSG00000202459",108
"ENSG00000202461",113
"ENSG00000202468",141
"ENSG00000202469",102
"ENSG00000202470",103
"ENSG00000202471",151
"ENSG00000202472",127
"ENSG00000202473",331
"ENSG00000202474",119
"ENSG00000202476",101
"ENSG00000202478",104
"ENSG00000202479",90
"ENSG00000202485",107
"ENSG00000202490",102
"ENSG00000202491",103
"ENSG00000202495",101
"ENSG00000202497",104
"ENSG00000202498",92
"ENSG00000202499",82
"ENSG00000202502",117
"ENSG00000202503",71
"ENSG00000202508",108
"ENSG00000202512",335
"ENSG00000202513",106
"ENSG00000202514",108
"ENSG00000202515",89
"ENSG00000202517",134
"ENSG00000202521",119
"ENSG00000202522",113
"ENSG00000202523",102
"ENSG00000202526",119
"ENSG00000202528",111
"ENSG00000202529",72
"ENSG00000202532",106
"ENSG00000202533",111
"ENSG00000202534",107
"ENSG00000202536",102
"ENSG00000202537",134
"ENSG00000202538",141
"ENSG00000202542",114
"ENSG00000202560",78
"ENSG00000202566",85
"ENSG00000202569",73
"ENSG00000202601",98
"ENSG00000202609",83
"ENSG00000203258",566
"ENSG00000203262",1110
"ENSG00000203266",1574
"ENSG00000203279",11237
"ENSG00000203280",1216
"ENSG00000203286",282
"ENSG00000203288",1675
"ENSG00000203307",594
"ENSG00000203321",2421
"ENSG00000203325",624
"ENSG00000203326",7193
"ENSG00000203327",916
"ENSG00000203334",2080
"ENSG00000203335",5006
"ENSG00000203356",3477
"ENSG00000203362",990
"ENSG00000203363",995
"ENSG00000203364",410
"ENSG00000203387",1096
"ENSG00000203392",2205
"ENSG00000203395",1416
"ENSG00000203396",1077
"ENSG00000203397",510
"ENSG00000203402",477
"ENSG00000203408",913
"ENSG00000203411",298
"ENSG00000203413",1090
"ENSG00000203414",1453
"ENSG00000203416",333
"ENSG00000203434",575
"ENSG00000203435",1422
"ENSG00000203436",281
"ENSG00000203437",781
"ENSG00000203446",1771
"ENSG00000203462",340
"ENSG00000203469",467
"ENSG00000203472",573
"ENSG00000203485",13627
"ENSG00000203489",880
"ENSG00000203492",937
"ENSG00000203496",727
"ENSG00000203497",2529
"ENSG00000203498",690
"ENSG00000203499",4984
"ENSG00000203506",2303
"ENSG00000203523",910
"ENSG00000203527",1951
"ENSG00000203531",862
"ENSG00000203546",4422
"ENSG00000203560",932
"ENSG00000203565",2639
"ENSG00000203573",298
"ENSG00000203581",933
"ENSG00000203585",3727
"ENSG00000203588",542
"ENSG00000203593",924
"ENSG00000203601",2793
"ENSG00000203605",823
"ENSG00000203616",333
"ENSG00000203618",959
"ENSG00000203620",2902
"ENSG00000203635",1641
"ENSG00000203643",1605
"ENSG00000203644",910
"ENSG00000203645",5162
"ENSG00000203647",431
"ENSG00000203648",732
"ENSG00000203650",8638
"ENSG00000203661",2525
"ENSG00000203663",4375
"ENSG00000203664",963
"ENSG00000203666",8628
"ENSG00000203667",4570
"ENSG00000203668",7778
"ENSG00000203684",850
"ENSG00000203685",7834
"ENSG00000203688",8492
"ENSG00000203690",1561
"ENSG00000203697",5174
"ENSG00000203705",3992
"ENSG00000203706",1719
"ENSG00000203709",16225
"ENSG00000203710",12583
"ENSG00000203711",6298
"ENSG00000203721",9754
"ENSG00000203722",1486
"ENSG00000203724",628
"ENSG00000203727",6557
"ENSG00000203729",740
"ENSG00000203730",2551
"ENSG00000203733",1288
"ENSG00000203734",4663
"ENSG00000203737",1582
"ENSG00000203739",5247
"ENSG00000203740",2322
"ENSG00000203747",4950
"ENSG00000203756",714
"ENSG00000203757",1875
"ENSG00000203758",947
"ENSG00000203760",854
"ENSG00000203761",1709
"ENSG00000203772",3185
"ENSG00000203778",2551
"ENSG00000203780",3359
"ENSG00000203781",275
"ENSG00000203782",1245
"ENSG00000203783",1222
"ENSG00000203784",536
"ENSG00000203785",735
"ENSG00000203786",2531
"ENSG00000203791",5820
"ENSG00000203795",687
"ENSG00000203797",2143
"ENSG00000203799",6670
"ENSG00000203801",7373
"ENSG00000203804",1914
"ENSG00000203805",3722
"ENSG00000203808",12061
"ENSG00000203809",5120
"ENSG00000203811",522
"ENSG00000203814",1798
"ENSG00000203825",2594
"ENSG00000203837",2374
"ENSG00000203852",518
"ENSG00000203855",1120
"ENSG00000203857",2443
"ENSG00000203858",1118
"ENSG00000203859",2277
"ENSG00000203864",386
"ENSG00000203865",14104
"ENSG00000203867",8225
"ENSG00000203870",1225
"ENSG00000203872",2920
"ENSG00000203875",12720
"ENSG00000203876",10229
"ENSG00000203877",4078
"ENSG00000203878",1449
"ENSG00000203879",5256
"ENSG00000203880",7880
"ENSG00000203883",1862
"ENSG00000203896",2550
"ENSG00000203897",914
"ENSG00000203900",3410
"ENSG00000203907",1572
"ENSG00000203908",1037
"ENSG00000203909",659
"ENSG00000203910",1086
"ENSG00000203914",1567
"ENSG00000203923",697
"ENSG00000203926",408
"ENSG00000203930",29727
"ENSG00000203933",1279
"ENSG00000203942",1214
"ENSG00000203943",3405
"ENSG00000203950",1265
"ENSG00000203952",2703
"ENSG00000203963",5022
"ENSG00000203965",5704
"ENSG00000203970",531
"ENSG00000203971",2281
"ENSG00000203972",2190
"ENSG00000203985",2376
"ENSG00000203987",4632
"ENSG00000203989",1257
"ENSG00000203993",3581
"ENSG00000203995",4694
"ENSG00000203999",5576
"ENSG00000204001",3055
"ENSG00000204003",2651
"ENSG00000204006",1114
"ENSG00000204007",1534
"ENSG00000204010",1972
"ENSG00000204011",566
"ENSG00000204019",517
"ENSG00000204020",5627
"ENSG00000204021",1303
"ENSG00000204022",4528
"ENSG00000204025",3029
"ENSG00000204031",223
"ENSG00000204033",3056
"ENSG00000204044",2244
"ENSG00000204049",1933
"ENSG00000204052",1782
"ENSG00000204053",1075
"ENSG00000204054",15307
"ENSG00000204055",5742
"ENSG00000204060",2495
"ENSG00000204065",1046
"ENSG00000204070",6000
"ENSG00000204071",1373
"ENSG00000204072",562
"ENSG00000204084",8926
"ENSG00000204086",1560
"ENSG00000204091",5688
"ENSG00000204099",4449
"ENSG00000204103",3389
"ENSG00000204104",4614
"ENSG00000204110",3361
"ENSG00000204113",1225
"ENSG00000204116",6951
"ENSG00000204117",2200
"ENSG00000204118",1222
"ENSG00000204120",15476
"ENSG00000204121",1742
"ENSG00000204128",3818
"ENSG00000204130",8137
"ENSG00000204131",17675
"ENSG00000204136",4318
"ENSG00000204138",7317
"ENSG00000204140",786
"ENSG00000204147",6481
"ENSG00000204148",10497
"ENSG00000204149",5738
"ENSG00000204152",3040
"ENSG00000204160",5460
"ENSG00000204161",4123
"ENSG00000204165",1128
"ENSG00000204172",2387
"ENSG00000204173",585
"ENSG00000204174",2033
"ENSG00000204175",9435
"ENSG00000204176",7160
"ENSG00000204177",1332
"ENSG00000204178",3979
"ENSG00000204179",4506
"ENSG00000204183",1734
"ENSG00000204186",10901
"ENSG00000204188",887
"ENSG00000204193",2190
"ENSG00000204194",498
"ENSG00000204195",1466
"ENSG00000204196",498
"ENSG00000204209",3084
"ENSG00000204217",12502
"ENSG00000204219",3675
"ENSG00000204220",2953
"ENSG00000204227",1813
"ENSG00000204228",1158
"ENSG00000204231",3897
"ENSG00000204237",1600
"ENSG00000204241",9059
"ENSG00000204246",1108
"ENSG00000204248",7364
"ENSG00000204250",1150
"ENSG00000204252",3987
"ENSG00000204253",881
"ENSG00000204256",8893
"ENSG00000204257",2520
"ENSG00000204261",2423
"ENSG00000204262",7319
"ENSG00000204264",3480
"ENSG00000204267",10357
"ENSG00000204271",15841
"ENSG00000204272",2506
"ENSG00000204277",3102
"ENSG00000204278",2995
"ENSG00000204279",826
"ENSG00000204283",8321
"ENSG00000204287",1244
"ENSG00000204290",1572
"ENSG00000204291",6637
"ENSG00000204296",2440
"ENSG00000204300",1141
"ENSG00000204301",9748
"ENSG00000204304",4368
"ENSG00000204305",2075
"ENSG00000204308",1127
"ENSG00000204310",3593
"ENSG00000204311",4481
"ENSG00000204314",3126
"ENSG00000204315",1342
"ENSG00000204316",3342
"ENSG00000204323",5117
"ENSG00000204334",4104
"ENSG00000204335",2074
"ENSG00000204338",1481
"ENSG00000204344",3954
"ENSG00000204345",1303
"ENSG00000204347",1727
"ENSG00000204348",2481
"ENSG00000204351",5998
"ENSG00000204352",467
"ENSG00000204356",2647
"ENSG00000204361",1868
"ENSG00000204362",5309
"ENSG00000204363",642
"ENSG00000204366",1963
"ENSG00000204368",873
"ENSG00000204370",3067
"ENSG00000204371",7300
"ENSG00000204379",939
"ENSG00000204380",6989
"ENSG00000204381",3144
"ENSG00000204382",1307
"ENSG00000204385",3369
"ENSG00000204386",5417
"ENSG00000204387",4388
"ENSG00000204388",2517
"ENSG00000204389",2404
"ENSG00000204390",2762
"ENSG00000204392",1059
"ENSG00000204393",1493
"ENSG00000204394",5880
"ENSG00000204396",3672
"ENSG00000204397",3881
"ENSG00000204399",114
"ENSG00000204403",1786
"ENSG00000204406",24403
"ENSG00000204410",6284
"ENSG00000204414",1745
"ENSG00000204420",2937
"ENSG00000204421",1004
"ENSG00000204422",2332
"ENSG00000204424",1023
"ENSG00000204427",4059
"ENSG00000204428",3311
"ENSG00000204429",775
"ENSG00000204434",3569
"ENSG00000204435",3788
"ENSG00000204437",1002
"ENSG00000204438",3243
"ENSG00000204439",2481
"ENSG00000204442",9264
"ENSG00000204444",1237
"ENSG00000204446",3765
"ENSG00000204449",2163
"ENSG00000204450",1653
"ENSG00000204455",1359
"ENSG00000204456",755
"ENSG00000204460",2213
"ENSG00000204463",6323
"ENSG00000204464",928
"ENSG00000204469",9120
"ENSG00000204471",1075
"ENSG00000204472",1243
"ENSG00000204475",1233
"ENSG00000204478",1597
"ENSG00000204479",1578
"ENSG00000204480",2123
"ENSG00000204481",2443
"ENSG00000204482",2281
"ENSG00000204498",1752
"ENSG00000204501",1865
"ENSG00000204505",2465
"ENSG00000204510",1909
"ENSG00000204511",710
"ENSG00000204514",13421
"ENSG00000204516",2798
"ENSG00000204518",2027
"ENSG00000204519",4703
"ENSG00000204520",3851
"ENSG00000204524",10169
"ENSG00000204525",2507
"ENSG00000204528",686
"ENSG00000204529",1918
"ENSG00000204531",2870
"ENSG00000204532",1929
"ENSG00000204536",5193
"ENSG00000204538",868
"ENSG00000204539",2555
"ENSG00000204540",5781
"ENSG00000204542",1156
"ENSG00000204544",3793
"ENSG00000204547",197
"ENSG00000204548",579
"ENSG00000204555",212
"ENSG00000204556",353
"ENSG00000204560",3977
"ENSG00000204564",2118
"ENSG00000204568",1757
"ENSG00000204569",5202
"ENSG00000204571",1401
"ENSG00000204572",1173
"ENSG00000204574",4496
"ENSG00000204576",3887
"ENSG00000204577",3736
"ENSG00000204580",9122
"ENSG00000204581",5839
"ENSG00000204583",1856
"ENSG00000204584",2100
"ENSG00000204588",5093
"ENSG00000204590",7957
"ENSG00000204592",2922
"ENSG00000204595",948
"ENSG00000204599",4226
"ENSG00000204603",5946
"ENSG00000204604",5279
"ENSG00000204610",2512
"ENSG00000204611",4907
"ENSG00000204612",1299
"ENSG00000204613",3825
"ENSG00000204614",2481
"ENSG00000204616",3519
"ENSG00000204618",2168
"ENSG00000204619",2428
"ENSG00000204620",1014
"ENSG00000204622",1087
"ENSG00000204623",1074
"ENSG00000204624",6120
"ENSG00000204625",2350
"ENSG00000204628",5740
"ENSG00000204632",1763
"ENSG00000204634",6417
"ENSG00000204637",336
"ENSG00000204640",485
"ENSG00000204642",4315
"ENSG00000204644",2085
"ENSG00000204648",591
"ENSG00000204650",288
"ENSG00000204652",348
"ENSG00000204653",1681
"ENSG00000204655",3175
"ENSG00000204657",3276
"ENSG00000204658",320
"ENSG00000204659",868
"ENSG00000204661",4016
"ENSG00000204662",444
"ENSG00000204663",428
"ENSG00000204666",1625
"ENSG00000204669",1757
"ENSG00000204670",288
"ENSG00000204671",927
"ENSG00000204673",5737
"ENSG00000204677",25699
"ENSG00000204681",8454
"ENSG00000204682",4336
"ENSG00000204684",5948
"ENSG00000204685",4738
"ENSG00000204687",1260
"ENSG00000204688",3734
"ENSG00000204694",2949
"ENSG00000204695",6479
"ENSG00000204697",879
"ENSG00000204699",1024
"ENSG00000204700",2708
"ENSG00000204701",3821
"ENSG00000204702",2462
"ENSG00000204703",1106
"ENSG00000204704",963
"ENSG00000204705",1191
"ENSG00000204706",14245
"ENSG00000204709",1473
"ENSG00000204710",1042
"ENSG00000204711",1250
"ENSG00000204713",7985
"ENSG00000204718",709
"ENSG00000204740",7751
"ENSG00000204745",3795
"ENSG00000204754",2640
"ENSG00000204758",3220
"ENSG00000204764",10965
"ENSG00000204767",5715
"ENSG00000204776",348
"ENSG00000204778",655
"ENSG00000204779",3109
"ENSG00000204780",284
"ENSG00000204787",496
"ENSG00000204789",1603
"ENSG00000204790",386
"ENSG00000204791",1374
"ENSG00000204792",9832
"ENSG00000204801",299
"ENSG00000204802",6004
"ENSG00000204814",1053
"ENSG00000204815",3370
"ENSG00000204816",291
"ENSG00000204818",1659
"ENSG00000204822",685
"ENSG00000204832",5857
"ENSG00000204837",303
"ENSG00000204839",4204
"ENSG00000204842",16540
"ENSG00000204843",10439
"ENSG00000204849",4357
"ENSG00000204850",1995
"ENSG00000204851",4887
"ENSG00000204852",12558
"ENSG00000204856",2702
"ENSG00000204859",4510
"ENSG00000204860",3879
"ENSG00000204866",2430
"ENSG00000204869",4277
"ENSG00000204872",765
"ENSG00000204873",1006
"ENSG00000204876",6346
"ENSG00000204880",1162
"ENSG00000204882",1564
"ENSG00000204887",845
"ENSG00000204889",2266
"ENSG00000204894",90
"ENSG00000204897",1669
"ENSG00000204899",2231
"ENSG00000204904",1786
"ENSG00000204909",844
"ENSG00000204913",1350
"ENSG00000204915",937
"ENSG00000204918",1847
"ENSG00000204919",1847
"ENSG00000204920",3455
"ENSG00000204922",2397
"ENSG00000204923",5699
"ENSG00000204928",2194
"ENSG00000204929",22077
"ENSG00000204930",3941
"ENSG00000204933",935
"ENSG00000204934",3802
"ENSG00000204936",2474
"ENSG00000204941",4678
"ENSG00000204946",6723
"ENSG00000204947",3665
"ENSG00000204949",3328
"ENSG00000204950",2270
"ENSG00000204952",2303
"ENSG00000204954",4435
"ENSG00000204956",6303
"ENSG00000204959",4532
"ENSG00000204960",2456
"ENSG00000204961",9769
"ENSG00000204962",5485
"ENSG00000204963",5791
"ENSG00000204965",7117
"ENSG00000204967",13426
"ENSG00000204969",6057
"ENSG00000204970",5595
"ENSG00000204971",975
"ENSG00000204977",8096
"ENSG00000204978",948
"ENSG00000204979",1310
"ENSG00000204982",162
"ENSG00000204983",1872
"ENSG00000204989",930
"ENSG00000204990",1439
"ENSG00000204991",7999
"ENSG00000204993",1875
"ENSG00000205002",2404
"ENSG00000205015",1700
"ENSG00000205018",1812
"ENSG00000205022",1314
"ENSG00000205025",939
"ENSG00000205029",987
"ENSG00000205030",936
"ENSG00000205035",2194
"ENSG00000205037",7639
"ENSG00000205038",20621
"ENSG00000205041",1462
"ENSG00000205044",1353
"ENSG00000205045",14248
"ENSG00000205054",7024
"ENSG00000205056",10834
"ENSG00000205057",840
"ENSG00000205060",6988
"ENSG00000205076",823
"ENSG00000205078",1233
"ENSG00000205084",7074
"ENSG00000205085",6920
"ENSG00000205086",4356
"ENSG00000205089",3181
"ENSG00000205090",2009
"ENSG00000205097",2087
"ENSG00000205100",2228
"ENSG00000205105",192
"ENSG00000205106",1628
"ENSG00000205108",4248
"ENSG00000205111",2959
"ENSG00000205116",3217
"ENSG00000205126",1867
"ENSG00000205129",1366
"ENSG00000205133",6721
"ENSG00000205138",1125
"ENSG00000205143",2331
"ENSG00000205155",1359
"ENSG00000205174",435
"ENSG00000205176",1974
"ENSG00000205177",916
"ENSG00000205181",10527
"ENSG00000205184",1306
"ENSG00000205186",585
"ENSG00000205189",10216
"ENSG00000205208",3630
"ENSG00000205209",7135
"ENSG00000205212",415
"ENSG00000205213",6355
"ENSG00000205215",1104
"ENSG00000205220",1626
"ENSG00000205221",3712
"ENSG00000205231",3532
"ENSG00000205236",3569
"ENSG00000205238",3312
"ENSG00000205240",954
"ENSG00000205250",3596
"ENSG00000205266",839
"ENSG00000205267",744
"ENSG00000205268",10601
"ENSG00000205269",8891
"ENSG00000205274",335
"ENSG00000205277",17178
"ENSG00000205279",2067
"ENSG00000205293",5853
"ENSG00000205300",951
"ENSG00000205301",5595
"ENSG00000205302",8606
"ENSG00000205307",1468
"ENSG00000205309",1961
"ENSG00000205312",819
"ENSG00000205318",934
"ENSG00000205323",3365
"ENSG00000205325",5277
"ENSG00000205327",939
"ENSG00000205328",939
"ENSG00000205329",1403
"ENSG00000205330",2061
"ENSG00000205331",892
"ENSG00000205333",2906
"ENSG00000205334",4007
"ENSG00000205336",9011
"ENSG00000205339",7216
"ENSG00000205352",2824
"ENSG00000205356",9047
"ENSG00000205358",723
"ENSG00000205359",2960
"ENSG00000205360",174
"ENSG00000205361",150
"ENSG00000205362",396
"ENSG00000205363",7150
"ENSG00000205364",511
"ENSG00000205396",5735
"ENSG00000205403",5319
"ENSG00000205409",982
"ENSG00000205412",955
"ENSG00000205413",6855
"ENSG00000205414",2469
"ENSG00000205420",2926
"ENSG00000205423",4178
"ENSG00000205424",5034
"ENSG00000205426",1929
"ENSG00000205433",220
"ENSG00000205436",3897
"ENSG00000205439",410
"ENSG00000205442",1294
"ENSG00000205444",1216
"ENSG00000205445",1149
"ENSG00000205449",1143
"ENSG00000205452",2688
"ENSG00000205456",2361
"ENSG00000205457",2336
"ENSG00000205464",1027
"ENSG00000205476",17620
"ENSG00000205482",3077
"ENSG00000205488",10630
"ENSG00000205494",958
"ENSG00000205495",936
"ENSG00000205496",942
"ENSG00000205497",4393
"ENSG00000205500",2598
"ENSG00000205502",1581
"ENSG00000205517",4344
"ENSG00000205531",5200
"ENSG00000205534",4221
"ENSG00000205537",1287
"ENSG00000205542",1703
"ENSG00000205544",667
"ENSG00000205549",714
"ENSG00000205559",4897
"ENSG00000205560",4102
"ENSG00000205562",7493
"ENSG00000205571",2973
"ENSG00000205572",3047
"ENSG00000205578",2475
"ENSG00000205579",269
"ENSG00000205581",5042
"ENSG00000205583",894
"ENSG00000205584",468
"ENSG00000205592",29495
"ENSG00000205593",5887
"ENSG00000205596",415
"ENSG00000205609",3053
"ENSG00000205611",6469
"ENSG00000205622",17280
"ENSG00000205625",1153
"ENSG00000205628",10082
"ENSG00000205629",2604
"ENSG00000205632",5379
"ENSG00000205634",4985
"ENSG00000205636",387
"ENSG00000205639",4522
"ENSG00000205642",1175
"ENSG00000205643",1637
"ENSG00000205644",870
"ENSG00000205649",2035
"ENSG00000205653",2120
"ENSG00000205659",3790
"ENSG00000205667",2482
"ENSG00000205669",1699
"ENSG00000205670",7896
"ENSG00000205678",6023
"ENSG00000205682",2079
"ENSG00000205683",17947
"ENSG00000205693",1667
"ENSG00000205695",1586
"ENSG00000205696",2579
"ENSG00000205702",4270
"ENSG00000205704",1653
"ENSG00000205707",2474
"ENSG00000205710",3410
"ENSG00000205716",399
"ENSG00000205718",774
"ENSG00000205726",21748
"ENSG00000205730",7698
"ENSG00000205740",6792
"ENSG00000205744",4647
"ENSG00000205745",1497
"ENSG00000205746",6405
"ENSG00000205754",2064
"ENSG00000205755",1957
"ENSG00000205758",6177
"ENSG00000205763",1212
"ENSG00000205765",5577
"ENSG00000205767",351
"ENSG00000205771",1579
"ENSG00000205777",3136
"ENSG00000205784",1843
"ENSG00000205786",4163
"ENSG00000205790",5547
"ENSG00000205791",1545
"ENSG00000205794",937
"ENSG00000205795",3154
"ENSG00000205808",2965
"ENSG00000205809",1506
"ENSG00000205810",1145
"ENSG00000205822",1007
"ENSG00000205830",2509
"ENSG00000205832",4017
"ENSG00000205835",3962
"ENSG00000205837",5283
"ENSG00000205838",5577
"ENSG00000205846",1646
"ENSG00000205847",866
"ENSG00000205853",7048
"ENSG00000205856",2055
"ENSG00000205857",996
"ENSG00000205858",1441
"ENSG00000205861",2016
"ENSG00000205863",1583
"ENSG00000205864",561
"ENSG00000205865",1067
"ENSG00000205866",3300
"ENSG00000205867",1118
"ENSG00000205869",942
"ENSG00000205871",792
"ENSG00000205879",1395
"ENSG00000205882",1117
"ENSG00000205883",299
"ENSG00000205884",237
"ENSG00000205885",7250
"ENSG00000205890",3061
"ENSG00000205897",1015
"ENSG00000205898",574
"ENSG00000205899",1372
"ENSG00000205903",7662
"ENSG00000205913",7852
"ENSG00000205916",4348
"ENSG00000205918",1191
"ENSG00000205922",7185
"ENSG00000205923",1383
"ENSG00000205927",3262
"ENSG00000205929",4121
"ENSG00000205930",15444
"ENSG00000205936",639
"ENSG00000205937",8567
"ENSG00000205940",2176
"ENSG00000205944",4151
"ENSG00000205946",1197
"ENSG00000205955",2192
"ENSG00000205959",4513
"ENSG00000205971",1455
"ENSG00000205976",2465
"ENSG00000205978",7733
"ENSG00000205981",4895
"ENSG00000205989",533
"ENSG00000206013",736
"ENSG00000206014",967
"ENSG00000206026",4009
"ENSG00000206028",2902
"ENSG00000206034",533
"ENSG00000206042",285
"ENSG00000206043",5103
"ENSG00000206047",498
"ENSG00000206052",9554
"ENSG00000206053",4768
"ENSG00000206062",741
"ENSG00000206066",434
"ENSG00000206069",979
"ENSG00000206072",3694
"ENSG00000206073",1971
"ENSG00000206075",3742
"ENSG00000206077",7690
"ENSG00000206090",532
"ENSG00000206102",318
"ENSG00000206104",273
"ENSG00000206105",224
"ENSG00000206106",293
"ENSG00000206107",682
"ENSG00000206113",5073
"ENSG00000206120",1563
"ENSG00000206127",5358
"ENSG00000206140",4299
"ENSG00000206142",6627
"ENSG00000206144",2156
"ENSG00000206145",357
"ENSG00000206147",466
"ENSG00000206149",5187
"ENSG00000206150",1631
"ENSG00000206159",149
"ENSG00000206168",339
"ENSG00000206172",835
"ENSG00000206177",912
"ENSG00000206178",429
"ENSG00000206181",3095
"ENSG00000206187",8910
"ENSG00000206190",20675
"ENSG00000206192",2978
"ENSG00000206195",14689
"ENSG00000206199",6544
"ENSG00000206203",1315
"ENSG00000206228",756
"ENSG00000206249",2155
"ENSG00000206260",2307
"ENSG00000206262",5123
"ENSG00000206337",12387
"ENSG00000206341",1096
"ENSG00000206344",4729
"ENSG00000206356",2964
"ENSG00000206384",8830
"ENSG00000206417",7794
"ENSG00000206418",2477
"ENSG00000206422",956
"ENSG00000206432",10680
"ENSG00000206448",519
"ENSG00000206474",1672
"ENSG00000206503",6223
"ENSG00000206527",5219
"ENSG00000206530",12160
"ENSG00000206531",1703
"ENSG00000206535",1910
"ENSG00000206536",966
"ENSG00000206538",12740
"ENSG00000206549",2960
"ENSG00000206552",2134
"ENSG00000206557",8704
"ENSG00000206559",4533
"ENSG00000206560",11276
"ENSG00000206561",9237
"ENSG00000206562",6975
"ENSG00000206567",4950
"ENSG00000206573",10321
"ENSG00000206579",20241
"ENSG00000206582",97
"ENSG00000206583",107
"ENSG00000206585",164
"ENSG00000206587",107
"ENSG00000206588",164
"ENSG00000206589",107
"ENSG00000206590",107
"ENSG00000206592",132
"ENSG00000206593",107
"ENSG00000206595",107
"ENSG00000206596",164
"ENSG00000206597",149
"ENSG00000206598",107
"ENSG00000206599",107
"ENSG00000206600",107
"ENSG00000206601",107
"ENSG00000206602",65
"ENSG00000206603",138
"ENSG00000206604",102
"ENSG00000206605",107
"ENSG00000206606",107
"ENSG00000206609",92
"ENSG00000206611",75
"ENSG00000206612",135
"ENSG00000206613",109
"ENSG00000206614",107
"ENSG00000206615",105
"ENSG00000206616",107
"ENSG00000206617",115
"ENSG00000206618",107
"ENSG00000206620",79
"ENSG00000206621",92
"ENSG00000206622",132
"ENSG00000206623",107
"ENSG00000206624",165
"ENSG00000206625",107
"ENSG00000206627",105
"ENSG00000206629",164
"ENSG00000206630",83
"ENSG00000206631",107
"ENSG00000206633",136
"ENSG00000206634",134
"ENSG00000206635",107
"ENSG00000206636",102
"ENSG00000206637",135
"ENSG00000206638",107
"ENSG00000206639",102
"ENSG00000206640",105
"ENSG00000206641",107
"ENSG00000206644",103
"ENSG00000206645",102
"ENSG00000206646",113
"ENSG00000206647",135
"ENSG00000206649",131
"ENSG00000206650",142
"ENSG00000206651",113
"ENSG00000206652",164
"ENSG00000206654",104
"ENSG00000206656",92
"ENSG00000206658",107
"ENSG00000206659",102
"ENSG00000206660",94
"ENSG00000206661",134
"ENSG00000206662",113
"ENSG00000206663",102
"ENSG00000206665",106
"ENSG00000206669",103
"ENSG00000206671",106
"ENSG00000206672",109
"ENSG00000206674",107
"ENSG00000206675",107
"ENSG00000206676",103
"ENSG00000206677",98
"ENSG00000206678",107
"ENSG00000206679",99
"ENSG00000206680",95
"ENSG00000206681",104
"ENSG00000206682",105
"ENSG00000206684",107
"ENSG00000206685",107
"ENSG00000206686",104
"ENSG00000206687",147
"ENSG00000206688",92
"ENSG00000206690",111
"ENSG00000206692",117
"ENSG00000206693",129
"ENSG00000206695",104
"ENSG00000206697",114
"ENSG00000206698",164
"ENSG00000206699",102
"ENSG00000206700",107
"ENSG00000206701",107
"ENSG00000206702",164
"ENSG00000206703",107
"ENSG00000206704",101
"ENSG00000206705",102
"ENSG00000206706",100
"ENSG00000206708",107
"ENSG00000206709",107
"ENSG00000206710",107
"ENSG00000206711",100
"ENSG00000206712",107
"ENSG00000206713",113
"ENSG00000206714",102
"ENSG00000206715",108
"ENSG00000206716",107
"ENSG00000206717",98
"ENSG00000206718",107
"ENSG00000206719",113
"ENSG00000206721",102
"ENSG00000206722",104
"ENSG00000206723",107
"ENSG00000206724",107
"ENSG00000206725",107
"ENSG00000206726",107
"ENSG00000206727",95
"ENSG00000206728",104
"ENSG00000206729",107
"ENSG00000206730",109
"ENSG00000206731",127
"ENSG00000206732",107
"ENSG00000206733",107
"ENSG00000206734",102
"ENSG00000206737",164
"ENSG00000206738",101
"ENSG00000206739",112
"ENSG00000206741",113
"ENSG00000206743",107
"ENSG00000206744",96
"ENSG00000206745",107
"ENSG00000206746",107
"ENSG00000206747",107
"ENSG00000206749",107
"ENSG00000206751",108
"ENSG00000206752",107
"ENSG00000206754",73
"ENSG00000206755",129
"ENSG00000206756",102
"ENSG00000206758",107
"ENSG00000206759",107
"ENSG00000206760",151
"ENSG00000206762",107
"ENSG00000206763",107
"ENSG00000206764",107
"ENSG00000206765",104
"ENSG00000206766",105
"ENSG00000206767",107
"ENSG00000206768",102
"ENSG00000206769",109
"ENSG00000206770",110
"ENSG00000206772",107
"ENSG00000206774",107
"ENSG00000206775",66
"ENSG00000206776",122
"ENSG00000206777",107
"ENSG00000206778",104
"ENSG00000206779",101
"ENSG00000206780",137
"ENSG00000206781",114
"ENSG00000206782",107
"ENSG00000206784",113
"ENSG00000206785",135
"ENSG00000206786",107
"ENSG00000206787",104
"ENSG00000206788",103
"ENSG00000206790",103
"ENSG00000206791",167
"ENSG00000206792",103
"ENSG00000206795",113
"ENSG00000206796",107
"ENSG00000206797",100
"ENSG00000206799",121
"ENSG00000206800",101
"ENSG00000206801",107
"ENSG00000206802",107
"ENSG00000206803",107
"ENSG00000206804",107
"ENSG00000206805",102
"ENSG00000206806",109
"ENSG00000206807",113
"ENSG00000206808",110
"ENSG00000206811",133
"ENSG00000206812",107
"ENSG00000206813",102
"ENSG00000206814",111
"ENSG00000206815",108
"ENSG00000206816",102
"ENSG00000206817",100
"ENSG00000206818",105
"ENSG00000206819",107
"ENSG00000206820",164
"ENSG00000206822",112
"ENSG00000206824",102
"ENSG00000206826",108
"ENSG00000206827",107
"ENSG00000206828",164
"ENSG00000206832",107
"ENSG00000206833",107
"ENSG00000206834",130
"ENSG00000206835",171
"ENSG00000206836",107
"ENSG00000206838",134
"ENSG00000206839",109
"ENSG00000206840",113
"ENSG00000206841",104
"ENSG00000206842",107
"ENSG00000206843",104
"ENSG00000206844",101
"ENSG00000206845",107
"ENSG00000206846",94
"ENSG00000206847",114
"ENSG00000206848",107
"ENSG00000206849",132
"ENSG00000206850",112
"ENSG00000206852",103
"ENSG00000206853",131
"ENSG00000206854",102
"ENSG00000206855",107
"ENSG00000206857",107
"ENSG00000206858",102
"ENSG00000206859",107
"ENSG00000206862",111
"ENSG00000206863",116
"ENSG00000206864",107
"ENSG00000206865",101
"ENSG00000206866",106
"ENSG00000206867",107
"ENSG00000206869",135
"ENSG00000206870",109
"ENSG00000206871",107
"ENSG00000206875",107
"ENSG00000206877",107
"ENSG00000206878",125
"ENSG00000206880",107
"ENSG00000206881",102
"ENSG00000206882",118
"ENSG00000206885",137
"ENSG00000206886",133
"ENSG00000206887",104
"ENSG00000206888",107
"ENSG00000206889",107
"ENSG00000206891",104
"ENSG00000206892",107
"ENSG00000206895",102
"ENSG00000206896",107
"ENSG00000206897",133
"ENSG00000206898",134
"ENSG00000206899",107
"ENSG00000206900",107
"ENSG00000206901",132
"ENSG00000206903",131
"ENSG00000206905",104
"ENSG00000206906",107
"ENSG00000206907",107
"ENSG00000206908",164
"ENSG00000206909",135
"ENSG00000206910",140
"ENSG00000206911",113
"ENSG00000206912",108
"ENSG00000206913",139
"ENSG00000206914",102
"ENSG00000206915",106
"ENSG00000206917",164
"ENSG00000206918",106
"ENSG00000206920",109
"ENSG00000206921",107
"ENSG00000206922",107
"ENSG00000206923",109
"ENSG00000206924",107
"ENSG00000206925",113
"ENSG00000206926",107
"ENSG00000206927",100
"ENSG00000206929",108
"ENSG00000206931",107
"ENSG00000206932",107
"ENSG00000206935",107
"ENSG00000206936",138
"ENSG00000206937",135
"ENSG00000206938",141
"ENSG00000206939",103
"ENSG00000206941",148
"ENSG00000206944",107
"ENSG00000206947",132
"ENSG00000206948",132
"ENSG00000206949",107
"ENSG00000206950",109
"ENSG00000206951",113
"ENSG00000206952",134
"ENSG00000206954",107
"ENSG00000206957",98
"ENSG00000206958",136
"ENSG00000206959",111
"ENSG00000206960",104
"ENSG00000206961",132
"ENSG00000206962",107
"ENSG00000206963",104
"ENSG00000206964",111
"ENSG00000206965",107
"ENSG00000206967",102
"ENSG00000206969",108
"ENSG00000206970",107
"ENSG00000206972",107
"ENSG00000206973",107
"ENSG00000206974",104
"ENSG00000206975",107
"ENSG00000206976",137
"ENSG00000206977",140
"ENSG00000206978",102
"ENSG00000206979",73
"ENSG00000206980",104
"ENSG00000206981",107
"ENSG00000206982",102
"ENSG00000206983",107
"ENSG00000206985",104
"ENSG00000206987",133
"ENSG00000206989",68
"ENSG00000206990",103
"ENSG00000206991",107
"ENSG00000206992",107
"ENSG00000206995",102
"ENSG00000206996",107
"ENSG00000206997",107
"ENSG00000206998",102
"ENSG00000206999",103
"ENSG00000207000",107
"ENSG00000207001",95
"ENSG00000207002",131
"ENSG00000207003",104
"ENSG00000207004",107
"ENSG00000207005",164
"ENSG00000207007",111
"ENSG00000207008",123
"ENSG00000207009",110
"ENSG00000207010",103
"ENSG00000207011",96
"ENSG00000207012",79
"ENSG00000207013",107
"ENSG00000207014",95
"ENSG00000207016",132
"ENSG00000207019",106
"ENSG00000207020",102
"ENSG00000207021",113
"ENSG00000207022",124
"ENSG00000207023",105
"ENSG00000207024",102
"ENSG00000207025",102
"ENSG00000207026",107
"ENSG00000207027",149
"ENSG00000207029",107
"ENSG00000207031",75
"ENSG00000207032",109
"ENSG00000207033",106
"ENSG00000207034",117
"ENSG00000207036",102
"ENSG00000207037",107
"ENSG00000207039",102
"ENSG00000207041",107
"ENSG00000207042",107
"ENSG00000207044",107
"ENSG00000207045",107
"ENSG00000207046",105
"ENSG00000207047",80
"ENSG00000207049",102
"ENSG00000207051",126
"ENSG00000207052",107
"ENSG00000207053",106
"ENSG00000207056",165
"ENSG00000207058",106
"ENSG00000207060",107
"ENSG00000207061",102
"ENSG00000207062",135
"ENSG00000207063",95
"ENSG00000207065",116
"ENSG00000207067",132
"ENSG00000207068",107
"ENSG00000207069",102
"ENSG00000207071",107
"ENSG00000207072",107
"ENSG00000207073",101
"ENSG00000207075",108
"ENSG00000207076",107
"ENSG00000207077",108
"ENSG00000207080",108
"ENSG00000207081",107
"ENSG00000207082",107
"ENSG00000207083",107
"ENSG00000207084",132
"ENSG00000207086",107
"ENSG00000207087",107
"ENSG00000207088",139
"ENSG00000207089",107
"ENSG00000207090",110
"ENSG00000207091",101
"ENSG00000207092",102
"ENSG00000207093",95
"ENSG00000207094",140
"ENSG00000207095",105
"ENSG00000207097",107
"ENSG00000207098",135
"ENSG00000207099",107
"ENSG00000207100",139
"ENSG00000207101",102
"ENSG00000207104",107
"ENSG00000207105",111
"ENSG00000207108",101
"ENSG00000207109",69
"ENSG00000207110",164
"ENSG00000207112",134
"ENSG00000207113",107
"ENSG00000207114",107
"ENSG00000207115",107
"ENSG00000207116",108
"ENSG00000207117",103
"ENSG00000207118",87
"ENSG00000207119",209
"ENSG00000207121",108
"ENSG00000207122",106
"ENSG00000207123",102
"ENSG00000207124",106
"ENSG00000207127",107
"ENSG00000207128",107
"ENSG00000207129",119
"ENSG00000207130",135
"ENSG00000207131",113
"ENSG00000207132",102
"ENSG00000207133",95
"ENSG00000207134",107
"ENSG00000207135",107
"ENSG00000207136",104
"ENSG00000207137",92
"ENSG00000207138",107
"ENSG00000207139",101
"ENSG00000207142",102
"ENSG00000207144",104
"ENSG00000207145",132
"ENSG00000207146",107
"ENSG00000207147",136
"ENSG00000207148",102
"ENSG00000207149",101
"ENSG00000207150",107
"ENSG00000207151",102
"ENSG00000207153",107
"ENSG00000207154",164
"ENSG00000207155",108
"ENSG00000207156",107
"ENSG00000207157",101
"ENSG00000207158",107
"ENSG00000207160",106
"ENSG00000207161",111
"ENSG00000207162",107
"ENSG00000207163",107
"ENSG00000207164",112
"ENSG00000207165",135
"ENSG00000207166",133
"ENSG00000207167",107
"ENSG00000207168",133
"ENSG00000207169",107
"ENSG00000207170",102
"ENSG00000207171",131
"ENSG00000207172",104
"ENSG00000207173",101
"ENSG00000207174",92
"ENSG00000207175",164
"ENSG00000207176",98
"ENSG00000207177",134
"ENSG00000207178",107
"ENSG00000207180",107
"ENSG00000207181",135
"ENSG00000207182",163
"ENSG00000207183",104
"ENSG00000207185",106
"ENSG00000207186",108
"ENSG00000207187",133
"ENSG00000207189",102
"ENSG00000207190",107
"ENSG00000207191",95
"ENSG00000207192",107
"ENSG00000207193",100
"ENSG00000207194",108
"ENSG00000207195",111
"ENSG00000207196",103
"ENSG00000207197",92
"ENSG00000207198",104
"ENSG00000207199",69
"ENSG00000207200",107
"ENSG00000207201",162
"ENSG00000207202",103
"ENSG00000207203",107
"ENSG00000207204",107
"ENSG00000207205",165
"ENSG00000207206",107
"ENSG00000207207",113
"ENSG00000207208",105
"ENSG00000207209",102
"ENSG00000207210",104
"ENSG00000207214",104
"ENSG00000207215",214
"ENSG00000207217",135
"ENSG00000207218",102
"ENSG00000207220",166
"ENSG00000207221",135
"ENSG00000207222",107
"ENSG00000207223",102
"ENSG00000207225",107
"ENSG00000207227",102
"ENSG00000207229",99
"ENSG00000207231",114
"ENSG00000207233",129
"ENSG00000207234",107
"ENSG00000207235",99
"ENSG00000207237",104
"ENSG00000207240",114
"ENSG00000207241",84
"ENSG00000207242",106
"ENSG00000207243",103
"ENSG00000207244",134
"ENSG00000207245",83
"ENSG00000207247",102
"ENSG00000207248",107
"ENSG00000207249",129
"ENSG00000207251",104
"ENSG00000207252",100
"ENSG00000207255",104
"ENSG00000207256",107
"ENSG00000207257",107
"ENSG00000207258",112
"ENSG00000207260",107
"ENSG00000207261",106
"ENSG00000207263",92
"ENSG00000207264",107
"ENSG00000207265",112
"ENSG00000207266",107
"ENSG00000207267",107
"ENSG00000207268",135
"ENSG00000207269",329
"ENSG00000207270",107
"ENSG00000207271",124
"ENSG00000207274",135
"ENSG00000207275",106
"ENSG00000207276",104
"ENSG00000207277",118
"ENSG00000207278",107
"ENSG00000207279",92
"ENSG00000207280",80
"ENSG00000207281",106
"ENSG00000207282",113
"ENSG00000207283",102
"ENSG00000207286",102
"ENSG00000207287",107
"ENSG00000207289",107
"ENSG00000207290",114
"ENSG00000207291",107
"ENSG00000207292",113
"ENSG00000207293",102
"ENSG00000207294",100
"ENSG00000207295",107
"ENSG00000207296",108
"ENSG00000207297",97
"ENSG00000207298",112
"ENSG00000207299",71
"ENSG00000207300",113
"ENSG00000207302",110
"ENSG00000207303",102
"ENSG00000207304",139
"ENSG00000207305",108
"ENSG00000207306",107
"ENSG00000207307",106
"ENSG00000207308",110
"ENSG00000207309",139
"ENSG00000207310",107
"ENSG00000207312",108
"ENSG00000207313",137
"ENSG00000207316",119
"ENSG00000207317",101
"ENSG00000207318",108
"ENSG00000207319",121
"ENSG00000207320",113
"ENSG00000207321",107
"ENSG00000207322",164
"ENSG00000207323",106
"ENSG00000207325",115
"ENSG00000207326",114
"ENSG00000207327",107
"ENSG00000207328",107
"ENSG00000207329",112
"ENSG00000207330",107
"ENSG00000207331",106
"ENSG00000207332",108
"ENSG00000207333",105
"ENSG00000207334",107
"ENSG00000207336",106
"ENSG00000207338",107
"ENSG00000207340",164
"ENSG00000207341",107
"ENSG00000207342",99
"ENSG00000207343",103
"ENSG00000207344",134
"ENSG00000207345",107
"ENSG00000207347",107
"ENSG00000207349",164
"ENSG00000207351",113
"ENSG00000207352",101
"ENSG00000207355",110
"ENSG00000207356",109
"ENSG00000207357",107
"ENSG00000207359",104
"ENSG00000207360",106
"ENSG00000207361",104
"ENSG00000207362",107
"ENSG00000207363",102
"ENSG00000207364",107
"ENSG00000207365",107
"ENSG00000207366",107
"ENSG00000207367",107
"ENSG00000207368",111
"ENSG00000207369",107
"ENSG00000207370",113
"ENSG00000207371",111
"ENSG00000207375",92
"ENSG00000207378",107
"ENSG00000207379",107
"ENSG00000207380",113
"ENSG00000207381",107
"ENSG00000207382",105
"ENSG00000207383",101
"ENSG00000207384",119
"ENSG00000207385",107
"ENSG00000207386",105
"ENSG00000207387",102
"ENSG00000207389",164
"ENSG00000207391",102
"ENSG00000207392",132
"ENSG00000207393",107
"ENSG00000207394",107
"ENSG00000207395",112
"ENSG00000207397",107
"ENSG00000207399",107
"ENSG00000207401",102
"ENSG00000207402",107
"ENSG00000207403",102
"ENSG00000207404",110
"ENSG00000207405",134
"ENSG00000207406",132
"ENSG00000207407",136
"ENSG00000207408",113
"ENSG00000207410",139
"ENSG00000207411",107
"ENSG00000207412",107
"ENSG00000207414",107
"ENSG00000207415",107
"ENSG00000207416",113
"ENSG00000207417",107
"ENSG00000207419",142
"ENSG00000207420",102
"ENSG00000207421",67
"ENSG00000207422",107
"ENSG00000207425",100
"ENSG00000207426",113
"ENSG00000207428",107
"ENSG00000207430",133
"ENSG00000207431",70
"ENSG00000207432",133
"ENSG00000207433",107
"ENSG00000207434",107
"ENSG00000207435",105
"ENSG00000207438",108
"ENSG00000207439",106
"ENSG00000207440",110
"ENSG00000207441",107
"ENSG00000207442",96
"ENSG00000207443",107
"ENSG00000207444",71
"ENSG00000207445",146
"ENSG00000207448",104
"ENSG00000207449",107
"ENSG00000207450",101
"ENSG00000207451",107
"ENSG00000207452",111
"ENSG00000207453",107
"ENSG00000207454",104
"ENSG00000207455",107
"ENSG00000207456",107
"ENSG00000207457",107
"ENSG00000207458",106
"ENSG00000207459",107
"ENSG00000207460",92
"ENSG00000207461",105
"ENSG00000207462",106
"ENSG00000207466",101
"ENSG00000207467",106
"ENSG00000207468",128
"ENSG00000207472",107
"ENSG00000207473",113
"ENSG00000207474",110
"ENSG00000207475",137
"ENSG00000207476",107
"ENSG00000207480",103
"ENSG00000207481",101
"ENSG00000207483",107
"ENSG00000207484",98
"ENSG00000207486",107
"ENSG00000207488",98
"ENSG00000207490",104
"ENSG00000207492",107
"ENSG00000207493",135
"ENSG00000207494",105
"ENSG00000207495",102
"ENSG00000207496",139
"ENSG00000207497",95
"ENSG00000207499",102
"ENSG00000207500",72
"ENSG00000207501",164
"ENSG00000207502",134
"ENSG00000207503",121
"ENSG00000207504",107
"ENSG00000207505",107
"ENSG00000207507",107
"ENSG00000207508",107
"ENSG00000207511",107
"ENSG00000207512",102
"ENSG00000207513",164
"ENSG00000207515",106
"ENSG00000207516",128
"ENSG00000207518",107
"ENSG00000207523",133
"ENSG00000207524",107
"ENSG00000207525",101
"ENSG00000207546",97
"ENSG00000207547",84
"ENSG00000207548",110
"ENSG00000207549",87
"ENSG00000207550",70
"ENSG00000207551",100
"ENSG00000207552",98
"ENSG00000207554",96
"ENSG00000207559",96
"ENSG00000207561",98
"ENSG00000207562",77
"ENSG00000207563",97
"ENSG00000207568",110
"ENSG00000207569",93
"ENSG00000207571",96
"ENSG00000207573",97
"ENSG00000207574",89
"ENSG00000207575",97
"ENSG00000207577",96
"ENSG00000207578",75
"ENSG00000207579",95
"ENSG00000207580",83
"ENSG00000207581",110
"ENSG00000207582",88
"ENSG00000207583",96
"ENSG00000207585",137
"ENSG00000207586",100
"ENSG00000207587",91
"ENSG00000207588",100
"ENSG00000207589",115
"ENSG00000207590",110
"ENSG00000207594",85
"ENSG00000207595",110
"ENSG00000207597",128
"ENSG00000207598",87
"ENSG00000207599",87
"ENSG00000207600",97
"ENSG00000207604",86
"ENSG00000207605",92
"ENSG00000207606",96
"ENSG00000207607",90
"ENSG00000207608",97
"ENSG00000207609",84
"ENSG00000207611",89
"ENSG00000207612",94
"ENSG00000207613",110
"ENSG00000207614",88
"ENSG00000207615",83
"ENSG00000207616",83
"ENSG00000207617",81
"ENSG00000207619",94
"ENSG00000207620",90
"ENSG00000207622",99
"ENSG00000207624",85
"ENSG00000207625",84
"ENSG00000207626",95
"ENSG00000207627",96
"ENSG00000207628",97
"ENSG00000207629",85
"ENSG00000207630",110
"ENSG00000207631",99
"ENSG00000207632",83
"ENSG00000207633",84
"ENSG00000207634",87
"ENSG00000207635",122
"ENSG00000207637",96
"ENSG00000207638",81
"ENSG00000207639",83
"ENSG00000207641",74
"ENSG00000207642",96
"ENSG00000207644",98
"ENSG00000207645",84
"ENSG00000207646",97
"ENSG00000207647",90
"ENSG00000207649",84
"ENSG00000207650",97
"ENSG00000207651",86
"ENSG00000207652",96
"ENSG00000207653",94
"ENSG00000207654",82
"ENSG00000207656",84
"ENSG00000207688",97
"ENSG00000207689",97
"ENSG00000207691",110
"ENSG00000207692",97
"ENSG00000207693",98
"ENSG00000207695",84
"ENSG00000207696",97
"ENSG00000207697",99
"ENSG00000207698",70
"ENSG00000207699",87
"ENSG00000207701",97
"ENSG00000207702",110
"ENSG00000207703",110
"ENSG00000207704",97
"ENSG00000207705",72
"ENSG00000207706",87
"ENSG00000207708",95
"ENSG00000207711",85
"ENSG00000207712",97
"ENSG00000207713",68
"ENSG00000207714",97
"ENSG00000207716",95
"ENSG00000207717",96
"ENSG00000207719",98
"ENSG00000207721",86
"ENSG00000207722",61
"ENSG00000207725",110
"ENSG00000207726",96
"ENSG00000207728",97
"ENSG00000207729",95
"ENSG00000207730",95
"ENSG00000207731",124
"ENSG00000207732",110
"ENSG00000207734",87
"ENSG00000207735",87
"ENSG00000207736",98
"ENSG00000207737",89
"ENSG00000207738",87
"ENSG00000207739",110
"ENSG00000207741",97
"ENSG00000207742",80
"ENSG00000207743",82
"ENSG00000207744",110
"ENSG00000207746",94
"ENSG00000207749",63
"ENSG00000207750",68
"ENSG00000207751",6499
"ENSG00000207752",71
"ENSG00000207754",84
"ENSG00000207755",100
"ENSG00000207756",97
"ENSG00000207757",80
"ENSG00000207758",91
"ENSG00000207759",110
"ENSG00000207761",80
"ENSG00000207762",84
"ENSG00000207763",97
"ENSG00000207766",94
"ENSG00000207767",90
"ENSG00000207768",86
"ENSG00000207769",97
"ENSG00000207771",97
"ENSG00000207773",97
"ENSG00000207775",97
"ENSG00000207776",96
"ENSG00000207778",73
"ENSG00000207779",98
"ENSG00000207780",94
"ENSG00000207781",85
"ENSG00000207782",84
"ENSG00000207784",97
"ENSG00000207785",84
"ENSG00000207788",87
"ENSG00000207789",84
"ENSG00000207797",109
"ENSG00000207798",110
"ENSG00000207799",90
"ENSG00000207800",83
"ENSG00000207802",94
"ENSG00000207803",85
"ENSG00000207804",95
"ENSG00000207805",76
"ENSG00000207807",81
"ENSG00000207808",78
"ENSG00000207810",84
"ENSG00000207811",84
"ENSG00000207813",83
"ENSG00000207814",72
"ENSG00000207815",79
"ENSG00000207816",109
"ENSG00000207818",81
"ENSG00000207820",106
"ENSG00000207821",96
"ENSG00000207825",81
"ENSG00000207826",77
"ENSG00000207827",71
"ENSG00000207837",67
"ENSG00000207838",95
"ENSG00000207839",96
"ENSG00000207861",88
"ENSG00000207862",83
"ENSG00000207863",89
"ENSG00000207864",97
"ENSG00000207866",88
"ENSG00000207867",88
"ENSG00000207868",98
"ENSG00000207869",124
"ENSG00000207870",110
"ENSG00000207871",84
"ENSG00000207873",129
"ENSG00000207874",96
"ENSG00000207922",94
"ENSG00000207923",96
"ENSG00000207924",110
"ENSG00000207925",85
"ENSG00000207926",90
"ENSG00000207927",69
"ENSG00000207930",97
"ENSG00000207931",96
"ENSG00000207932",69
"ENSG00000207933",89
"ENSG00000207934",81
"ENSG00000207935",110
"ENSG00000207938",87
"ENSG00000207940",98
"ENSG00000207941",96
"ENSG00000207942",82
"ENSG00000207943",97
"ENSG00000207944",96
"ENSG00000207946",90
"ENSG00000207947",87
"ENSG00000207948",75
"ENSG00000207951",97
"ENSG00000207952",97
"ENSG00000207954",99
"ENSG00000207955",1504
"ENSG00000207956",98
"ENSG00000207957",81
"ENSG00000207959",78
"ENSG00000207960",87
"ENSG00000207961",102
"ENSG00000207962",89
"ENSG00000207963",96
"ENSG00000207965",97
"ENSG00000207967",95
"ENSG00000207969",94
"ENSG00000207970",97
"ENSG00000207971",88
"ENSG00000207972",100
"ENSG00000207973",99
"ENSG00000207974",98
"ENSG00000207975",110
"ENSG00000207976",96
"ENSG00000207978",84
"ENSG00000207979",85
"ENSG00000207980",73
"ENSG00000207981",88
"ENSG00000207982",97
"ENSG00000207983",95
"ENSG00000207984",127
"ENSG00000207987",88
"ENSG00000207988",98
"ENSG00000207989",89
"ENSG00000207990",110
"ENSG00000207991",79
"ENSG00000207992",85
"ENSG00000207993",73
"ENSG00000207994",80
"ENSG00000207995",98
"ENSG00000207996",86
"ENSG00000207997",94
"ENSG00000208000",94
"ENSG00000208001",114
"ENSG00000208002",97
"ENSG00000208003",96
"ENSG00000208004",82
"ENSG00000208005",71
"ENSG00000208006",89
"ENSG00000208008",86
"ENSG00000208009",89
"ENSG00000208012",83
"ENSG00000208013",98
"ENSG00000208014",96
"ENSG00000208015",65
"ENSG00000208017",100
"ENSG00000208018",94
"ENSG00000208022",98
"ENSG00000208023",82
"ENSG00000208024",110
"ENSG00000208025",95
"ENSG00000208027",73
"ENSG00000208028",97
"ENSG00000208032",97
"ENSG00000208033",95
"ENSG00000208036",82
"ENSG00000208037",82
"ENSG00000208308",128
"ENSG00000208772",137
"ENSG00000208797",65
"ENSG00000208839",128
"ENSG00000208883",79
"ENSG00000208892",136
"ENSG00000209042",89
"ENSG00000209082",75
"ENSG00000209480",93
"ENSG00000209482",95
"ENSG00000209582",135
"ENSG00000209645",85
"ENSG00000209702",70
"ENSG00000210049",71
"ENSG00000210077",69
"ENSG00000210082",1559
"ENSG00000210100",69
"ENSG00000210107",72
"ENSG00000210112",68
"ENSG00000210117",68
"ENSG00000210127",69
"ENSG00000210135",73
"ENSG00000210140",66
"ENSG00000210144",66
"ENSG00000210151",69
"ENSG00000210154",68
"ENSG00000210156",70
"ENSG00000210164",68
"ENSG00000210174",65
"ENSG00000210176",69
"ENSG00000210181",126
"ENSG00000210184",59
"ENSG00000210191",71
"ENSG00000210194",69
"ENSG00000210195",66
"ENSG00000210196",68
"ENSG00000210678",126
"ENSG00000210709",126
"ENSG00000210741",70
"ENSG00000210825",126
"ENSG00000210839",126
"ENSG00000210841",126
"ENSG00000211137",85
"ENSG00000211445",3005
"ENSG00000211448",7393
"ENSG00000211450",2064
"ENSG00000211451",1187
"ENSG00000211452",2282
"ENSG00000211454",2768
"ENSG00000211455",6863
"ENSG00000211456",20001
"ENSG00000211459",954
"ENSG00000211460",4395
"ENSG00000211491",48
"ENSG00000211513",53
"ENSG00000211514",115
"ENSG00000211520",82
"ENSG00000211532",65
"ENSG00000211538",84
"ENSG00000211543",79
"ENSG00000211563",79
"ENSG00000211568",98
"ENSG00000211574",98
"ENSG00000211575",80
"ENSG00000211578",111
"ENSG00000211579",91
"ENSG00000211580",118
"ENSG00000211581",114
"ENSG00000211582",88
"ENSG00000211583",109
"ENSG00000211584",4912
"ENSG00000211590",94
"ENSG00000211591",83
"ENSG00000211592",523
"ENSG00000211593",38
"ENSG00000211594",37
"ENSG00000211595",38
"ENSG00000211596",39
"ENSG00000211597",38
"ENSG00000211598",538
"ENSG00000211599",408
"ENSG00000211611",406
"ENSG00000211623",390
"ENSG00000211625",445
"ENSG00000211626",371
"ENSG00000211632",444
"ENSG00000211633",373
"ENSG00000211637",419
"ENSG00000211638",414
"ENSG00000211639",362
"ENSG00000211640",353
"ENSG00000211641",381
"ENSG00000211642",365
"ENSG00000211643",379
"ENSG00000211644",389
"ENSG00000211645",405
"ENSG00000211647",369
"ENSG00000211648",407
"ENSG00000211649",385
"ENSG00000211650",397
"ENSG00000211651",467
"ENSG00000211652",385
"ENSG00000211653",407
"ENSG00000211654",374
"ENSG00000211655",393
"ENSG00000211656",412
"ENSG00000211657",383
"ENSG00000211658",377
"ENSG00000211659",380
"ENSG00000211660",502
"ENSG00000211661",409
"ENSG00000211662",602
"ENSG00000211663",377
"ENSG00000211664",367
"ENSG00000211665",385
"ENSG00000211666",402
"ENSG00000211667",356
"ENSG00000211668",400
"ENSG00000211669",382
"ENSG00000211670",461
"ENSG00000211672",403
"ENSG00000211673",398
"ENSG00000211674",127
"ENSG00000211675",460
"ENSG00000211676",175
"ENSG00000211677",462
"ENSG00000211678",176
"ENSG00000211679",462
"ENSG00000211680",33
"ENSG00000211681",72
"ENSG00000211682",70
"ENSG00000211684",46
"ENSG00000211685",441
"ENSG00000211687",50
"ENSG00000211688",60
"ENSG00000211689",2730
"ENSG00000211690",50
"ENSG00000211691",61
"ENSG00000211692",60
"ENSG00000211693",357
"ENSG00000211694",360
"ENSG00000211695",1735
"ENSG00000211696",468
"ENSG00000211697",552
"ENSG00000211698",688
"ENSG00000211699",537
"ENSG00000211701",465
"ENSG00000211706",401
"ENSG00000211707",380
"ENSG00000211710",373
"ENSG00000211713",365
"ENSG00000211714",397
"ENSG00000211715",343
"ENSG00000211716",390
"ENSG00000211717",412
"ENSG00000211720",364
"ENSG00000211721",410
"ENSG00000211724",388
"ENSG00000211725",350
"ENSG00000211727",392
"ENSG00000211728",384
"ENSG00000211731",343
"ENSG00000211734",652
"ENSG00000211739",344
"ENSG00000211745",455
"ENSG00000211746",552
"ENSG00000211747",413
"ENSG00000211749",347
"ENSG00000211750",381
"ENSG00000211751",760
"ENSG00000211752",387
"ENSG00000211753",364
"ENSG00000211764",50
"ENSG00000211765",51
"ENSG00000211766",46
"ENSG00000211767",49
"ENSG00000211768",50
"ENSG00000211769",48
"ENSG00000211770",53
"ENSG00000211771",47
"ENSG00000211772",758
"ENSG00000211776",348
"ENSG00000211777",519
"ENSG00000211778",395
"ENSG00000211779",352
"ENSG00000211780",404
"ENSG00000211781",337
"ENSG00000211782",473
"ENSG00000211783",338
"ENSG00000211784",379
"ENSG00000211785",340
"ENSG00000211786",566
"ENSG00000211787",341
"ENSG00000211788",360
"ENSG00000211789",445
"ENSG00000211790",469
"ENSG00000211791",410
"ENSG00000211792",425
"ENSG00000211793",394
"ENSG00000211794",399
"ENSG00000211795",561
"ENSG00000211796",329
"ENSG00000211797",484
"ENSG00000211798",440
"ENSG00000211799",467
"ENSG00000211800",406
"ENSG00000211801",343
"ENSG00000211802",464
"ENSG00000211803",409
"ENSG00000211804",365
"ENSG00000211805",343
"ENSG00000211806",403
"ENSG00000211807",537
"ENSG00000211808",341
"ENSG00000211809",425
"ENSG00000211810",469
"ENSG00000211812",327
"ENSG00000211813",349
"ENSG00000211814",330
"ENSG00000211815",356
"ENSG00000211816",353
"ENSG00000211817",395
"ENSG00000211818",331
"ENSG00000211819",317
"ENSG00000211820",336
"ENSG00000211821",520
"ENSG00000211825",51
"ENSG00000211826",48
"ENSG00000211827",54
"ENSG00000211828",59
"ENSG00000211829",720
"ENSG00000211831",60
"ENSG00000211832",54
"ENSG00000211833",63
"ENSG00000211834",63
"ENSG00000211835",62
"ENSG00000211836",60
"ENSG00000211837",66
"ENSG00000211838",69
"ENSG00000211839",60
"ENSG00000211840",56
"ENSG00000211841",63
"ENSG00000211842",57
"ENSG00000211843",63
"ENSG00000211844",66
"ENSG00000211845",63
"ENSG00000211846",54
"ENSG00000211847",66
"ENSG00000211848",62
"ENSG00000211849",61
"ENSG00000211850",63
"ENSG00000211851",62
"ENSG00000211854",59
"ENSG00000211855",58
"ENSG00000211856",57
"ENSG00000211857",66
"ENSG00000211858",57
"ENSG00000211859",57
"ENSG00000211860",60
"ENSG00000211861",66
"ENSG00000211862",59
"ENSG00000211863",60
"ENSG00000211864",60
"ENSG00000211865",63
"ENSG00000211866",63
"ENSG00000211867",63
"ENSG00000211868",55
"ENSG00000211869",57
"ENSG00000211870",60
"ENSG00000211871",66
"ENSG00000211872",63
"ENSG00000211873",60
"ENSG00000211875",52
"ENSG00000211876",63
"ENSG00000211877",60
"ENSG00000211878",60
"ENSG00000211879",64
"ENSG00000211880",61
"ENSG00000211881",60
"ENSG00000211882",59
"ENSG00000211883",62
"ENSG00000211884",60
"ENSG00000211885",63
"ENSG00000211886",62
"ENSG00000211887",66
"ENSG00000211888",62
"ENSG00000211890",1430
"ENSG00000211891",1618
"ENSG00000211892",2740
"ENSG00000211893",2737
"ENSG00000211895",1422
"ENSG00000211896",2762
"ENSG00000211897",2894
"ENSG00000211898",1678
"ENSG00000211899",1871
"ENSG00000211900",61
"ENSG00000211904",52
"ENSG00000211905",52
"ENSG00000211907",20
"ENSG00000211909",20
"ENSG00000211911",31
"ENSG00000211912",28
"ENSG00000211914",21
"ENSG00000211915",20
"ENSG00000211917",37
"ENSG00000211918",31
"ENSG00000211920",21
"ENSG00000211921",23
"ENSG00000211923",31
"ENSG00000211924",31
"ENSG00000211925",31
"ENSG00000211928",20
"ENSG00000211930",31
"ENSG00000211931",31
"ENSG00000211933",415
"ENSG00000211934",417
"ENSG00000211935",395
"ENSG00000211937",378
"ENSG00000211938",430
"ENSG00000211941",473
"ENSG00000211942",430
"ENSG00000211943",437
"ENSG00000211944",425
"ENSG00000211945",410
"ENSG00000211946",415
"ENSG00000211947",430
"ENSG00000211949",432
"ENSG00000211950",411
"ENSG00000211951",381
"ENSG00000211952",425
"ENSG00000211955",431
"ENSG00000211956",400
"ENSG00000211957",366
"ENSG00000211958",426
"ENSG00000211959",425
"ENSG00000211961",411
"ENSG00000211962",655
"ENSG00000211964",432
"ENSG00000211965",439
"ENSG00000211966",410
"ENSG00000211967",571
"ENSG00000211968",414
"ENSG00000211970",457
"ENSG00000211972",427
"ENSG00000211973",412
"ENSG00000211974",434
"ENSG00000211976",437
"ENSG00000211978",295
"ENSG00000211979",405
"ENSG00000211991",67
"ENSG00000211997",88
"ENSG00000212013",91
"ENSG00000212014",75
"ENSG00000212017",81
"ENSG00000212024",95
"ENSG00000212027",72
"ENSG00000212036",56
"ENSG00000212040",78
"ENSG00000212051",50
"ENSG00000212100",85
"ENSG00000212102",78
"ENSG00000212122",2437
"ENSG00000212123",1787
"ENSG00000212124",1002
"ENSG00000212125",928
"ENSG00000212126",1000
"ENSG00000212127",2348
"ENSG00000212128",1637
"ENSG00000212133",104
"ENSG00000212134",128
"ENSG00000212135",111
"ENSG00000212136",107
"ENSG00000212138",115
"ENSG00000212140",107
"ENSG00000212144",128
"ENSG00000212145",143
"ENSG00000212146",107
"ENSG00000212147",107
"ENSG00000212149",128
"ENSG00000212153",165
"ENSG00000212154",112
"ENSG00000212156",102
"ENSG00000212157",104
"ENSG00000212158",76
"ENSG00000212160",107
"ENSG00000212161",67
"ENSG00000212163",191
"ENSG00000212165",203
"ENSG00000212167",106
"ENSG00000212168",65
"ENSG00000212170",162
"ENSG00000212171",98
"ENSG00000212172",161
"ENSG00000212175",148
"ENSG00000212176",107
"ENSG00000212181",135
"ENSG00000212182",216
"ENSG00000212184",105
"ENSG00000212186",101
"ENSG00000212187",122
"ENSG00000212189",106
"ENSG00000212190",96
"ENSG00000212191",71
"ENSG00000212195",196
"ENSG00000212199",107
"ENSG00000212204",119
"ENSG00000212205",88
"ENSG00000212206",137
"ENSG00000212207",107
"ENSG00000212211",217
"ENSG00000212214",135
"ENSG00000212215",95
"ENSG00000212216",107
"ENSG00000212219",100
"ENSG00000212221",107
"ENSG00000212224",122
"ENSG00000212226",102
"ENSG00000212228",124
"ENSG00000212229",73
"ENSG00000212230",104
"ENSG00000212232",237
"ENSG00000212237",121
"ENSG00000212238",112
"ENSG00000212240",100
"ENSG00000212241",94
"ENSG00000212242",113
"ENSG00000212246",104
"ENSG00000212247",109
"ENSG00000212248",107
"ENSG00000212249",134
"ENSG00000212251",112
"ENSG00000212257",107
"ENSG00000212258",110
"ENSG00000212259",107
"ENSG00000212260",105
"ENSG00000212264",71
"ENSG00000212265",114
"ENSG00000212266",122
"ENSG00000212269",104
"ENSG00000212270",65
"ENSG00000212273",128
"ENSG00000212276",118
"ENSG00000212278",74
"ENSG00000212279",70
"ENSG00000212280",113
"ENSG00000212282",103
"ENSG00000212283",114
"ENSG00000212289",122
"ENSG00000212292",99
"ENSG00000212293",127
"ENSG00000212295",75
"ENSG00000212296",80
"ENSG00000212297",107
"ENSG00000212298",107
"ENSG00000212302",69
"ENSG00000212303",104
"ENSG00000212304",90
"ENSG00000212305",106
"ENSG00000212306",95
"ENSG00000212308",105
"ENSG00000212309",85
"ENSG00000212312",116
"ENSG00000212314",103
"ENSG00000212316",107
"ENSG00000212319",97
"ENSG00000212321",220
"ENSG00000212324",107
"ENSG00000212325",95
"ENSG00000212327",103
"ENSG00000212329",107
"ENSG00000212330",104
"ENSG00000212331",113
"ENSG00000212332",104
"ENSG00000212333",106
"ENSG00000212335",113
"ENSG00000212336",120
"ENSG00000212338",107
"ENSG00000212340",103
"ENSG00000212342",156
"ENSG00000212344",103
"ENSG00000212345",107
"ENSG00000212347",68
"ENSG00000212348",108
"ENSG00000212354",103
"ENSG00000212358",108
"ENSG00000212359",101
"ENSG00000212360",104
"ENSG00000212363",128
"ENSG00000212365",115
"ENSG00000212366",107
"ENSG00000212368",106
"ENSG00000212370",107
"ENSG00000212371",153
"ENSG00000212373",115
"ENSG00000212374",96
"ENSG00000212377",66
"ENSG00000212378",69
"ENSG00000212379",97
"ENSG00000212380",81
"ENSG00000212382",106
"ENSG00000212383",134
"ENSG00000212384",72
"ENSG00000212385",104
"ENSG00000212387",107
"ENSG00000212388",107
"ENSG00000212389",107
"ENSG00000212391",134
"ENSG00000212392",114
"ENSG00000212395",99
"ENSG00000212396",133
"ENSG00000212397",99
"ENSG00000212398",64
"ENSG00000212402",201
"ENSG00000212404",98
"ENSG00000212407",106
"ENSG00000212409",89
"ENSG00000212410",106
"ENSG00000212411",76
"ENSG00000212413",133
"ENSG00000212414",67
"ENSG00000212415",65
"ENSG00000212418",96
"ENSG00000212420",107
"ENSG00000212421",136
"ENSG00000212422",215
"ENSG00000212424",165
"ENSG00000212425",113
"ENSG00000212428",59
"ENSG00000212429",133
"ENSG00000212432",148
"ENSG00000212433",119
"ENSG00000212434",200
"ENSG00000212440",150
"ENSG00000212441",107
"ENSG00000212442",107
"ENSG00000212443",249
"ENSG00000212445",135
"ENSG00000212446",107
"ENSG00000212447",111
"ENSG00000212448",98
"ENSG00000212450",104
"ENSG00000212451",133
"ENSG00000212452",77
"ENSG00000212454",106
"ENSG00000212455",128
"ENSG00000212457",98
"ENSG00000212458",130
"ENSG00000212459",104
"ENSG00000212460",108
"ENSG00000212461",129
"ENSG00000212464",147
"ENSG00000212466",108
"ENSG00000212468",107
"ENSG00000212469",107
"ENSG00000212473",127
"ENSG00000212475",106
"ENSG00000212479",215
"ENSG00000212482",107
"ENSG00000212485",107
"ENSG00000212489",107
"ENSG00000212490",123
"ENSG00000212493",68
"ENSG00000212495",108
"ENSG00000212496",107
"ENSG00000212497",109
"ENSG00000212498",86
"ENSG00000212499",107
"ENSG00000212505",116
"ENSG00000212510",107
"ENSG00000212511",220
"ENSG00000212512",103
"ENSG00000212516",107
"ENSG00000212517",123
"ENSG00000212518",129
"ENSG00000212520",107
"ENSG00000212521",106
"ENSG00000212525",107
"ENSG00000212526",103
"ENSG00000212527",112
"ENSG00000212528",86
"ENSG00000212529",145
"ENSG00000212532",76
"ENSG00000212533",150
"ENSG00000212534",88
"ENSG00000212535",108
"ENSG00000212536",90
"ENSG00000212538",204
"ENSG00000212539",200
"ENSG00000212541",108
"ENSG00000212542",109
"ENSG00000212545",106
"ENSG00000212546",107
"ENSG00000212549",136
"ENSG00000212550",165
"ENSG00000212551",210
"ENSG00000212553",93
"ENSG00000212555",100
"ENSG00000212556",102
"ENSG00000212558",115
"ENSG00000212559",129
"ENSG00000212560",106
"ENSG00000212561",108
"ENSG00000212564",107
"ENSG00000212565",128
"ENSG00000212567",128
"ENSG00000212568",104
"ENSG00000212569",98
"ENSG00000212571",118
"ENSG00000212572",109
"ENSG00000212576",118
"ENSG00000212579",128
"ENSG00000212580",119
"ENSG00000212581",133
"ENSG00000212584",106
"ENSG00000212586",98
"ENSG00000212587",128
"ENSG00000212588",122
"ENSG00000212589",132
"ENSG00000212590",122
"ENSG00000212593",81
"ENSG00000212594",132
"ENSG00000212595",112
"ENSG00000212597",104
"ENSG00000212598",212
"ENSG00000212599",101
"ENSG00000212601",120
"ENSG00000212604",135
"ENSG00000212605",164
"ENSG00000212607",131
"ENSG00000212608",124
"ENSG00000212609",165
"ENSG00000212610",210
"ENSG00000212611",70
"ENSG00000212612",107
"ENSG00000212615",66
"ENSG00000212618",75
"ENSG00000212620",127
"ENSG00000212623",108
"ENSG00000212624",122
"ENSG00000212625",118
"ENSG00000212626",134
"ENSG00000212628",114
"ENSG00000212643",1470
"ENSG00000212657",1610
"ENSG00000212658",1026
"ENSG00000212659",483
"ENSG00000212663",544
"ENSG00000212664",555
"ENSG00000212694",4132
"ENSG00000212695",531
"ENSG00000212710",4317
"ENSG00000212712",1147
"ENSG00000212717",141
"ENSG00000212719",18690
"ENSG00000212721",1193
"ENSG00000212722",1100
"ENSG00000212724",875
"ENSG00000212725",776
"ENSG00000212743",2447
"ENSG00000212747",2030
"ENSG00000212766",5509
"ENSG00000212769",268
"ENSG00000212789",1110
"ENSG00000212802",615
"ENSG00000212807",4946
"ENSG00000212829",348
"ENSG00000212855",5961
"ENSG00000212856",7129
"ENSG00000212864",1744
"ENSG00000212899",735
"ENSG00000212900",714
"ENSG00000212901",739
"ENSG00000212907",297
"ENSG00000212916",4514
"ENSG00000212930",549
"ENSG00000212932",463
"ENSG00000212933",447
"ENSG00000212935",1006
"ENSG00000212938",636
"ENSG00000212939",3894
"ENSG00000212952",451
"ENSG00000212961",1278
"ENSG00000212989",493
"ENSG00000212993",4964
"ENSG00000212994",348
"ENSG00000213003",469
"ENSG00000213005",606
"ENSG00000213013",382
"ENSG00000213014",832
"ENSG00000213015",2604
"ENSG00000213016",309
"ENSG00000213018",432
"ENSG00000213020",7148
"ENSG00000213022",1443
"ENSG00000213023",3844
"ENSG00000213024",6021
"ENSG00000213025",357
"ENSG00000213026",498
"ENSG00000213028",906
"ENSG00000213030",887
"ENSG00000213032",250
"ENSG00000213033",1212
"ENSG00000213035",424
"ENSG00000213036",575
"ENSG00000213041",552
"ENSG00000213045",517
"ENSG00000213046",1347
"ENSG00000213047",13203
"ENSG00000213048",951
"ENSG00000213049",950
"ENSG00000213050",747
"ENSG00000213051",893
"ENSG00000213055",676
"ENSG00000213057",2775
"ENSG00000213058",357
"ENSG00000213060",423
"ENSG00000213061",389
"ENSG00000213062",14111
"ENSG00000213063",457
"ENSG00000213064",11217
"ENSG00000213065",1486
"ENSG00000213066",29787
"ENSG00000213067",964
"ENSG00000213068",415
"ENSG00000213069",563
"ENSG00000213070",598
"ENSG00000213071",2498
"ENSG00000213073",571
"ENSG00000213075",372
"ENSG00000213076",580
"ENSG00000213078",934
"ENSG00000213079",5428
"ENSG00000213080",1097
"ENSG00000213081",739
"ENSG00000213082",444
"ENSG00000213083",846
"ENSG00000213085",2627
"ENSG00000213087",398
"ENSG00000213088",1348
"ENSG00000213089",722
"ENSG00000213090",2765
"ENSG00000213091",808
"ENSG00000213096",7609
"ENSG00000213100",1000
"ENSG00000213104",865
"ENSG00000213107",1238
"ENSG00000213108",476
"ENSG00000213109",780
"ENSG00000213110",440
"ENSG00000213111",334
"ENSG00000213113",1058
"ENSG00000213115",1194
"ENSG00000213117",886
"ENSG00000213118",434
"ENSG00000213120",405
"ENSG00000213121",1512
"ENSG00000213122",490
"ENSG00000213123",1246
"ENSG00000213126",425
"ENSG00000213128",403
"ENSG00000213130",772
"ENSG00000213131",708
"ENSG00000213133",435
"ENSG00000213137",538
"ENSG00000213139",2080
"ENSG00000213140",1007
"ENSG00000213144",545
"ENSG00000213145",2485
"ENSG00000213147",454
"ENSG00000213148",464
"ENSG00000213149",909
"ENSG00000213150",860
"ENSG00000213152",794
"ENSG00000213153",751
"ENSG00000213155",490
"ENSG00000213157",399
"ENSG00000213158",918
"ENSG00000213159",455
"ENSG00000213160",5513
"ENSG00000213167",281
"ENSG00000213169",762
"ENSG00000213170",594
"ENSG00000213171",2644
"ENSG00000213172",418
"ENSG00000213174",414
"ENSG00000213176",626
"ENSG00000213177",600
"ENSG00000213178",410
"ENSG00000213179",541
"ENSG00000213180",314
"ENSG00000213181",869
"ENSG00000213182",915
"ENSG00000213183",581
"ENSG00000213184",1024
"ENSG00000213185",1177
"ENSG00000213186",7822
"ENSG00000213187",785
"ENSG00000213188",808
"ENSG00000213189",346
"ENSG00000213190",2483
"ENSG00000213194",693
"ENSG00000213197",694
"ENSG00000213199",2748
"ENSG00000213201",408
"ENSG00000213203",4797
"ENSG00000213204",3530
"ENSG00000213205",1281
"ENSG00000213209",409
"ENSG00000213210",399
"ENSG00000213211",1219
"ENSG00000213212",1963
"ENSG00000213213",2976
"ENSG00000213214",2655
"ENSG00000213215",5109
"ENSG00000213216",381
"ENSG00000213218",1755
"ENSG00000213221",3099
"ENSG00000213222",1027
"ENSG00000213225",2235
"ENSG00000213226",960
"ENSG00000213228",490
"ENSG00000213231",1858
"ENSG00000213232",595
"ENSG00000213233",453
"ENSG00000213234",1082
"ENSG00000213235",1414
"ENSG00000213236",728
"ENSG00000213237",329
"ENSG00000213238",397
"ENSG00000213239",604
"ENSG00000213244",416
"ENSG00000213246",2079
"ENSG00000213247",293
"ENSG00000213250",1226
"ENSG00000213252",1499
"ENSG00000213253",499
"ENSG00000213260",730
"ENSG00000213261",673
"ENSG00000213262",828
"ENSG00000213264",544
"ENSG00000213265",2264
"ENSG00000213269",761
"ENSG00000213270",860
"ENSG00000213272",800
"ENSG00000213275",396
"ENSG00000213277",541
"ENSG00000213279",2754
"ENSG00000213280",448
"ENSG00000213281",4326
"ENSG00000213285",468
"ENSG00000213287",409
"ENSG00000213290",1214
"ENSG00000213291",375
"ENSG00000213293",412
"ENSG00000213295",373
"ENSG00000213296",872
"ENSG00000213297",3639
"ENSG00000213300",1006
"ENSG00000213301",604
"ENSG00000213302",373
"ENSG00000213303",396
"ENSG00000213304",531
"ENSG00000213305",871
"ENSG00000213307",530
"ENSG00000213309",535
"ENSG00000213310",316
"ENSG00000213312",801
"ENSG00000213315",459
"ENSG00000213316",1192
"ENSG00000213318",783
"ENSG00000213326",586
"ENSG00000213328",900
"ENSG00000213331",674
"ENSG00000213332",886
"ENSG00000213333",867
"ENSG00000213335",682
"ENSG00000213337",5246
"ENSG00000213338",1073
"ENSG00000213339",3430
"ENSG00000213341",6903
"ENSG00000213343",480
"ENSG00000213344",471
"ENSG00000213347",4743
"ENSG00000213352",1007
"ENSG00000213355",913
"ENSG00000213358",945
"ENSG00000213361",319
"ENSG00000213362",551
"ENSG00000213363",605
"ENSG00000213365",712
"ENSG00000213366",11904
"ENSG00000213368",720
"ENSG00000213370",644
"ENSG00000213371",880
"ENSG00000213373",3224
"ENSG00000213376",1003
"ENSG00000213380",7851
"ENSG00000213383",870
"ENSG00000213384",255
"ENSG00000213385",794
"ENSG00000213386",738
"ENSG00000213390",6167
"ENSG00000213393",288
"ENSG00000213394",882
"ENSG00000213397",3966
"ENSG00000213398",2625
"ENSG00000213399",793
"ENSG00000213400",325
"ENSG00000213401",1965
"ENSG00000213402",907
"ENSG00000213403",327
"ENSG00000213406",926
"ENSG00000213409",825
"ENSG00000213411",1814
"ENSG00000213412",561
"ENSG00000213413",1971
"ENSG00000213414",1561
"ENSG00000213416",1092
"ENSG00000213417",764
"ENSG00000213420",3837
"ENSG00000213421",783
"ENSG00000213423",946
"ENSG00000213424",3169
"ENSG00000213430",1726
"ENSG00000213431",1201
"ENSG00000213432",555
"ENSG00000213433",343
"ENSG00000213434",696
"ENSG00000213435",467
"ENSG00000213438",760
"ENSG00000213439",925
"ENSG00000213440",395
"ENSG00000213442",528
"ENSG00000213443",844
"ENSG00000213445",4652
"ENSG00000213448",415
"ENSG00000213449",1003
"ENSG00000213450",847
"ENSG00000213451",893
"ENSG00000213452",934
"ENSG00000213453",584
"ENSG00000213455",499
"ENSG00000213461",400
"ENSG00000213462",9318
"ENSG00000213463",7057
"ENSG00000213465",2037
"ENSG00000213467",609
"ENSG00000213468",17281
"ENSG00000213470",364
"ENSG00000213471",3902
"ENSG00000213478",684
"ENSG00000213480",913
"ENSG00000213483",520
"ENSG00000213484",1190
"ENSG00000213486",609
"ENSG00000213487",1234
"ENSG00000213488",513
"ENSG00000213489",1125
"ENSG00000213492",1012
"ENSG00000213493",1451
"ENSG00000213495",437
"ENSG00000213498",499
"ENSG00000213500",1454
"ENSG00000213509",487
"ENSG00000213512",2432
"ENSG00000213513",1540
"ENSG00000213514",3711
"ENSG00000213516",5087
"ENSG00000213519",286
"ENSG00000213522",576
"ENSG00000213523",2821
"ENSG00000213525",322
"ENSG00000213526",628
"ENSG00000213527",361
"ENSG00000213529",403
"ENSG00000213530",844
"ENSG00000213533",5705
"ENSG00000213536",204
"ENSG00000213538",1514
"ENSG00000213539",1002
"ENSG00000213540",493
"ENSG00000213542",794
"ENSG00000213543",485
"ENSG00000213547",933
"ENSG00000213548",346
"ENSG00000213549",375
"ENSG00000213551",3218
"ENSG00000213553",954
"ENSG00000213556",265
"ENSG00000213557",380
"ENSG00000213558",269
"ENSG00000213559",922
"ENSG00000213560",556
"ENSG00000213561",766
"ENSG00000213563",3001
"ENSG00000213568",963
"ENSG00000213569",611
"ENSG00000213574",622
"ENSG00000213578",2002
"ENSG00000213579",457
"ENSG00000213585",3049
"ENSG00000213587",470
"ENSG00000213588",3010
"ENSG00000213590",1322
"ENSG00000213592",487
"ENSG00000213593",5097
"ENSG00000213594",1001
"ENSG00000213598",376
"ENSG00000213599",4611
"ENSG00000213600",367
"ENSG00000213601",705
"ENSG00000213604",501
"ENSG00000213605",657
"ENSG00000213606",942
"ENSG00000213607",901
"ENSG00000213608",901
"ENSG00000213609",795
"ENSG00000213612",831
"ENSG00000213613",523
"ENSG00000213614",15893
"ENSG00000213619",4507
"ENSG00000213620",531
"ENSG00000213621",886
"ENSG00000213625",5237
"ENSG00000213626",4532
"ENSG00000213630",232
"ENSG00000213638",2216
"ENSG00000213639",7394
"ENSG00000213640",880
"ENSG00000213641",769
"ENSG00000213642",1010
"ENSG00000213643",748
"ENSG00000213644",1184
"ENSG00000213645",828
"ENSG00000213648",1945
"ENSG00000213650",669
"ENSG00000213652",606
"ENSG00000213653",379
"ENSG00000213654",1833
"ENSG00000213655",292
"ENSG00000213657",377
"ENSG00000213658",4538
"ENSG00000213659",835
"ENSG00000213661",561
"ENSG00000213663",476
"ENSG00000213664",431
"ENSG00000213667",1023
"ENSG00000213669",465
"ENSG00000213671",1264
"ENSG00000213672",3431
"ENSG00000213673",885
"ENSG00000213676",3629
"ENSG00000213683",760
"ENSG00000213684",1005
"ENSG00000213689",1448
"ENSG00000213690",510
"ENSG00000213693",2181
"ENSG00000213694",13702
"ENSG00000213695",583
"ENSG00000213697",1229
"ENSG00000213698",845
"ENSG00000213699",3902
"ENSG00000213700",546
"ENSG00000213701",957
"ENSG00000213703",546
"ENSG00000213704",1408
"ENSG00000213706",571
"ENSG00000213707",563
"ENSG00000213708",1117
"ENSG00000213711",814
"ENSG00000213713",895
"ENSG00000213714",694
"ENSG00000213716",406
"ENSG00000213717",424
"ENSG00000213719",1942
"ENSG00000213721",256
"ENSG00000213722",2363
"ENSG00000213724",587
"ENSG00000213726",820
"ENSG00000213727",1177
"ENSG00000213729",440
"ENSG00000213730",997
"ENSG00000213731",580
"ENSG00000213735",556
"ENSG00000213736",378
"ENSG00000213739",502
"ENSG00000213740",1160
"ENSG00000213741",9840
"ENSG00000213742",8419
"ENSG00000213744",502
"ENSG00000213747",340
"ENSG00000213750",877
"ENSG00000213752",487
"ENSG00000213753",469
"ENSG00000213754",1436
"ENSG00000213755",486
"ENSG00000213757",787
"ENSG00000213759",2357
"ENSG00000213760",2165
"ENSG00000213761",183
"ENSG00000213762",5139
"ENSG00000213763",1123
"ENSG00000213770",574
"ENSG00000213771",1420
"ENSG00000213772",337
"ENSG00000213774",315
"ENSG00000213777",887
"ENSG00000213778",963
"ENSG00000213779",454
"ENSG00000213780",2330
"ENSG00000213781",1204
"ENSG00000213782",5040
"ENSG00000213783",322
"ENSG00000213785",588
"ENSG00000213786",460
"ENSG00000213787",803
"ENSG00000213790",1189
"ENSG00000213791",613
"ENSG00000213793",4435
"ENSG00000213798",796
"ENSG00000213799",6450
"ENSG00000213801",495
"ENSG00000213809",3044
"ENSG00000213816",904
"ENSG00000213820",659
"ENSG00000213822",1908
"ENSG00000213830",502
"ENSG00000213839",708
"ENSG00000213842",992
"ENSG00000213849",371
"ENSG00000213851",897
"ENSG00000213853",8652
"ENSG00000213854",900
"ENSG00000213856",850
"ENSG00000213857",1060
"ENSG00000213859",3056
"ENSG00000213860",483
"ENSG00000213862",792
"ENSG00000213864",676
"ENSG00000213866",975
"ENSG00000213867",425
"ENSG00000213871",746
"ENSG00000213872",409
"ENSG00000213873",520
"ENSG00000213875",431
"ENSG00000213876",663
"ENSG00000213877",486
"ENSG00000213880",797
"ENSG00000213881",871
"ENSG00000213882",399
"ENSG00000213885",611
"ENSG00000213886",894
"ENSG00000213888",1975
"ENSG00000213889",3220
"ENSG00000213891",1204
"ENSG00000213892",1697
"ENSG00000213896",374
"ENSG00000213900",406
"ENSG00000213901",3601
"ENSG00000213903",4465
"ENSG00000213904",18204
"ENSG00000213906",3233
"ENSG00000213908",815
"ENSG00000213911",931
"ENSG00000213916",632
"ENSG00000213917",815
"ENSG00000213918",11249
"ENSG00000213920",1066
"ENSG00000213921",901
"ENSG00000213923",7098
"ENSG00000213924",1210
"ENSG00000213925",872
"ENSG00000213926",354
"ENSG00000213927",973
"ENSG00000213928",6471
"ENSG00000213930",4407
"ENSG00000213931",961
"ENSG00000213934",1467
"ENSG00000213935",373
"ENSG00000213937",1583
"ENSG00000213938",1179
"ENSG00000213939",402
"ENSG00000213940",616
"ENSG00000213942",377
"ENSG00000213943",1279
"ENSG00000213946",1024
"ENSG00000213949",18545
"ENSG00000213950",494
"ENSG00000213954",486
"ENSG00000213956",479
"ENSG00000213958",1267
"ENSG00000213959",564
"ENSG00000213962",1498
"ENSG00000213963",23674
"ENSG00000213964",327
"ENSG00000213965",3103
"ENSG00000213967",6034
"ENSG00000213970",440
"ENSG00000213972",927
"ENSG00000213973",7861
"ENSG00000213976",1764
"ENSG00000213977",1381
"ENSG00000213979",802
"ENSG00000213981",2306
"ENSG00000213983",6897
"ENSG00000213985",1185
"ENSG00000213987",313
"ENSG00000213988",6088
"ENSG00000213994",839
"ENSG00000213995",2973
"ENSG00000213996",2188
"ENSG00000213997",737
"ENSG00000213999",2087
"ENSG00000214003",657
"ENSG00000214009",778
"ENSG00000214012",1282
"ENSG00000214013",7840
"ENSG00000214015",405
"ENSG00000214016",878
"ENSG00000214018",1163
"ENSG00000214019",1590
"ENSG00000214020",493
"ENSG00000214021",10415
"ENSG00000214022",4649
"ENSG00000214024",453
"ENSG00000214025",746
"ENSG00000214026",2975
"ENSG00000214027",534
"ENSG00000214029",17434
"ENSG00000214031",1167
"ENSG00000214035",1033
"ENSG00000214039",8030
"ENSG00000214041",750
"ENSG00000214042",737
"ENSG00000214043",6453
"ENSG00000214045",1544
"ENSG00000214046",5104
"ENSG00000214047",465
"ENSG00000214049",7996
"ENSG00000214050",3932
"ENSG00000214051",509
"ENSG00000214062",724
"ENSG00000214063",5837
"ENSG00000214064",828
"ENSG00000214067",468
"ENSG00000214070",1024
"ENSG00000214071",551
"ENSG00000214073",475
"ENSG00000214074",405
"ENSG00000214076",3730
"ENSG00000214077",1067
"ENSG00000214078",3608
"ENSG00000214081",405
"ENSG00000214087",2479
"ENSG00000214089",505
"ENSG00000214093",457
"ENSG00000214097",1846
"ENSG00000214100",223
"ENSG00000214102",3061
"ENSG00000214106",9319
"ENSG00000214107",1994
"ENSG00000214108",521
"ENSG00000214110",998
"ENSG00000214111",691
"ENSG00000214113",3950
"ENSG00000214114",2773
"ENSG00000214121",596
"ENSG00000214124",238
"ENSG00000214125",682
"ENSG00000214128",4813
"ENSG00000214132",1404
"ENSG00000214135",770
"ENSG00000214140",5294
"ENSG00000214141",1892
"ENSG00000214142",735
"ENSG00000214144",1941
"ENSG00000214145",15666
"ENSG00000214146",7200
"ENSG00000214147",1209
"ENSG00000214160",3455
"ENSG00000214161",601
"ENSG00000214174",850
"ENSG00000214176",3166
"ENSG00000214178",497
"ENSG00000214182",333
"ENSG00000214184",4697
"ENSG00000214185",2398
"ENSG00000214188",2664
"ENSG00000214189",1994
"ENSG00000214190",604
"ENSG00000214192",440
"ENSG00000214193",8142
"ENSG00000214194",1843
"ENSG00000214195",273
"ENSG00000214198",3963
"ENSG00000214199",1346
"ENSG00000214200",723
"ENSG00000214203",787
"ENSG00000214204",910
"ENSG00000214207",1287
"ENSG00000214210",860
"ENSG00000214211",2403
"ENSG00000214212",1552
"ENSG00000214216",2932
"ENSG00000214222",411
"ENSG00000214223",962
"ENSG00000214226",2434
"ENSG00000214237",2355
"ENSG00000214243",497
"ENSG00000214244",892
"ENSG00000214245",636
"ENSG00000214248",5061
"ENSG00000214249",2353
"ENSG00000214252",345
"ENSG00000214253",1791
"ENSG00000214254",547
"ENSG00000214255",895
"ENSG00000214259",664
"ENSG00000214262",1417
"ENSG00000214263",862
"ENSG00000214264",1166
"ENSG00000214265",1590
"ENSG00000214266",869
"ENSG00000214268",663
"ENSG00000214269",1300
"ENSG00000214273",2073
"ENSG00000214274",1439
"ENSG00000214278",816
"ENSG00000214279",8592
"ENSG00000214280",666
"ENSG00000214281",273
"ENSG00000214282",1442
"ENSG00000214283",1001
"ENSG00000214285",1231
"ENSG00000214286",715
"ENSG00000214288",607
"ENSG00000214289",151
"ENSG00000214290",2068
"ENSG00000214293",6723
"ENSG00000214295",1527
"ENSG00000214297",1076
"ENSG00000214298",261
"ENSG00000214300",4307
"ENSG00000214301",682
"ENSG00000214305",251
"ENSG00000214309",1477
"ENSG00000214313",902
"ENSG00000214318",412
"ENSG00000214319",1095
"ENSG00000214321",457
"ENSG00000214322",458
"ENSG00000214324",1740
"ENSG00000214326",372
"ENSG00000214329",1184
"ENSG00000214330",754
"ENSG00000214331",2051
"ENSG00000214335",2412
"ENSG00000214336",2841
"ENSG00000214338",5107
"ENSG00000214342",760
"ENSG00000214344",931
"ENSG00000214347",625
"ENSG00000214351",894
"ENSG00000214353",9145
"ENSG00000214354",937
"ENSG00000214357",6427
"ENSG00000214359",538
"ENSG00000214360",704
"ENSG00000214362",775
"ENSG00000214366",640
"ENSG00000214367",7036
"ENSG00000214369",793
"ENSG00000214374",340
"ENSG00000214376",3936
"ENSG00000214380",618
"ENSG00000214381",6480
"ENSG00000214389",784
"ENSG00000214391",1613
"ENSG00000214401",2035
"ENSG00000214402",4052
"ENSG00000214405",544
"ENSG00000214407",5376
"ENSG00000214413",8442
"ENSG00000214414",1353
"ENSG00000214415",1239
"ENSG00000214417",1290
"ENSG00000214424",1610
"ENSG00000214425",5372
"ENSG00000214428",865
"ENSG00000214429",302
"ENSG00000214432",4466
"ENSG00000214433",779
"ENSG00000214434",889
"ENSG00000214435",2450
"ENSG00000214439",1067
"ENSG00000214447",1958
"ENSG00000214455",915
"ENSG00000214456",4815
"ENSG00000214457",728
"ENSG00000214460",514
"ENSG00000214465",1216
"ENSG00000214484",874
"ENSG00000214485",747
"ENSG00000214487",971
"ENSG00000214491",3956
"ENSG00000214510",1175
"ENSG00000214511",705
"ENSG00000214513",2433
"ENSG00000214514",1093
"ENSG00000214517",7749
"ENSG00000214518",733
"ENSG00000214525",1212
"ENSG00000214526",385
"ENSG00000214530",4076
"ENSG00000214533",1043
"ENSG00000214534",975
"ENSG00000214535",391
"ENSG00000214541",413
"ENSG00000214544",2749
"ENSG00000214546",1574
"ENSG00000214548",25194
"ENSG00000214549",501
"ENSG00000214552",627
"ENSG00000214553",3717
"ENSG00000214558",4729
"ENSG00000214559",397
"ENSG00000214560",264
"ENSG00000214561",1289
"ENSG00000214562",6933
"ENSG00000214563",975
"ENSG00000214575",8215
"ENSG00000214578",270
"ENSG00000214581",1249
"ENSG00000214584",1028
"ENSG00000214593",246
"ENSG00000214595",16317
"ENSG00000214602",1264
"ENSG00000214604",835
"ENSG00000214607",2101
"ENSG00000214612",434
"ENSG00000214614",2389
"ENSG00000214617",2058
"ENSG00000214626",1176
"ENSG00000214628",566
"ENSG00000214629",882
"ENSG00000214641",389
"ENSG00000214642",249
"ENSG00000214643",184
"ENSG00000214646",380
"ENSG00000214650",1777
"ENSG00000214651",1463
"ENSG00000214652",10168
"ENSG00000214653",1137
"ENSG00000214654",4446
"ENSG00000214655",7929
"ENSG00000214657",305
"ENSG00000214659",1276
"ENSG00000214660",1089
"ENSG00000214668",971
"ENSG00000214669",426
"ENSG00000214671",846
"ENSG00000214676",567
"ENSG00000214681",529
"ENSG00000214684",713
"ENSG00000214686",520
"ENSG00000214688",4891
"ENSG00000214691",5084
"ENSG00000214694",5644
"ENSG00000214695",1234
"ENSG00000214700",1022
"ENSG00000214702",386
"ENSG00000214706",3620
"ENSG00000214708",1599
"ENSG00000214711",3984
"ENSG00000214717",4764
"ENSG00000214719",13791
"ENSG00000214720",832
"ENSG00000214725",321
"ENSG00000214727",816
"ENSG00000214736",637
"ENSG00000214743",166
"ENSG00000214745",1275
"ENSG00000214748",78
"ENSG00000214753",5401
"ENSG00000214754",882
"ENSG00000214756",3185
"ENSG00000214759",270
"ENSG00000214760",476
"ENSG00000214761",960
"ENSG00000214765",823
"ENSG00000214770",3351
"ENSG00000214772",3319
"ENSG00000214773",1428
"ENSG00000214776",5607
"ENSG00000214782",2318
"ENSG00000214784",817
"ENSG00000214787",2794
"ENSG00000214788",888
"ENSG00000214794",1255
"ENSG00000214796",1262
"ENSG00000214797",2805
"ENSG00000214803",1195
"ENSG00000214807",764
"ENSG00000214810",311
"ENSG00000214812",557
"ENSG00000214814",6051
"ENSG00000214815",1549
"ENSG00000214819",1048
"ENSG00000214820",1089
"ENSG00000214821",567
"ENSG00000214822",1283
"ENSG00000214823",316
"ENSG00000214825",1062
"ENSG00000214826",2947
"ENSG00000214827",2462
"ENSG00000214832",1132
"ENSG00000214835",472
"ENSG00000214837",355
"ENSG00000214842",3730
"ENSG00000214843",604
"ENSG00000214846",666
"ENSG00000214851",4356
"ENSG00000214853",504
"ENSG00000214855",253
"ENSG00000214856",1418
"ENSG00000214857",209
"ENSG00000214860",2040
"ENSG00000214866",2856
"ENSG00000214867",530
"ENSG00000214869",755
"ENSG00000214870",10063
"ENSG00000214872",1695
"ENSG00000214875",571
"ENSG00000214878",635
"ENSG00000214880",706
"ENSG00000214881",345
"ENSG00000214883",1042
"ENSG00000214886",473
"ENSG00000214888",1497
"ENSG00000214889",583
"ENSG00000214890",1013
"ENSG00000214891",1353
"ENSG00000214892",3183
"ENSG00000214894",5192
"ENSG00000214896",876
"ENSG00000214897",3431
"ENSG00000214900",26186
"ENSG00000214903",389
"ENSG00000214904",489
"ENSG00000214908",741
"ENSG00000214914",468
"ENSG00000214915",1072
"ENSG00000214917",388
"ENSG00000214919",1585
"ENSG00000214922",15205
"ENSG00000214925",370
"ENSG00000214929",5155
"ENSG00000214930",1207
"ENSG00000214940",1629
"ENSG00000214941",2559
"ENSG00000214942",6719
"ENSG00000214943",1240
"ENSG00000214944",15617
"ENSG00000214946",5264
"ENSG00000214954",3077
"ENSG00000214960",7193
"ENSG00000214961",1372
"ENSG00000214967",1334
"ENSG00000214973",640
"ENSG00000214975",499
"ENSG00000214976",958
"ENSG00000214978",2668
"ENSG00000214980",1486
"ENSG00000214988",813
"ENSG00000214992",2719
"ENSG00000214998",1150
"ENSG00000214999",2350
"ENSG00000215000",885
"ENSG00000215002",461
"ENSG00000215003",598
"ENSG00000215004",1204
"ENSG00000215005",1686
"ENSG00000215006",321
"ENSG00000215007",1194
"ENSG00000215009",2684
"ENSG00000215012",6803
"ENSG00000215014",2380
"ENSG00000215016",453
"ENSG00000215018",6639
"ENSG00000215021",4226
"ENSG00000215022",3536
"ENSG00000215023",739
"ENSG00000215029",4951
"ENSG00000215030",636
"ENSG00000215032",1643
"ENSG00000215034",474
"ENSG00000215035",1057
"ENSG00000215037",481
"ENSG00000215039",3590
"ENSG00000215041",6170
"ENSG00000215043",913
"ENSG00000215045",4843
"ENSG00000215049",589
"ENSG00000215054",884
"ENSG00000215057",1601
"ENSG00000215063",481
"ENSG00000215065",1761
"ENSG00000215068",7003
"ENSG00000215070",1795
"ENSG00000215085",640
"ENSG00000215086",894
"ENSG00000215088",616
"ENSG00000215089",1283
"ENSG00000215093",1096
"ENSG00000215094",407
"ENSG00000215096",394
"ENSG00000215097",1760
"ENSG00000215102",1115
"ENSG00000215105",6081
"ENSG00000215110",1586
"ENSG00000215112",2275
"ENSG00000215113",1831
"ENSG00000215114",5295
"ENSG00000215115",1890
"ENSG00000215117",4197
"ENSG00000215120",1545
"ENSG00000215124",1345
"ENSG00000215126",10321
"ENSG00000215127",721
"ENSG00000215131",972
"ENSG00000215146",2213
"ENSG00000215148",1192
"ENSG00000215149",1287
"ENSG00000215151",1601
"ENSG00000215154",366
"ENSG00000215156",3498
"ENSG00000215158",458
"ENSG00000215160",1017
"ENSG00000215162",2389
"ENSG00000215165",880
"ENSG00000215168",1001
"ENSG00000215174",3194
"ENSG00000215177",352
"ENSG00000215179",2142
"ENSG00000215182",17448
"ENSG00000215183",794
"ENSG00000215184",407
"ENSG00000215186",5480
"ENSG00000215187",1372
"ENSG00000215190",181
"ENSG00000215193",18693
"ENSG00000215196",13839
"ENSG00000215197",654
"ENSG00000215198",1775
"ENSG00000215199",738
"ENSG00000215203",1545
"ENSG00000215206",435
"ENSG00000215208",1297
"ENSG00000215210",1168
"ENSG00000215217",2046
"ENSG00000215218",5895
"ENSG00000215221",382
"ENSG00000215223",1428
"ENSG00000215227",379
"ENSG00000215231",4724
"ENSG00000215236",742
"ENSG00000215237",1188
"ENSG00000215241",15120
"ENSG00000215244",7019
"ENSG00000215246",6654
"ENSG00000215251",5477
"ENSG00000215252",7782
"ENSG00000215256",10872
"ENSG00000215262",3966
"ENSG00000215263",379
"ENSG00000215264",651
"ENSG00000215267",895
"ENSG00000215268",2260
"ENSG00000215269",561
"ENSG00000215270",1049
"ENSG00000215274",558
"ENSG00000215277",2179
"ENSG00000215278",579
"ENSG00000215283",622
"ENSG00000215284",655
"ENSG00000215286",754
"ENSG00000215288",1251
"ENSG00000215296",894
"ENSG00000215297",464
"ENSG00000215301",15836
"ENSG00000215302",1502
"ENSG00000215304",1097
"ENSG00000215305",3364
"ENSG00000215310",1230
"ENSG00000215311",834
"ENSG00000215313",862
"ENSG00000215317",1041
"ENSG00000215319",1231
"ENSG00000215325",1244
"ENSG00000215326",606
"ENSG00000215333",1283
"ENSG00000215339",889
"ENSG00000215343",3683
"ENSG00000215347",898
"ENSG00000215349",1033
"ENSG00000215351",496
"ENSG00000215353",770
"ENSG00000215354",1405
"ENSG00000215356",1207
"ENSG00000215357",1658
"ENSG00000215367",690
"ENSG00000215368",481
"ENSG00000215369",293
"ENSG00000215371",252
"ENSG00000215372",3644
"ENSG00000215373",1395
"ENSG00000215374",10952
"ENSG00000215375",4300
"ENSG00000215378",231
"ENSG00000215380",210
"ENSG00000215381",460
"ENSG00000215386",60175
"ENSG00000215388",1114
"ENSG00000215397",3200
"ENSG00000215398",734
"ENSG00000215399",611
"ENSG00000215403",992
"ENSG00000215409",808
"ENSG00000215414",741
"ENSG00000215417",12995
"ENSG00000215418",1048
"ENSG00000215421",12190
"ENSG00000215424",10531
"ENSG00000215440",7454
"ENSG00000215441",2364
"ENSG00000215444",459
"ENSG00000215448",885
"ENSG00000215450",863
"ENSG00000215452",1131
"ENSG00000215454",1643
"ENSG00000215455",1215
"ENSG00000215456",804
"ENSG00000215457",622
"ENSG00000215458",4874
"ENSG00000215464",456
"ENSG00000215467",435
"ENSG00000215472",1529
"ENSG00000215474",4151
"ENSG00000215475",7075
"ENSG00000215477",996
"ENSG00000215478",859
"ENSG00000215480",897
"ENSG00000215481",4083
"ENSG00000215482",449
"ENSG00000215483",23328
"ENSG00000215486",480
"ENSG00000215492",963
"ENSG00000215493",1703
"ENSG00000215498",6580
"ENSG00000215506",1605
"ENSG00000215507",1157
"ENSG00000215512",1181
"ENSG00000215515",1449
"ENSG00000215520",763
"ENSG00000215529",4772
"ENSG00000215533",1167
"ENSG00000215537",1213
"ENSG00000215540",1157
"ENSG00000215544",544
"ENSG00000215545",309
"ENSG00000215546",698
"ENSG00000215547",267
"ENSG00000215548",931
"ENSG00000215553",1288
"ENSG00000215559",3717
"ENSG00000215560",1562
"ENSG00000215562",932
"ENSG00000215567",714
"ENSG00000215568",4077
"ENSG00000215571",1711
"ENSG00000215572",1257
"ENSG00000215580",5229
"ENSG00000215583",1234
"ENSG00000215586",525
"ENSG00000215589",1234
"ENSG00000215595",2406
"ENSG00000215601",443
"ENSG00000215603",1191
"ENSG00000215604",3140
"ENSG00000215606",1269
"ENSG00000215612",2166
"ENSG00000215630",584
"ENSG00000215644",3236
"ENSG00000215692",472
"ENSG00000215695",2321
"ENSG00000215704",1449
"ENSG00000215712",5005
"ENSG00000215717",3613
"ENSG00000215720",710
"ENSG00000215734",433
"ENSG00000215760",499
"ENSG00000215765",1294
"ENSG00000215769",5595
"ENSG00000215771",462
"ENSG00000215784",2423
"ENSG00000215785",494
"ENSG00000215788",4263
"ENSG00000215790",732
"ENSG00000215795",1670
"ENSG00000215796",1231
"ENSG00000215800",484
"ENSG00000215802",428
"ENSG00000215805",1459
"ENSG00000215807",1286
"ENSG00000215808",5975
"ENSG00000215811",695
"ENSG00000215812",1077
"ENSG00000215817",4727
"ENSG00000215819",1273
"ENSG00000215833",1540
"ENSG00000215834",1535
"ENSG00000215835",1969
"ENSG00000215837",2001
"ENSG00000215838",989
"ENSG00000215840",884
"ENSG00000215841",1938
"ENSG00000215845",1197
"ENSG00000215846",667
"ENSG00000215853",3569
"ENSG00000215859",1350
"ENSG00000215861",933
"ENSG00000215864",1332
"ENSG00000215866",3183
"ENSG00000215867",1254
"ENSG00000215869",528
"ENSG00000215871",814
"ENSG00000215873",1145
"ENSG00000215874",633
"ENSG00000215875",1065
"ENSG00000215878",976
"ENSG00000215881",5239
"ENSG00000215883",8926
"ENSG00000215887",1966
"ENSG00000215893",499
"ENSG00000215895",1960
"ENSG00000215899",1342
"ENSG00000215900",252
"ENSG00000215905",328
"ENSG00000215906",1950
"ENSG00000215908",2773
"ENSG00000215909",371
"ENSG00000215910",6695
"ENSG00000215912",7780
"ENSG00000215914",1017
"ENSG00000215915",3981
"ENSG00000215930",86
"ENSG00000215938",79
"ENSG00000215939",77
"ENSG00000215943",75
"ENSG00000215952",56
"ENSG00000215957",83
"ENSG00000215961",66
"ENSG00000215966",81
"ENSG00000215973",77
"ENSG00000215991",77
"ENSG00000216001",78
"ENSG00000216005",77
"ENSG00000216009",78
"ENSG00000216031",88
"ENSG00000216035",83
"ENSG00000216056",79
"ENSG00000216058",88
"ENSG00000216060",83
"ENSG00000216064",79
"ENSG00000216069",76
"ENSG00000216075",77
"ENSG00000216077",79
"ENSG00000216098",77
"ENSG00000216099",79
"ENSG00000216101",86
"ENSG00000216135",74
"ENSG00000216141",72
"ENSG00000216171",84
"ENSG00000216179",84
"ENSG00000216191",91
"ENSG00000216192",75
"ENSG00000216195",72
"ENSG00000216265",322
"ENSG00000216285",765
"ENSG00000216306",1012
"ENSG00000216307",691
"ENSG00000216316",582
"ENSG00000216324",294
"ENSG00000216331",574
"ENSG00000216347",664
"ENSG00000216352",1349
"ENSG00000216359",692
"ENSG00000216360",946
"ENSG00000216364",426
"ENSG00000216365",287
"ENSG00000216368",802
"ENSG00000216378",984
"ENSG00000216412",493
"ENSG00000216425",802
"ENSG00000216436",331
"ENSG00000216439",469
"ENSG00000216444",596
"ENSG00000216471",625
"ENSG00000216475",591
"ENSG00000216480",466
"ENSG00000216490",2344
"ENSG00000216516",217
"ENSG00000216518",905
"ENSG00000216519",276
"ENSG00000216523",229
"ENSG00000216548",454
"ENSG00000216560",2801
"ENSG00000216588",1414
"ENSG00000216613",579
"ENSG00000216616",413
"ENSG00000216621",440
"ENSG00000216624",1010
"ENSG00000216629",926
"ENSG00000216636",721
"ENSG00000216639",747
"ENSG00000216642",381
"ENSG00000216649",560
"ENSG00000216657",1038
"ENSG00000216663",997
"ENSG00000216671",998
"ENSG00000216676",224
"ENSG00000216687",1415
"ENSG00000216708",479
"ENSG00000216710",293
"ENSG00000216713",1023
"ENSG00000216718",493
"ENSG00000216721",251
"ENSG00000216723",555
"ENSG00000216740",1008
"ENSG00000216753",502
"ENSG00000216754",869
"ENSG00000216762",885
"ENSG00000216775",436
"ENSG00000216777",159
"ENSG00000216781",675
"ENSG00000216802",748
"ENSG00000216809",2524
"ENSG00000216811",564
"ENSG00000216813",397
"ENSG00000216817",2116
"ENSG00000216819",871
"ENSG00000216824",1110
"ENSG00000216829",295
"ENSG00000216835",1191
"ENSG00000216844",455
"ENSG00000216853",440
"ENSG00000216854",553
"ENSG00000216859",564
"ENSG00000216863",13420
"ENSG00000216866",883
"ENSG00000216867",387
"ENSG00000216895",2031
"ENSG00000216901",487
"ENSG00000216902",367
"ENSG00000216904",1586
"ENSG00000216906",2176
"ENSG00000216913",611
"ENSG00000216915",1495
"ENSG00000216917",592
"ENSG00000216921",687
"ENSG00000216937",9014
"ENSG00000216938",758
"ENSG00000216966",267
"ENSG00000216977",466
"ENSG00000216990",1676
"ENSG00000216998",1173
"ENSG00000217004",328
"ENSG00000217026",644
"ENSG00000217027",519
"ENSG00000217030",423
"ENSG00000217041",339
"ENSG00000217044",789
"ENSG00000217060",1590
"ENSG00000217067",392
"ENSG00000217078",386
"ENSG00000217083",465
"ENSG00000217085",560
"ENSG00000217089",169
"ENSG00000217094",495
"ENSG00000217120",1384
"ENSG00000217128",7896
"ENSG00000217130",498
"ENSG00000217135",300
"ENSG00000217139",1348
"ENSG00000217159",292
"ENSG00000217160",684
"ENSG00000217165",2632
"ENSG00000217169",247
"ENSG00000217178",395
"ENSG00000217179",171
"ENSG00000217181",479
"ENSG00000217195",315
"ENSG00000217227",1207
"ENSG00000217228",508
"ENSG00000217231",649
"ENSG00000217236",2554
"ENSG00000217239",354
"ENSG00000217241",552
"ENSG00000217261",1891
"ENSG00000217268",293
"ENSG00000217272",572
"ENSG00000217275",499
"ENSG00000217289",1152
"ENSG00000217314",385
"ENSG00000217315",909
"ENSG00000217325",660
"ENSG00000217327",581
"ENSG00000217330",565
"ENSG00000217331",841
"ENSG00000217334",641
"ENSG00000217372",1234
"ENSG00000217377",634
"ENSG00000217379",466
"ENSG00000217385",1317
"ENSG00000217404",780
"ENSG00000217408",396
"ENSG00000217414",2007
"ENSG00000217416",387
"ENSG00000217442",489
"ENSG00000217447",582
"ENSG00000217455",11148
"ENSG00000217477",559
"ENSG00000217482",628
"ENSG00000217483",598
"ENSG00000217488",756
"ENSG00000217495",785
"ENSG00000217512",447
"ENSG00000217514",254
"ENSG00000217527",404
"ENSG00000217539",1633
"ENSG00000217555",1161
"ENSG00000217557",291
"ENSG00000217566",520
"ENSG00000217576",4175
"ENSG00000217585",972
"ENSG00000217612",1879
"ENSG00000217624",735
"ENSG00000217631",195
"ENSG00000217643",482
"ENSG00000217644",526
"ENSG00000217646",340
"ENSG00000217648",1138
"ENSG00000217653",755
"ENSG00000217680",448
"ENSG00000217684",734
"ENSG00000217686",585
"ENSG00000217702",1808
"ENSG00000217707",377
"ENSG00000217716",494
"ENSG00000217718",243
"ENSG00000217733",1611
"ENSG00000217746",893
"ENSG00000217767",460
"ENSG00000217769",304
"ENSG00000217770",1741
"ENSG00000217776",306
"ENSG00000217783",1082
"ENSG00000217786",640
"ENSG00000217791",1236
"ENSG00000217801",1219
"ENSG00000217805",387
"ENSG00000217809",507
"ENSG00000217811",478
"ENSG00000217824",277
"ENSG00000217825",1726
"ENSG00000217835",908
"ENSG00000217862",265
"ENSG00000217874",931
"ENSG00000217878",330
"ENSG00000217889",852
"ENSG00000217896",861
"ENSG00000217897",288
"ENSG00000217929",2812
"ENSG00000217930",2331
"ENSG00000217950",1944
"ENSG00000218014",1186
"ENSG00000218016",1383
"ENSG00000218018",3550
"ENSG00000218020",2275
"ENSG00000218027",1592
"ENSG00000218029",271
"ENSG00000218048",968
"ENSG00000218049",340
"ENSG00000218052",3611
"ENSG00000218069",493
"ENSG00000218073",486
"ENSG00000218089",1166
"ENSG00000218107",803
"ENSG00000218109",1768
"ENSG00000218125",156
"ENSG00000218143",299
"ENSG00000218153",1347
"ENSG00000218173",431
"ENSG00000218175",345
"ENSG00000218180",896
"ENSG00000218186",1458
"ENSG00000218187",419
"ENSG00000218189",1558
"ENSG00000218194",499
"ENSG00000218198",356
"ENSG00000218208",447
"ENSG00000218213",701
"ENSG00000218226",2226
"ENSG00000218227",591
"ENSG00000218233",1371
"ENSG00000218261",359
"ENSG00000218265",780
"ENSG00000218274",1548
"ENSG00000218281",134
"ENSG00000218283",967
"ENSG00000218300",335
"ENSG00000218305",2908
"ENSG00000218313",936
"ENSG00000218336",12010
"ENSG00000218337",340
"ENSG00000218347",944
"ENSG00000218350",695
"ENSG00000218351",784
"ENSG00000218357",3080
"ENSG00000218358",784
"ENSG00000218359",272
"ENSG00000218363",903
"ENSG00000218410",1646
"ENSG00000218416",3521
"ENSG00000218418",5914
"ENSG00000218424",289
"ENSG00000218426",447
"ENSG00000218428",515
"ENSG00000218454",370
"ENSG00000218459",252
"ENSG00000218472",371
"ENSG00000218475",1143
"ENSG00000218476",867
"ENSG00000218483",267
"ENSG00000218490",479
"ENSG00000218499",172
"ENSG00000218502",387
"ENSG00000218510",3764
"ENSG00000218512",121
"ENSG00000218520",1024
"ENSG00000218521",482
"ENSG00000218536",684
"ENSG00000218537",1476
"ENSG00000218549",945
"ENSG00000218561",401
"ENSG00000218565",1473
"ENSG00000218574",969
"ENSG00000218577",709
"ENSG00000218582",1007
"ENSG00000218586",4486
"ENSG00000218596",378
"ENSG00000218617",385
"ENSG00000218631",616
"ENSG00000218632",740
"ENSG00000218643",896
"ENSG00000218672",2261
"ENSG00000218676",1522
"ENSG00000218682",506
"ENSG00000218689",815
"ENSG00000218690",348
"ENSG00000218698",781
"ENSG00000218713",2100
"ENSG00000218716",490
"ENSG00000218725",1295
"ENSG00000218728",1285
"ENSG00000218730",406
"ENSG00000218732",838
"ENSG00000218739",4700
"ENSG00000218748",260
"ENSG00000218749",307
"ENSG00000218754",528
"ENSG00000218757",547
"ENSG00000218766",512
"ENSG00000218772",1135
"ENSG00000218776",692
"ENSG00000218792",394
"ENSG00000218793",982
"ENSG00000218803",654
"ENSG00000218806",562
"ENSG00000218809",365
"ENSG00000218813",843
"ENSG00000218819",7180
"ENSG00000218823",4293
"ENSG00000218834",190
"ENSG00000218839",1467
"ENSG00000218857",1162
"ENSG00000218868",935
"ENSG00000218870",778
"ENSG00000218872",338
"ENSG00000218890",1479
"ENSG00000218891",3320
"ENSG00000218893",140
"ENSG00000218896",495
"ENSG00000218902",330
"ENSG00000218965",609
"ENSG00000218976",1314
"ENSG00000218980",280
"ENSG00000218986",426
"ENSG00000218991",885
"ENSG00000218996",599
"ENSG00000219023",392
"ENSG00000219027",754
"ENSG00000219039",479
"ENSG00000219061",1353
"ENSG00000219073",1540
"ENSG00000219074",440
"ENSG00000219085",874
"ENSG00000219087",166
"ENSG00000219088",1673
"ENSG00000219095",268
"ENSG00000219102",1063
"ENSG00000219133",483
"ENSG00000219135",488
"ENSG00000219139",869
"ENSG00000219146",771
"ENSG00000219149",490
"ENSG00000219150",204
"ENSG00000219159",3602
"ENSG00000219163",677
"ENSG00000219186",528
"ENSG00000219188",625
"ENSG00000219190",411
"ENSG00000219200",1789
"ENSG00000219201",921
"ENSG00000219222",127
"ENSG00000219240",1396
"ENSG00000219249",1057
"ENSG00000219253",553
"ENSG00000219257",865
"ENSG00000219262",494
"ENSG00000219273",1790
"ENSG00000219274",389
"ENSG00000219280",893
"ENSG00000219284",352
"ENSG00000219294",1656
"ENSG00000219297",326
"ENSG00000219298",551
"ENSG00000219302",534
"ENSG00000219314",754
"ENSG00000219329",542
"ENSG00000219355",367
"ENSG00000219361",358
"ENSG00000219368",1804
"ENSG00000219375",391
"ENSG00000219384",642
"ENSG00000219387",927
"ENSG00000219391",261
"ENSG00000219392",924
"ENSG00000219395",786
"ENSG00000219404",604
"ENSG00000219409",794
"ENSG00000219410",1361
"ENSG00000219430",644
"ENSG00000219433",676
"ENSG00000219435",1109
"ENSG00000219438",3080
"ENSG00000219445",2035
"ENSG00000219451",428
"ENSG00000219453",279
"ENSG00000219463",878
"ENSG00000219470",882
"ENSG00000219481",12212
"ENSG00000219487",664
"ENSG00000219491",521
"ENSG00000219492",901
"ENSG00000219500",426
"ENSG00000219507",514
"ENSG00000219529",358
"ENSG00000219532",289
"ENSG00000219545",3752
"ENSG00000219547",555
"ENSG00000219549",499
"ENSG00000219553",723
"ENSG00000219559",441
"ENSG00000219565",1365
"ENSG00000219575",686
"ENSG00000219582",610
"ENSG00000219592",144
"ENSG00000219604",138
"ENSG00000219607",4147
"ENSG00000219608",258
"ENSG00000219619",255
"ENSG00000219622",862
"ENSG00000219626",4927
"ENSG00000219627",315
"ENSG00000219642",1598
"ENSG00000219653",329
"ENSG00000219665",5890
"ENSG00000219666",277
"ENSG00000219669",812
"ENSG00000219681",382
"ENSG00000219682",1401
"ENSG00000219693",292
"ENSG00000219699",422
"ENSG00000219700",906
"ENSG00000219702",293
"ENSG00000219703",549
"ENSG00000219712",1227
"ENSG00000219722",432
"ENSG00000219736",1408
"ENSG00000219738",572
"ENSG00000219747",405
"ENSG00000219755",745
"ENSG00000219757",426
"ENSG00000219758",343
"ENSG00000219770",868
"ENSG00000219773",874
"ENSG00000219776",478
"ENSG00000219784",664
"ENSG00000219790",457
"ENSG00000219797",498
"ENSG00000219806",767
"ENSG00000219807",544
"ENSG00000219814",460
"ENSG00000219863",351
"ENSG00000219867",586
"ENSG00000219870",222
"ENSG00000219881",981
"ENSG00000219891",419
"ENSG00000219902",371
"ENSG00000219926",463
"ENSG00000219928",174
"ENSG00000219930",788
"ENSG00000219932",580
"ENSG00000219940",259
"ENSG00000219941",1243
"ENSG00000219951",994
"ENSG00000219986",488
"ENSG00000219992",436
"ENSG00000219993",347
"ENSG00000220008",4940
"ENSG00000220030",414
"ENSG00000220069",720
"ENSG00000220076",123
"ENSG00000220091",294
"ENSG00000220105",604
"ENSG00000220110",466
"ENSG00000220113",249
"ENSG00000220125",247
"ENSG00000220130",267
"ENSG00000220131",354
"ENSG00000220132",743
"ENSG00000220139",180
"ENSG00000220154",323
"ENSG00000220157",961
"ENSG00000220161",2169
"ENSG00000220181",726
"ENSG00000220184",590
"ENSG00000220201",2431
"ENSG00000220204",287
"ENSG00000220205",3394
"ENSG00000220212",938
"ENSG00000220237",394
"ENSG00000220240",137
"ENSG00000220248",3100
"ENSG00000220256",7383
"ENSG00000220267",1108
"ENSG00000220291",1002
"ENSG00000220305",1185
"ENSG00000220311",305
"ENSG00000220323",493
"ENSG00000220326",213
"ENSG00000220340",224
"ENSG00000220343",490
"ENSG00000220347",388
"ENSG00000220349",937
"ENSG00000220370",226
"ENSG00000220377",637
"ENSG00000220378",1399
"ENSG00000220392",482
"ENSG00000220412",1779
"ENSG00000220418",1332
"ENSG00000220446",359
"ENSG00000220447",389
"ENSG00000220472",730
"ENSG00000220483",871
"ENSG00000220494",1393
"ENSG00000220505",334
"ENSG00000220506",654
"ENSG00000220514",270
"ENSG00000220515",761
"ENSG00000220517",1237
"ENSG00000220522",418
"ENSG00000220537",979
"ENSG00000220540",211
"ENSG00000220541",508
"ENSG00000220553",893
"ENSG00000220556",383
"ENSG00000220557",642
"ENSG00000220563",715
"ENSG00000220575",3807
"ENSG00000220581",876
"ENSG00000220583",363
"ENSG00000220585",1997
"ENSG00000220586",1099
"ENSG00000220598",814
"ENSG00000220600",277
"ENSG00000220614",343
"ENSG00000220635",552
"ENSG00000220643",280
"ENSG00000220660",334
"ENSG00000220666",1264
"ENSG00000220685",1188
"ENSG00000220694",554
"ENSG00000220695",777
"ENSG00000220702",606
"ENSG00000220721",918
"ENSG00000220725",380
"ENSG00000220730",340
"ENSG00000220733",186
"ENSG00000220734",628
"ENSG00000220739",392
"ENSG00000220744",891
"ENSG00000220745",247
"ENSG00000220748",1063
"ENSG00000220749",483
"ENSG00000220758",875
"ENSG00000220771",256
"ENSG00000220773",884
"ENSG00000220785",1545
"ENSG00000220793",480
"ENSG00000220804",412
"ENSG00000220831",340
"ENSG00000220842",483
"ENSG00000220848",460
"ENSG00000220867",275
"ENSG00000220868",572
"ENSG00000220871",280
"ENSG00000220875",417
"ENSG00000220884",994
"ENSG00000220891",3111
"ENSG00000220908",4466
"ENSG00000220913",597
"ENSG00000220918",949
"ENSG00000220920",359
"ENSG00000220924",449
"ENSG00000220925",513
"ENSG00000220937",928
"ENSG00000220948",1510
"ENSG00000220949",1383
"ENSG00000220960",482
"ENSG00000220986",134
"ENSG00000220988",91
"ENSG00000221015",125
"ENSG00000221017",73
"ENSG00000221023",110
"ENSG00000221025",113
"ENSG00000221028",92
"ENSG00000221031",192
"ENSG00000221033",129
"ENSG00000221036",78
"ENSG00000221038",127
"ENSG00000221039",78
"ENSG00000221040",216
"ENSG00000221042",78
"ENSG00000221043",212
"ENSG00000221044",204
"ENSG00000221046",126
"ENSG00000221052",84
"ENSG00000221055",138
"ENSG00000221059",126
"ENSG00000221060",129
"ENSG00000221063",92
"ENSG00000221065",82
"ENSG00000221066",94
"ENSG00000221081",48
"ENSG00000221083",125
"ENSG00000221091",150
"ENSG00000221093",111
"ENSG00000221102",129
"ENSG00000221114",122
"ENSG00000221116",75
"ENSG00000221120",85
"ENSG00000221125",212
"ENSG00000221139",104
"ENSG00000221148",125
"ENSG00000221164",128
"ENSG00000221176",87
"ENSG00000221184",97
"ENSG00000221187",86
"ENSG00000221190",99
"ENSG00000221200",105
"ENSG00000221203",93
"ENSG00000221206",121
"ENSG00000221214",88
"ENSG00000221216",119
"ENSG00000221227",86
"ENSG00000221230",86
"ENSG00000221238",88
"ENSG00000221240",73
"ENSG00000221241",91
"ENSG00000221245",127
"ENSG00000221251",86
"ENSG00000221255",131
"ENSG00000221261",73
"ENSG00000221263",84
"ENSG00000221264",120
"ENSG00000221265",113
"ENSG00000221269",128
"ENSG00000221273",102
"ENSG00000221275",149
"ENSG00000221287",111
"ENSG00000221288",115
"ENSG00000221296",74
"ENSG00000221300",60
"ENSG00000221303",140
"ENSG00000221305",149
"ENSG00000221325",76
"ENSG00000221331",100
"ENSG00000221332",208
"ENSG00000221333",116
"ENSG00000221340",101
"ENSG00000221345",213
"ENSG00000221348",86
"ENSG00000221355",75
"ENSG00000221363",127
"ENSG00000221365",73
"ENSG00000221369",89
"ENSG00000221371",86
"ENSG00000221375",123
"ENSG00000221381",91
"ENSG00000221387",126
"ENSG00000221390",79
"ENSG00000221393",90
"ENSG00000221394",69
"ENSG00000221398",128
"ENSG00000221400",190
"ENSG00000221406",138
"ENSG00000221410",83
"ENSG00000221411",88
"ENSG00000221420",178
"ENSG00000221421",87
"ENSG00000221430",142
"ENSG00000221436",87
"ENSG00000221439",126
"ENSG00000221440",126
"ENSG00000221442",105
"ENSG00000221445",82
"ENSG00000221455",213
"ENSG00000221456",83
"ENSG00000221459",129
"ENSG00000221461",216
"ENSG00000221463",78
"ENSG00000221464",86
"ENSG00000221466",92
"ENSG00000221468",125
"ENSG00000221475",128
"ENSG00000221476",66
"ENSG00000221479",70
"ENSG00000221491",137
"ENSG00000221493",88
"ENSG00000221494",77
"ENSG00000221496",239
"ENSG00000221498",112
"ENSG00000221500",76
"ENSG00000221502",70
"ENSG00000221507",137
"ENSG00000221510",114
"ENSG00000221514",80
"ENSG00000221518",138
"ENSG00000221520",84
"ENSG00000221525",86
"ENSG00000221527",126
"ENSG00000221533",99
"ENSG00000221537",102
"ENSG00000221539",74
"ENSG00000221540",69
"ENSG00000221545",67
"ENSG00000221548",87
"ENSG00000221552",86
"ENSG00000221562",111
"ENSG00000221563",105
"ENSG00000221564",95
"ENSG00000221571",444
"ENSG00000221574",126
"ENSG00000221583",126
"ENSG00000221585",75
"ENSG00000221586",82
"ENSG00000221594",84
"ENSG00000221598",66
"ENSG00000221601",126
"ENSG00000221603",99
"ENSG00000221604",71
"ENSG00000221611",91
"ENSG00000221614",86
"ENSG00000221616",111
"ENSG00000221628",150
"ENSG00000221630",91
"ENSG00000221633",208
"ENSG00000221634",83
"ENSG00000221638",219
"ENSG00000221639",125
"ENSG00000221641",52
"ENSG00000221643",125
"ENSG00000221649",82
"ENSG00000221650",78
"ENSG00000221656",90
"ENSG00000221662",78
"ENSG00000221669",75
"ENSG00000221673",214
"ENSG00000221676",126
"ENSG00000221680",81
"ENSG00000221697",80
"ENSG00000221698",118
"ENSG00000221703",72
"ENSG00000221705",128
"ENSG00000221710",112
"ENSG00000221711",58
"ENSG00000221716",128
"ENSG00000221719",125
"ENSG00000221725",117
"ENSG00000221737",149
"ENSG00000221739",85
"ENSG00000221740",74
"ENSG00000221745",88
"ENSG00000221750",129
"ENSG00000221753",103
"ENSG00000221754",73
"ENSG00000221760",112
"ENSG00000221763",144
"ENSG00000221768",72
"ENSG00000221771",63
"ENSG00000221782",98
"ENSG00000221783",89
"ENSG00000221788",65
"ENSG00000221792",101
"ENSG00000221801",88
"ENSG00000221803",110
"ENSG00000221806",121
"ENSG00000221808",119
"ENSG00000221813",5196
"ENSG00000221817",7447
"ENSG00000221818",7098
"ENSG00000221819",994
"ENSG00000221821",557
"ENSG00000221823",3364
"ENSG00000221826",3398
"ENSG00000221829",5553
"ENSG00000221836",8681
"ENSG00000221837",1286
"ENSG00000221838",6275
"ENSG00000221840",1071
"ENSG00000221843",16403
"ENSG00000221844",1696
"ENSG00000221845",3289
"ENSG00000221849",1319
"ENSG00000221852",1183
"ENSG00000221855",924
"ENSG00000221857",735
"ENSG00000221858",4172
"ENSG00000221859",1100
"ENSG00000221864",739
"ENSG00000221866",16364
"ENSG00000221867",1773
"ENSG00000221869",1252
"ENSG00000221874",1252
"ENSG00000221878",4824
"ENSG00000221879",262
"ENSG00000221880",991
"ENSG00000221882",3457
"ENSG00000221883",1065
"ENSG00000221886",2882
"ENSG00000221887",2921
"ENSG00000221888",3980
"ENSG00000221890",5830
"ENSG00000221891",458
"ENSG00000221900",1293
"ENSG00000221909",2705
"ENSG00000221910",954
"ENSG00000221914",8777
"ENSG00000221916",742
"ENSG00000221923",3719
"ENSG00000221926",5640
"ENSG00000221930",1074
"ENSG00000221931",939
"ENSG00000221932",1428
"ENSG00000221933",1853
"ENSG00000221937",1043
"ENSG00000221938",2220
"ENSG00000221944",6675
"ENSG00000221946",1796
"ENSG00000221947",3931
"ENSG00000221949",1940
"ENSG00000221953",2930
"ENSG00000221954",1063
"ENSG00000221955",5586
"ENSG00000221957",1608
"ENSG00000221962",378
"ENSG00000221963",10065
"ENSG00000221968",6294
"ENSG00000221970",4746
"ENSG00000221971",1158
"ENSG00000221977",2855
"ENSG00000221978",6842
"ENSG00000221983",4306
"ENSG00000221986",1759
"ENSG00000221988",2938
"ENSG00000221989",957
"ENSG00000221990",1663
"ENSG00000221994",4340
"ENSG00000221996",1124
"ENSG00000222000",2464
"ENSG00000222001",945
"ENSG00000222004",2299
"ENSG00000222005",14046
"ENSG00000222007",600
"ENSG00000222009",5275
"ENSG00000222011",2729
"ENSG00000222012",3669
"ENSG00000222014",3073
"ENSG00000222017",2854
"ENSG00000222018",961
"ENSG00000222019",398
"ENSG00000222020",1493
"ENSG00000222024",983
"ENSG00000222028",1849
"ENSG00000222031",1294
"ENSG00000222032",1622
"ENSG00000222033",2117
"ENSG00000222035",4985
"ENSG00000222036",6971
"ENSG00000222037",317
"ENSG00000222038",3370
"ENSG00000222041",17782
"ENSG00000222042",4467
"ENSG00000222043",499
"ENSG00000222044",1055
"ENSG00000222046",1870
"ENSG00000222047",3489
"ENSG00000222051",107
"ENSG00000222054",107
"ENSG00000222057",130
"ENSG00000222067",219
"ENSG00000222068",290
"ENSG00000222069",318
"ENSG00000222071",80
"ENSG00000222072",107
"ENSG00000222076",191
"ENSG00000222078",285
"ENSG00000222087",105
"ENSG00000222092",94
"ENSG00000222094",185
"ENSG00000222095",74
"ENSG00000222099",303
"ENSG00000222102",290
"ENSG00000222107",264
"ENSG00000222108",116
"ENSG00000222111",275
"ENSG00000222112",299
"ENSG00000222114",104
"ENSG00000222118",122
"ENSG00000222122",107
"ENSG00000222123",113
"ENSG00000222126",145
"ENSG00000222129",133
"ENSG00000222139",107
"ENSG00000222145",189
"ENSG00000222146",84
"ENSG00000222148",95
"ENSG00000222150",129
"ENSG00000222154",292
"ENSG00000222160",104
"ENSG00000222162",316
"ENSG00000222164",287
"ENSG00000222170",98
"ENSG00000222174",334
"ENSG00000222177",143
"ENSG00000222178",98
"ENSG00000222179",293
"ENSG00000222182",110
"ENSG00000222185",75
"ENSG00000222202",107
"ENSG00000222205",108
"ENSG00000222206",109
"ENSG00000222207",110
"ENSG00000222208",118
"ENSG00000222209",118
"ENSG00000222210",313
"ENSG00000222213",105
"ENSG00000222220",299
"ENSG00000222222",190
"ENSG00000222224",98
"ENSG00000222225",104
"ENSG00000222230",102
"ENSG00000222231",190
"ENSG00000222232",108
"ENSG00000222236",99
"ENSG00000222238",190
"ENSG00000222240",342
"ENSG00000222244",120
"ENSG00000222246",57
"ENSG00000222248",124
"ENSG00000222249",116
"ENSG00000222251",137
"ENSG00000222255",104
"ENSG00000222257",305
"ENSG00000222259",279
"ENSG00000222266",100
"ENSG00000222267",99
"ENSG00000222268",112
"ENSG00000222276",192
"ENSG00000222281",271
"ENSG00000222282",95
"ENSG00000222285",107
"ENSG00000222287",99
"ENSG00000222293",191
"ENSG00000222297",100
"ENSG00000222300",188
"ENSG00000222302",125
"ENSG00000222303",100
"ENSG00000222305",140
"ENSG00000222308",127
"ENSG00000222312",128
"ENSG00000222313",285
"ENSG00000222314",104
"ENSG00000222317",109
"ENSG00000222320",107
"ENSG00000222321",80
"ENSG00000222327",104
"ENSG00000222328",191
"ENSG00000222329",104
"ENSG00000222335",105
"ENSG00000222337",352
"ENSG00000222338",106
"ENSG00000222343",293
"ENSG00000222344",108
"ENSG00000222345",76
"ENSG00000222346",113
"ENSG00000222351",107
"ENSG00000222352",301
"ENSG00000222355",189
"ENSG00000222356",105
"ENSG00000222357",191
"ENSG00000222359",104
"ENSG00000222361",97
"ENSG00000222363",124
"ENSG00000222365",91
"ENSG00000222370",131
"ENSG00000222371",330
"ENSG00000222375",354
"ENSG00000222376",315
"ENSG00000222378",133
"ENSG00000222383",136
"ENSG00000222385",326
"ENSG00000222386",332
"ENSG00000222389",189
"ENSG00000222394",109
"ENSG00000222395",100
"ENSG00000222397",302
"ENSG00000222398",106
"ENSG00000222399",104
"ENSG00000222404",352
"ENSG00000222405",140
"ENSG00000222407",111
"ENSG00000222412",95
"ENSG00000222413",302
"ENSG00000222414",191
"ENSG00000222416",108
"ENSG00000222418",84
"ENSG00000222419",115
"ENSG00000222421",109
"ENSG00000222426",143
"ENSG00000222427",85
"ENSG00000222428",138
"ENSG00000222429",104
"ENSG00000222430",100
"ENSG00000222431",105
"ENSG00000222432",113
"ENSG00000222436",342
"ENSG00000222438",102
"ENSG00000222439",111
"ENSG00000222440",191
"ENSG00000222445",331
"ENSG00000222448",321
"ENSG00000222449",106
"ENSG00000222451",310
"ENSG00000222452",314
"ENSG00000222455",111
"ENSG00000222457",99
"ENSG00000222459",113
"ENSG00000222460",320
"ENSG00000222465",180
"ENSG00000222467",92
"ENSG00000222468",106
"ENSG00000222472",285
"ENSG00000222477",195
"ENSG00000222486",91
"ENSG00000222488",100
"ENSG00000222489",148
"ENSG00000222490",100
"ENSG00000222496",320
"ENSG00000222499",355
"ENSG00000222500",110
"ENSG00000222501",230
"ENSG00000222503",108
"ENSG00000222506",102
"ENSG00000222509",105
"ENSG00000222511",103
"ENSG00000222514",62
"ENSG00000222515",375
"ENSG00000222520",110
"ENSG00000222522",108
"ENSG00000222524",316
"ENSG00000222529",98
"ENSG00000222532",86
"ENSG00000222533",104
"ENSG00000222536",198
"ENSG00000222543",288
"ENSG00000222544",107
"ENSG00000222546",137
"ENSG00000222552",87
"ENSG00000222558",104
"ENSG00000222560",137
"ENSG00000222561",104
"ENSG00000222574",295
"ENSG00000222578",108
"ENSG00000222579",95
"ENSG00000222581",186
"ENSG00000222582",161
"ENSG00000222583",315
"ENSG00000222585",129
"ENSG00000222588",129
"ENSG00000222589",292
"ENSG00000222592",100
"ENSG00000222594",305
"ENSG00000222598",184
"ENSG00000222601",89
"ENSG00000222604",110
"ENSG00000222607",107
"ENSG00000222608",117
"ENSG00000222609",143
"ENSG00000222610",103
"ENSG00000222612",190
"ENSG00000222613",103
"ENSG00000222614",108
"ENSG00000222616",333
"ENSG00000222617",310
"ENSG00000222623",104
"ENSG00000222624",191
"ENSG00000222626",191
"ENSG00000222627",177
"ENSG00000222629",113
"ENSG00000222630",301
"ENSG00000222635",110
"ENSG00000222636",269
"ENSG00000222640",197
"ENSG00000222644",136
"ENSG00000222649",95
"ENSG00000222650",179
"ENSG00000222652",107
"ENSG00000222658",97
"ENSG00000222659",190
"ENSG00000222663",137
"ENSG00000222664",291
"ENSG00000222666",213
"ENSG00000222667",107
"ENSG00000222675",123
"ENSG00000222678",298
"ENSG00000222679",107
"ENSG00000222682",119
"ENSG00000222685",273
"ENSG00000222686",173
"ENSG00000222691",104
"ENSG00000222693",341
"ENSG00000222698",95
"ENSG00000222701",117
"ENSG00000222704",298
"ENSG00000222705",322
"ENSG00000222706",242
"ENSG00000222713",304
"ENSG00000222714",309
"ENSG00000222715",80
"ENSG00000222721",317
"ENSG00000222724",194
"ENSG00000222726",178
"ENSG00000222727",131
"ENSG00000222733",97
"ENSG00000222736",122
"ENSG00000222740",109
"ENSG00000222741",99
"ENSG00000222743",104
"ENSG00000222744",305
"ENSG00000222747",110
"ENSG00000222750",138
"ENSG00000222755",293
"ENSG00000222760",140
"ENSG00000222761",106
"ENSG00000222764",272
"ENSG00000222765",196
"ENSG00000222767",95
"ENSG00000222774",305
"ENSG00000222777",141
"ENSG00000222778",116
"ENSG00000222783",328
"ENSG00000222784",288
"ENSG00000222788",79
"ENSG00000222790",122
"ENSG00000222791",97
"ENSG00000222792",104
"ENSG00000222795",133
"ENSG00000222796",94
"ENSG00000222800",191
"ENSG00000222806",135
"ENSG00000222808",114
"ENSG00000222810",191
"ENSG00000222821",139
"ENSG00000222826",299
"ENSG00000222831",61
"ENSG00000222832",112
"ENSG00000222835",110
"ENSG00000222838",107
"ENSG00000222842",300
"ENSG00000222844",106
"ENSG00000222845",300
"ENSG00000222849",96
"ENSG00000222852",90
"ENSG00000222854",110
"ENSG00000222858",92
"ENSG00000222859",300
"ENSG00000222862",100
"ENSG00000222869",100
"ENSG00000222870",106
"ENSG00000222872",126
"ENSG00000222874",340
"ENSG00000222880",278
"ENSG00000222881",107
"ENSG00000222883",90
"ENSG00000222889",272
"ENSG00000222890",103
"ENSG00000222895",100
"ENSG00000222898",333
"ENSG00000222909",107
"ENSG00000222915",104
"ENSG00000222920",106
"ENSG00000222921",118
"ENSG00000222922",112
"ENSG00000222923",178
"ENSG00000222924",104
"ENSG00000222931",307
"ENSG00000222932",93
"ENSG00000222934",343
"ENSG00000222937",70
"ENSG00000222940",104
"ENSG00000222941",88
"ENSG00000222942",305
"ENSG00000222950",283
"ENSG00000222952",101
"ENSG00000222955",111
"ENSG00000222958",80
"ENSG00000222960",104
"ENSG00000222966",126
"ENSG00000222969",358
"ENSG00000222971",105
"ENSG00000222972",105
"ENSG00000222973",191
"ENSG00000222974",263
"ENSG00000222976",284
"ENSG00000222979",285
"ENSG00000222982",312
"ENSG00000222983",133
"ENSG00000222985",191
"ENSG00000222986",116
"ENSG00000222987",307
"ENSG00000222990",166
"ENSG00000222997",96
"ENSG00000222998",333
"ENSG00000223001",191
"ENSG00000223003",108
"ENSG00000223004",68
"ENSG00000223006",307
"ENSG00000223007",292
"ENSG00000223012",289
"ENSG00000223013",104
"ENSG00000223015",103
"ENSG00000223019",107
"ENSG00000223023",108
"ENSG00000223024",107
"ENSG00000223026",308
"ENSG00000223027",141
"ENSG00000223037",106
"ENSG00000223039",316
"ENSG00000223040",279
"ENSG00000223042",305
"ENSG00000223044",103
"ENSG00000223046",108
"ENSG00000223047",108
"ENSG00000223056",291
"ENSG00000223060",95
"ENSG00000223062",106
"ENSG00000223064",105
"ENSG00000223075",300
"ENSG00000223076",127
"ENSG00000223078",174
"ENSG00000223080",88
"ENSG00000223086",129
"ENSG00000223087",105
"ENSG00000223088",267
"ENSG00000223092",107
"ENSG00000223096",104
"ENSG00000223107",163
"ENSG00000223109",61
"ENSG00000223113",105
"ENSG00000223117",341
"ENSG00000223118",315
"ENSG00000223120",316
"ENSG00000223125",191
"ENSG00000223126",309
"ENSG00000223128",284
"ENSG00000223131",104
"ENSG00000223136",303
"ENSG00000223138",102
"ENSG00000223142",327
"ENSG00000223145",318
"ENSG00000223152",86
"ENSG00000223156",162
"ENSG00000223158",118
"ENSG00000223162",115
"ENSG00000223168",328
"ENSG00000223169",97
"ENSG00000223174",351
"ENSG00000223175",107
"ENSG00000223177",120
"ENSG00000223179",98
"ENSG00000223181",104
"ENSG00000223188",107
"ENSG00000223189",104
"ENSG00000223190",284
"ENSG00000223191",106
"ENSG00000223197",100
"ENSG00000223198",212
"ENSG00000223202",282
"ENSG00000223203",103
"ENSG00000223208",104
"ENSG00000223212",161
"ENSG00000223215",108
"ENSG00000223217",103
"ENSG00000223220",95
"ENSG00000223223",327
"ENSG00000223224",86
"ENSG00000223225",104
"ENSG00000223229",312
"ENSG00000223238",99
"ENSG00000223245",118
"ENSG00000223247",191
"ENSG00000223254",107
"ENSG00000223256",104
"ENSG00000223258",105
"ENSG00000223259",119
"ENSG00000223260",351
"ENSG00000223262",114
"ENSG00000223263",105
"ENSG00000223265",103
"ENSG00000223269",315
"ENSG00000223271",100
"ENSG00000223273",298
"ENSG00000223274",120
"ENSG00000223280",103
"ENSG00000223281",318
"ENSG00000223282",356
"ENSG00000223284",109
"ENSG00000223287",107
"ENSG00000223290",122
"ENSG00000223293",118
"ENSG00000223294",77
"ENSG00000223298",126
"ENSG00000223299",328
"ENSG00000223300",105
"ENSG00000223302",108
"ENSG00000223305",334
"ENSG00000223306",106
"ENSG00000223308",320
"ENSG00000223309",104
"ENSG00000223313",104
"ENSG00000223315",298
"ENSG00000223318",101
"ENSG00000223321",296
"ENSG00000223324",314
"ENSG00000223327",189
"ENSG00000223330",104
"ENSG00000223335",107
"ENSG00000223336",190
"ENSG00000223341",358
"ENSG00000223342",933
"ENSG00000223343",1878
"ENSG00000223344",841
"ENSG00000223345",381
"ENSG00000223349",1087
"ENSG00000223350",409
"ENSG00000223351",648
"ENSG00000223353",791
"ENSG00000223356",433
"ENSG00000223358",1632
"ENSG00000223360",399
"ENSG00000223361",550
"ENSG00000223362",1570
"ENSG00000223368",614
"ENSG00000223373",596
"ENSG00000223374",442
"ENSG00000223375",216
"ENSG00000223377",275
"ENSG00000223381",794
"ENSG00000223382",2544
"ENSG00000223383",364
"ENSG00000223387",4417
"ENSG00000223389",614
"ENSG00000223390",762
"ENSG00000223391",111
"ENSG00000223392",895
"ENSG00000223393",1994
"ENSG00000223394",333
"ENSG00000223395",280
"ENSG00000223396",494
"ENSG00000223398",466
"ENSG00000223400",369
"ENSG00000223402",348
"ENSG00000223403",8070
"ENSG00000223404",2171
"ENSG00000223406",483
"ENSG00000223407",695
"ENSG00000223409",557
"ENSG00000223410",1385
"ENSG00000223416",348
"ENSG00000223417",2579
"ENSG00000223418",1468
"ENSG00000223419",388
"ENSG00000223421",1363
"ENSG00000223422",662
"ENSG00000223427",708
"ENSG00000223428",350
"ENSG00000223429",841
"ENSG00000223430",415
"ENSG00000223431",482
"ENSG00000223432",310
"ENSG00000223433",171
"ENSG00000223436",526
"ENSG00000223437",114
"ENSG00000223438",751
"ENSG00000223440",2582
"ENSG00000223442",3122
"ENSG00000223443",2415
"ENSG00000223445",846
"ENSG00000223446",2585
"ENSG00000223450",371
"ENSG00000223452",270
"ENSG00000223455",180
"ENSG00000223457",984
"ENSG00000223459",2233
"ENSG00000223460",1008
"ENSG00000223461",3125
"ENSG00000223462",1712
"ENSG00000223466",3473
"ENSG00000223467",433
"ENSG00000223470",631
"ENSG00000223475",552
"ENSG00000223476",344
"ENSG00000223478",1087
"ENSG00000223479",1517
"ENSG00000223482",36799
"ENSG00000223484",880
"ENSG00000223485",5146
"ENSG00000223486",5275
"ENSG00000223487",285
"ENSG00000223488",2060
"ENSG00000223489",2629
"ENSG00000223490",400
"ENSG00000223492",1620
"ENSG00000223495",318
"ENSG00000223496",5163
"ENSG00000223497",377
"ENSG00000223498",871
"ENSG00000223500",1242
"ENSG00000223501",4493
"ENSG00000223502",1443
"ENSG00000223503",662
"ENSG00000223505",328
"ENSG00000223506",956
"ENSG00000223508",457
"ENSG00000223509",1613
"ENSG00000223510",779
"ENSG00000223511",4994
"ENSG00000223513",245
"ENSG00000223514",78
"ENSG00000223516",443
"ENSG00000223517",540
"ENSG00000223518",981
"ENSG00000223519",3064
"ENSG00000223522",3201
"ENSG00000223523",4406
"ENSG00000223525",737
"ENSG00000223528",4231
"ENSG00000223529",1388
"ENSG00000223530",525
"ENSG00000223534",552
"ENSG00000223536",2814
"ENSG00000223537",2871
"ENSG00000223538",271
"ENSG00000223539",230
"ENSG00000223540",388
"ENSG00000223542",631
"ENSG00000223543",588
"ENSG00000223544",233
"ENSG00000223546",17829
"ENSG00000223547",6588
"ENSG00000223548",942
"ENSG00000223549",1594
"ENSG00000223550",282
"ENSG00000223551",618
"ENSG00000223552",5467
"ENSG00000223553",2263
"ENSG00000223554",298
"ENSG00000223555",407
"ENSG00000223558",719
"ENSG00000223559",2884
"ENSG00000223561",9731
"ENSG00000223563",361
"ENSG00000223564",504
"ENSG00000223565",988
"ENSG00000223566",2714
"ENSG00000223568",1146
"ENSG00000223569",1662
"ENSG00000223570",352
"ENSG00000223571",651
"ENSG00000223572",2777
"ENSG00000223573",4348
"ENSG00000223574",678
"ENSG00000223575",957
"ENSG00000223576",444
"ENSG00000223581",898
"ENSG00000223583",535
"ENSG00000223584",639
"ENSG00000223586",3372
"ENSG00000223587",2042
"ENSG00000223589",340
"ENSG00000223591",1620
"ENSG00000223592",1155
"ENSG00000223593",916
"ENSG00000223595",622
"ENSG00000223597",6150
"ENSG00000223598",2454
"ENSG00000223599",1309
"ENSG00000223600",207
"ENSG00000223601",1777
"ENSG00000223602",1403
"ENSG00000223603",625
"ENSG00000223604",531
"ENSG00000223605",265
"ENSG00000223608",424
"ENSG00000223609",1152
"ENSG00000223611",5860
"ENSG00000223612",519
"ENSG00000223614",1239
"ENSG00000223615",171
"ENSG00000223617",9929
"ENSG00000223619",491
"ENSG00000223620",1102
"ENSG00000223621",646
"ENSG00000223622",582
"ENSG00000223623",430
"ENSG00000223624",140
"ENSG00000223625",321
"ENSG00000223626",657
"ENSG00000223628",154
"ENSG00000223629",285
"ENSG00000223631",5090
"ENSG00000223634",605
"ENSG00000223635",1538
"ENSG00000223636",207
"ENSG00000223637",940
"ENSG00000223638",1198
"ENSG00000223640",333
"ENSG00000223641",1019
"ENSG00000223642",1512
"ENSG00000223643",837
"ENSG00000223646",6297
"ENSG00000223647",418
"ENSG00000223648",431
"ENSG00000223649",491
"ENSG00000223650",2387
"ENSG00000223651",2267
"ENSG00000223652",2419
"ENSG00000223653",5228
"ENSG00000223655",573
"ENSG00000223656",572
"ENSG00000223657",274
"ENSG00000223658",1279
"ENSG00000223660",410
"ENSG00000223662",1355
"ENSG00000223663",367
"ENSG00000223665",6921
"ENSG00000223668",1378
"ENSG00000223669",739
"ENSG00000223671",338
"ENSG00000223672",645
"ENSG00000223676",354
"ENSG00000223677",928
"ENSG00000223679",258
"ENSG00000223683",595
"ENSG00000223684",591
"ENSG00000223685",3854
"ENSG00000223688",366
"ENSG00000223691",1978
"ENSG00000223692",428
"ENSG00000223694",1137
"ENSG00000223695",4228
"ENSG00000223697",1483
"ENSG00000223698",1298
"ENSG00000223701",605
"ENSG00000223702",429
"ENSG00000223703",2395
"ENSG00000223705",1535
"ENSG00000223707",730
"ENSG00000223709",1330
"ENSG00000223710",145
"ENSG00000223711",2540
"ENSG00000223714",1613
"ENSG00000223715",6728
"ENSG00000223716",399
"ENSG00000223717",1187
"ENSG00000223718",609
"ENSG00000223719",432
"ENSG00000223720",651
"ENSG00000223721",722
"ENSG00000223723",1230
"ENSG00000223724",1977
"ENSG00000223725",10207
"ENSG00000223726",2137
"ENSG00000223727",1337
"ENSG00000223728",1398
"ENSG00000223729",1109
"ENSG00000223730",839
"ENSG00000223731",7201
"ENSG00000223732",4204
"ENSG00000223733",526
"ENSG00000223734",4372
"ENSG00000223735",913
"ENSG00000223738",2205
"ENSG00000223739",306
"ENSG00000223740",686
"ENSG00000223741",1109
"ENSG00000223742",756
"ENSG00000223744",1034
"ENSG00000223745",7017
"ENSG00000223746",299
"ENSG00000223749",6197
"ENSG00000223750",1216
"ENSG00000223751",8450
"ENSG00000223753",670
"ENSG00000223754",543
"ENSG00000223756",751
"ENSG00000223760",533
"ENSG00000223761",684
"ENSG00000223764",6557
"ENSG00000223765",3501
"ENSG00000223768",11693
"ENSG00000223770",2651
"ENSG00000223772",720
"ENSG00000223773",561
"ENSG00000223774",1245
"ENSG00000223776",1457
"ENSG00000223777",434
"ENSG00000223779",869
"ENSG00000223782",247
"ENSG00000223783",3272
"ENSG00000223784",16831
"ENSG00000223786",669
"ENSG00000223787",346
"ENSG00000223788",559
"ENSG00000223791",1107
"ENSG00000223794",349
"ENSG00000223799",2269
"ENSG00000223800",316
"ENSG00000223802",3767
"ENSG00000223803",360
"ENSG00000223804",178
"ENSG00000223806",4349
"ENSG00000223807",400
"ENSG00000223809",250
"ENSG00000223810",1390
"ENSG00000223812",11922
"ENSG00000223813",8385
"ENSG00000223814",407
"ENSG00000223815",1015
"ENSG00000223816",355
"ENSG00000223817",378
"ENSG00000223819",482
"ENSG00000223820",411
"ENSG00000223822",739
"ENSG00000223823",1620
"ENSG00000223824",505
"ENSG00000223825",503
"ENSG00000223826",1145
"ENSG00000223828",270
"ENSG00000223829",2257
"ENSG00000223831",249
"ENSG00000223834",3856
"ENSG00000223836",379
"ENSG00000223837",338
"ENSG00000223838",5401
"ENSG00000223839",451
"ENSG00000223841",1884
"ENSG00000223842",1126
"ENSG00000223843",4362
"ENSG00000223845",941
"ENSG00000223847",493
"ENSG00000223849",348
"ENSG00000223850",2592
"ENSG00000223855",6735
"ENSG00000223856",597
"ENSG00000223859",1117
"ENSG00000223861",495
"ENSG00000223863",572
"ENSG00000223864",712
"ENSG00000223865",6584
"ENSG00000223866",391
"ENSG00000223867",333
"ENSG00000223869",418
"ENSG00000223870",291
"ENSG00000223872",2424
"ENSG00000223873",459
"ENSG00000223874",32671
"ENSG00000223875",1493
"ENSG00000223876",247
"ENSG00000223877",622
"ENSG00000223878",489
"ENSG00000223880",387
"ENSG00000223881",1163
"ENSG00000223882",469
"ENSG00000223883",6907
"ENSG00000223884",3238
"ENSG00000223885",1395
"ENSG00000223886",463
"ENSG00000223889",361
"ENSG00000223890",200
"ENSG00000223891",10414
"ENSG00000223893",2190
"ENSG00000223896",1163
"ENSG00000223897",137
"ENSG00000223899",948
"ENSG00000223901",1117
"ENSG00000223903",416
"ENSG00000223904",598
"ENSG00000223905",664
"ENSG00000223906",467
"ENSG00000223908",306
"ENSG00000223911",412
"ENSG00000223912",1351
"ENSG00000223914",8078
"ENSG00000223915",556
"ENSG00000223916",515
"ENSG00000223917",744
"ENSG00000223918",224
"ENSG00000223920",715
"ENSG00000223921",902
"ENSG00000223922",1223
"ENSG00000223923",3226
"ENSG00000223928",947
"ENSG00000223930",13571
"ENSG00000223931",345
"ENSG00000223935",4419
"ENSG00000223940",1448
"ENSG00000223941",578
"ENSG00000223942",652
"ENSG00000223944",7232
"ENSG00000223945",870
"ENSG00000223946",161
"ENSG00000223947",3485
"ENSG00000223948",423
"ENSG00000223949",4637
"ENSG00000223951",258
"ENSG00000223953",1537
"ENSG00000223955",424
"ENSG00000223956",2220
"ENSG00000223958",759
"ENSG00000223959",2447
"ENSG00000223960",13354
"ENSG00000223962",241
"ENSG00000223963",2115
"ENSG00000223965",1386
"ENSG00000223966",337
"ENSG00000223967",136
"ENSG00000223968",255
"ENSG00000223969",4644
"ENSG00000223970",1010
"ENSG00000223972",632
"ENSG00000223973",1241
"ENSG00000223974",569
"ENSG00000223975",1847
"ENSG00000223976",416
"ENSG00000223977",216
"ENSG00000223978",1276
"ENSG00000223979",564
"ENSG00000223982",333
"ENSG00000223984",1695
"ENSG00000223985",2628
"ENSG00000223986",323
"ENSG00000223987",435
"ENSG00000223989",424
"ENSG00000223991",2345
"ENSG00000223993",2217
"ENSG00000223995",394
"ENSG00000223997",8
"ENSG00000223999",451
"ENSG00000224000",8376
"ENSG00000224001",555
"ENSG00000224003",1628
"ENSG00000224004",895
"ENSG00000224007",1024
"ENSG00000224008",2589
"ENSG00000224011",318
"ENSG00000224012",305
"ENSG00000224014",270
"ENSG00000224015",2957
"ENSG00000224016",291
"ENSG00000224017",2468
"ENSG00000224018",1132
"ENSG00000224019",477
"ENSG00000224020",1076
"ENSG00000224023",3975
"ENSG00000224025",2860
"ENSG00000224027",2030
"ENSG00000224028",1945
"ENSG00000224029",639
"ENSG00000224031",361
"ENSG00000224032",4293
"ENSG00000224033",1279
"ENSG00000224034",819
"ENSG00000224035",1786
"ENSG00000224038",2686
"ENSG00000224039",1458
"ENSG00000224040",290
"ENSG00000224041",396
"ENSG00000224042",472
"ENSG00000224043",5443
"ENSG00000224045",526
"ENSG00000224046",1422
"ENSG00000224048",3498
"ENSG00000224049",778
"ENSG00000224051",2555
"ENSG00000224054",1569
"ENSG00000224055",803
"ENSG00000224057",3065
"ENSG00000224058",634
"ENSG00000224059",1865
"ENSG00000224060",635
"ENSG00000224061",487
"ENSG00000224062",427
"ENSG00000224063",3239
"ENSG00000224064",397
"ENSG00000224065",166
"ENSG00000224066",1357
"ENSG00000224067",413
"ENSG00000224069",532
"ENSG00000224070",291
"ENSG00000224071",1565
"ENSG00000224072",2299
"ENSG00000224074",3446
"ENSG00000224075",1792
"ENSG00000224076",1149
"ENSG00000224077",1062
"ENSG00000224078",124307
"ENSG00000224079",1096
"ENSG00000224080",447
"ENSG00000224081",612
"ENSG00000224082",2112
"ENSG00000224083",1528
"ENSG00000224085",458
"ENSG00000224086",37876
"ENSG00000224087",578
"ENSG00000224089",1298
"ENSG00000224090",2674
"ENSG00000224091",1947
"ENSG00000224092",764
"ENSG00000224093",4855
"ENSG00000224094",402
"ENSG00000224095",437
"ENSG00000224097",982
"ENSG00000224099",2220
"ENSG00000224100",437
"ENSG00000224101",528
"ENSG00000224104",276
"ENSG00000224106",520
"ENSG00000224107",700
"ENSG00000224109",1893
"ENSG00000224110",1122
"ENSG00000224114",433
"ENSG00000224116",5742
"ENSG00000224117",1024
"ENSG00000224121",416
"ENSG00000224122",661
"ENSG00000224124",1285
"ENSG00000224126",497
"ENSG00000224127",670
"ENSG00000224128",4958
"ENSG00000224129",897
"ENSG00000224132",5559
"ENSG00000224134",481
"ENSG00000224136",471
"ENSG00000224137",1764
"ENSG00000224138",516
"ENSG00000224141",2739
"ENSG00000224142",561
"ENSG00000224144",985
"ENSG00000224149",2203
"ENSG00000224151",589
"ENSG00000224152",3346
"ENSG00000224153",6068
"ENSG00000224155",849
"ENSG00000224157",515
"ENSG00000224159",646
"ENSG00000224160",198
"ENSG00000224161",348
"ENSG00000224162",251
"ENSG00000224163",543
"ENSG00000224164",2096
"ENSG00000224165",8348
"ENSG00000224166",445
"ENSG00000224169",403
"ENSG00000224172",811
"ENSG00000224173",4645
"ENSG00000224174",3631
"ENSG00000224177",3719
"ENSG00000224183",480
"ENSG00000224184",16205
"ENSG00000224185",835
"ENSG00000224186",10030
"ENSG00000224187",4910
"ENSG00000224188",436
"ENSG00000224189",6141
"ENSG00000224190",1890
"ENSG00000224192",535
"ENSG00000224194",568
"ENSG00000224195",445
"ENSG00000224203",486
"ENSG00000224205",699
"ENSG00000224207",255
"ENSG00000224208",640
"ENSG00000224209",11877
"ENSG00000224210",574
"ENSG00000224215",2079
"ENSG00000224216",2860
"ENSG00000224217",348
"ENSG00000224219",135
"ENSG00000224220",932
"ENSG00000224221",730
"ENSG00000224222",1647
"ENSG00000224223",3031
"ENSG00000224224",784
"ENSG00000224227",938
"ENSG00000224231",1832
"ENSG00000224232",678
"ENSG00000224233",936
"ENSG00000224236",1675
"ENSG00000224237",203
"ENSG00000224238",2060
"ENSG00000224239",1089
"ENSG00000224240",319
"ENSG00000224243",9388
"ENSG00000224244",656
"ENSG00000224245",501
"ENSG00000224250",299
"ENSG00000224251",482
"ENSG00000224252",285
"ENSG00000224254",480
"ENSG00000224255",706
"ENSG00000224256",245
"ENSG00000224257",467
"ENSG00000224259",7052
"ENSG00000224260",3086
"ENSG00000224261",886
"ENSG00000224263",300
"ENSG00000224265",3376
"ENSG00000224267",347
"ENSG00000224269",339
"ENSG00000224271",35408
"ENSG00000224272",2253
"ENSG00000224273",690
"ENSG00000224274",326
"ENSG00000224276",401
"ENSG00000224277",612
"ENSG00000224278",540
"ENSG00000224279",164
"ENSG00000224280",2976
"ENSG00000224281",3368
"ENSG00000224282",576
"ENSG00000224286",2223
"ENSG00000224288",1109
"ENSG00000224289",1194
"ENSG00000224291",203
"ENSG00000224292",1064
"ENSG00000224294",2987
"ENSG00000224295",1479
"ENSG00000224296",535
"ENSG00000224297",521
"ENSG00000224299",526
"ENSG00000224300",942
"ENSG00000224301",564
"ENSG00000224302",255
"ENSG00000224307",4069
"ENSG00000224308",1997
"ENSG00000224309",1610
"ENSG00000224310",2907
"ENSG00000224311",1586
"ENSG00000224312",335
"ENSG00000224314",540
"ENSG00000224315",703
"ENSG00000224316",731
"ENSG00000224318",4885
"ENSG00000224321",490
"ENSG00000224322",2302
"ENSG00000224323",460
"ENSG00000224324",262
"ENSG00000224326",656
"ENSG00000224328",738
"ENSG00000224329",1766
"ENSG00000224330",936
"ENSG00000224331",310
"ENSG00000224333",1007
"ENSG00000224334",1165
"ENSG00000224335",217
"ENSG00000224336",764
"ENSG00000224337",844
"ENSG00000224338",565
"ENSG00000224339",892
"ENSG00000224340",337
"ENSG00000224341",959
"ENSG00000224344",426
"ENSG00000224346",1222
"ENSG00000224347",570
"ENSG00000224348",303
"ENSG00000224349",956
"ENSG00000224351",309
"ENSG00000224352",144
"ENSG00000224353",1973
"ENSG00000224354",1006
"ENSG00000224356",3635
"ENSG00000224357",911
"ENSG00000224358",2150
"ENSG00000224359",357
"ENSG00000224361",633
"ENSG00000224363",3701
"ENSG00000224365",121
"ENSG00000224366",261
"ENSG00000224367",2208
"ENSG00000224368",559
"ENSG00000224370",337
"ENSG00000224371",3791
"ENSG00000224372",135
"ENSG00000224373",495
"ENSG00000224374",747
"ENSG00000224375",253
"ENSG00000224376",1731
"ENSG00000224382",4655
"ENSG00000224383",4143
"ENSG00000224384",481
"ENSG00000224387",455
"ENSG00000224388",382
"ENSG00000224389",7174
"ENSG00000224391",3330
"ENSG00000224394",587
"ENSG00000224396",1221
"ENSG00000224397",8316
"ENSG00000224400",1117
"ENSG00000224401",740
"ENSG00000224402",939
"ENSG00000224403",655
"ENSG00000224404",5791
"ENSG00000224405",1160
"ENSG00000224406",4353
"ENSG00000224407",1029
"ENSG00000224408",294
"ENSG00000224409",761
"ENSG00000224410",208
"ENSG00000224411",2196
"ENSG00000224412",178
"ENSG00000224413",2198
"ENSG00000224414",2869
"ENSG00000224415",591
"ENSG00000224416",570
"ENSG00000224417",2559
"ENSG00000224418",1381
"ENSG00000224419",1299
"ENSG00000224420",788
"ENSG00000224421",235
"ENSG00000224424",4589
"ENSG00000224425",1026
"ENSG00000224426",567
"ENSG00000224427",316
"ENSG00000224429",6364
"ENSG00000224430",1467
"ENSG00000224431",3556
"ENSG00000224435",1649
"ENSG00000224436",237
"ENSG00000224437",505
"ENSG00000224438",468
"ENSG00000224439",878
"ENSG00000224440",449
"ENSG00000224442",1115
"ENSG00000224443",395
"ENSG00000224445",2163
"ENSG00000224447",223
"ENSG00000224448",526
"ENSG00000224451",569
"ENSG00000224452",401
"ENSG00000224458",1198
"ENSG00000224459",987
"ENSG00000224462",1893
"ENSG00000224463",154
"ENSG00000224464",747
"ENSG00000224465",574
"ENSG00000224466",718
"ENSG00000224467",503
"ENSG00000224468",479
"ENSG00000224469",570
"ENSG00000224470",9316
"ENSG00000224471",321
"ENSG00000224473",580
"ENSG00000224475",776
"ENSG00000224476",306
"ENSG00000224477",1796
"ENSG00000224478",3667
"ENSG00000224479",2382
"ENSG00000224482",1181
"ENSG00000224484",550
"ENSG00000224485",430
"ENSG00000224486",634
"ENSG00000224488",1399
"ENSG00000224490",2709
"ENSG00000224493",670
"ENSG00000224494",1150
"ENSG00000224497",318
"ENSG00000224498",1376
"ENSG00000224500",418
"ENSG00000224504",2952
"ENSG00000224505",4109
"ENSG00000224506",4450
"ENSG00000224509",4622
"ENSG00000224510",177
"ENSG00000224511",4364
"ENSG00000224513",435
"ENSG00000224514",2732
"ENSG00000224515",462
"ENSG00000224516",3007
"ENSG00000224517",924
"ENSG00000224518",131
"ENSG00000224519",333
"ENSG00000224520",1447
"ENSG00000224521",2965
"ENSG00000224523",747
"ENSG00000224524",238
"ENSG00000224529",1078
"ENSG00000224530",458
"ENSG00000224531",4887
"ENSG00000224533",3902
"ENSG00000224535",3697
"ENSG00000224536",7176
"ENSG00000224537",1087
"ENSG00000224539",3381
"ENSG00000224540",1224
"ENSG00000224541",392
"ENSG00000224543",222
"ENSG00000224545",367
"ENSG00000224546",1850
"ENSG00000224547",752
"ENSG00000224548",314
"ENSG00000224549",447
"ENSG00000224550",246
"ENSG00000224551",547
"ENSG00000224553",348
"ENSG00000224555",301
"ENSG00000224556",237
"ENSG00000224557",776
"ENSG00000224559",3516
"ENSG00000224560",574
"ENSG00000224563",761
"ENSG00000224565",2987
"ENSG00000224566",477
"ENSG00000224567",394
"ENSG00000224568",2870
"ENSG00000224569",863
"ENSG00000224570",1797
"ENSG00000224571",480
"ENSG00000224573",231
"ENSG00000224574",552
"ENSG00000224577",9157
"ENSG00000224578",1924
"ENSG00000224579",327
"ENSG00000224582",4306
"ENSG00000224583",441
"ENSG00000224584",439
"ENSG00000224585",123
"ENSG00000224586",2049
"ENSG00000224589",712
"ENSG00000224590",344
"ENSG00000224592",2552
"ENSG00000224593",476
"ENSG00000224594",460
"ENSG00000224595",582
"ENSG00000224596",10054
"ENSG00000224597",122
"ENSG00000224598",640
"ENSG00000224599",706
"ENSG00000224600",350
"ENSG00000224602",335
"ENSG00000224603",379
"ENSG00000224604",950
"ENSG00000224605",562
"ENSG00000224606",436
"ENSG00000224607",335
"ENSG00000224609",8158
"ENSG00000224610",4341
"ENSG00000224611",217
"ENSG00000224612",1026
"ENSG00000224613",4740
"ENSG00000224614",2905
"ENSG00000224616",10037
"ENSG00000224617",251
"ENSG00000224618",375
"ENSG00000224620",863
"ENSG00000224622",877
"ENSG00000224625",1288
"ENSG00000224626",368
"ENSG00000224627",288
"ENSG00000224628",1519
"ENSG00000224629",208
"ENSG00000224630",247
"ENSG00000224631",470
"ENSG00000224632",612
"ENSG00000224634",1213
"ENSG00000224635",2746
"ENSG00000224637",678
"ENSG00000224640",520
"ENSG00000224643",964
"ENSG00000224644",302
"ENSG00000224645",358
"ENSG00000224646",150
"ENSG00000224647",1293
"ENSG00000224648",243
"ENSG00000224649",2007
"ENSG00000224650",587
"ENSG00000224652",6937
"ENSG00000224653",278
"ENSG00000224655",3556
"ENSG00000224656",1098
"ENSG00000224657",1156
"ENSG00000224658",3162
"ENSG00000224659",561
"ENSG00000224660",6877
"ENSG00000224661",2315
"ENSG00000224662",280
"ENSG00000224664",316
"ENSG00000224666",510
"ENSG00000224667",462
"ENSG00000224668",3109
"ENSG00000224669",475
"ENSG00000224670",246
"ENSG00000224671",353
"ENSG00000224672",555
"ENSG00000224674",1814
"ENSG00000224675",3421
"ENSG00000224677",158
"ENSG00000224678",994
"ENSG00000224679",393
"ENSG00000224680",568
"ENSG00000224681",466
"ENSG00000224682",1359
"ENSG00000224683",321
"ENSG00000224685",321
"ENSG00000224686",332
"ENSG00000224687",3410
"ENSG00000224688",748
"ENSG00000224689",1694
"ENSG00000224690",425
"ENSG00000224691",353
"ENSG00000224692",841
"ENSG00000224695",524
"ENSG00000224697",1006
"ENSG00000224698",2966
"ENSG00000224699",15877
"ENSG00000224700",577
"ENSG00000224701",572
"ENSG00000224702",692
"ENSG00000224706",407
"ENSG00000224707",400
"ENSG00000224709",958
"ENSG00000224711",1385
"ENSG00000224712",2065
"ENSG00000224713",3254
"ENSG00000224714",2786
"ENSG00000224715",4520
"ENSG00000224717",2885
"ENSG00000224718",1809
"ENSG00000224719",284
"ENSG00000224721",3426
"ENSG00000224722",1248
"ENSG00000224723",665
"ENSG00000224725",1201
"ENSG00000224727",558
"ENSG00000224728",1525
"ENSG00000224729",3915
"ENSG00000224730",554
"ENSG00000224731",486
"ENSG00000224732",942
"ENSG00000224733",549
"ENSG00000224735",179
"ENSG00000224738",2481
"ENSG00000224743",7130
"ENSG00000224746",1804
"ENSG00000224747",1113
"ENSG00000224750",3425
"ENSG00000224751",1312
"ENSG00000224752",765
"ENSG00000224755",290
"ENSG00000224760",423
"ENSG00000224761",888
"ENSG00000224762",787
"ENSG00000224763",1089
"ENSG00000224764",2933
"ENSG00000224765",6107
"ENSG00000224769",1680
"ENSG00000224771",866
"ENSG00000224773",1948
"ENSG00000224775",2703
"ENSG00000224776",852
"ENSG00000224777",938
"ENSG00000224778",902
"ENSG00000224781",1196
"ENSG00000224783",1819
"ENSG00000224784",181
"ENSG00000224785",1803
"ENSG00000224786",469
"ENSG00000224788",580
"ENSG00000224789",2213
"ENSG00000224790",4437
"ENSG00000224791",1299
"ENSG00000224792",531
"ENSG00000224794",1804
"ENSG00000224795",6281
"ENSG00000224796",410
"ENSG00000224797",265
"ENSG00000224799",644
"ENSG00000224800",448
"ENSG00000224802",798
"ENSG00000224805",1173
"ENSG00000224806",512
"ENSG00000224807",1259
"ENSG00000224808",583
"ENSG00000224809",2254
"ENSG00000224810",2463
"ENSG00000224812",15622
"ENSG00000224814",663
"ENSG00000224815",387
"ENSG00000224816",899
"ENSG00000224817",1246
"ENSG00000224818",598
"ENSG00000224820",495
"ENSG00000224821",1522
"ENSG00000224822",1754
"ENSG00000224825",6832
"ENSG00000224826",1874
"ENSG00000224827",782
"ENSG00000224829",427
"ENSG00000224830",687
"ENSG00000224831",1128
"ENSG00000224832",2071
"ENSG00000224834",283
"ENSG00000224836",334
"ENSG00000224837",522
"ENSG00000224839",498
"ENSG00000224842",2815
"ENSG00000224843",9155
"ENSG00000224844",669
"ENSG00000224846",1810
"ENSG00000224848",7069
"ENSG00000224851",1155
"ENSG00000224852",1767
"ENSG00000224853",7411
"ENSG00000224854",1760
"ENSG00000224855",497
"ENSG00000224856",322
"ENSG00000224857",426
"ENSG00000224858",492
"ENSG00000224860",1230
"ENSG00000224861",960
"ENSG00000224863",1764
"ENSG00000224864",441
"ENSG00000224865",2366
"ENSG00000224866",443
"ENSG00000224869",319
"ENSG00000224870",2579
"ENSG00000224873",1015
"ENSG00000224875",2861
"ENSG00000224876",605
"ENSG00000224877",1339
"ENSG00000224879",491
"ENSG00000224880",1006
"ENSG00000224881",888
"ENSG00000224883",515
"ENSG00000224885",718
"ENSG00000224886",490
"ENSG00000224887",991
"ENSG00000224888",4797
"ENSG00000224891",775
"ENSG00000224892",791
"ENSG00000224893",9567
"ENSG00000224895",755
"ENSG00000224896",941
"ENSG00000224897",19986
"ENSG00000224899",732
"ENSG00000224901",247
"ENSG00000224902",561
"ENSG00000224903",4232
"ENSG00000224904",2637
"ENSG00000224905",10654
"ENSG00000224906",355
"ENSG00000224907",479
"ENSG00000224908",251
"ENSG00000224910",2967
"ENSG00000224914",6533
"ENSG00000224916",1829
"ENSG00000224917",700
"ENSG00000224918",1675
"ENSG00000224919",2034
"ENSG00000224920",1454
"ENSG00000224922",458
"ENSG00000224924",19837
"ENSG00000224927",357
"ENSG00000224928",650
"ENSG00000224931",6179
"ENSG00000224932",2344
"ENSG00000224933",768
"ENSG00000224934",10494
"ENSG00000224935",847
"ENSG00000224936",1370
"ENSG00000224939",2942
"ENSG00000224940",3688
"ENSG00000224942",1226
"ENSG00000224943",4893
"ENSG00000224944",4962
"ENSG00000224945",1038
"ENSG00000224946",258
"ENSG00000224947",738
"ENSG00000224948",294
"ENSG00000224949",288
"ENSG00000224950",2302
"ENSG00000224953",219
"ENSG00000224955",625
"ENSG00000224957",15462
"ENSG00000224958",4498
"ENSG00000224960",3135
"ENSG00000224961",3274
"ENSG00000224962",526
"ENSG00000224963",1889
"ENSG00000224964",321
"ENSG00000224965",2291
"ENSG00000224966",962
"ENSG00000224967",352
"ENSG00000224968",4132
"ENSG00000224969",471
"ENSG00000224970",525
"ENSG00000224971",288
"ENSG00000224972",553
"ENSG00000224973",3178
"ENSG00000224975",945
"ENSG00000224976",3326
"ENSG00000224977",1304
"ENSG00000224978",335
"ENSG00000224980",433
"ENSG00000224981",1766
"ENSG00000224982",2840
"ENSG00000224984",4877
"ENSG00000224985",806
"ENSG00000224986",1044
"ENSG00000224987",274
"ENSG00000224988",341
"ENSG00000224989",906
"ENSG00000224992",1019
"ENSG00000224993",467
"ENSG00000224995",2913
"ENSG00000224999",866
"ENSG00000225000",546
"ENSG00000225002",456
"ENSG00000225003",942
"ENSG00000225005",1107
"ENSG00000225006",746
"ENSG00000225007",591
"ENSG00000225008",994
"ENSG00000225011",349
"ENSG00000225012",469
"ENSG00000225014",1167
"ENSG00000225016",219
"ENSG00000225017",2205
"ENSG00000225018",287
"ENSG00000225022",444
"ENSG00000225024",292
"ENSG00000225025",1279
"ENSG00000225026",272
"ENSG00000225027",294
"ENSG00000225028",1807
"ENSG00000225031",1813
"ENSG00000225032",2247
"ENSG00000225036",828
"ENSG00000225037",378
"ENSG00000225039",3358
"ENSG00000225043",482
"ENSG00000225044",484
"ENSG00000225045",1720
"ENSG00000225046",213
"ENSG00000225050",1908
"ENSG00000225051",572
"ENSG00000225053",933
"ENSG00000225055",765
"ENSG00000225056",1020
"ENSG00000225057",5524
"ENSG00000225062",1420
"ENSG00000225063",686
"ENSG00000225064",1862
"ENSG00000225066",1475
"ENSG00000225067",466
"ENSG00000225069",824
"ENSG00000225071",348
"ENSG00000225072",957
"ENSG00000225075",703
"ENSG00000225076",578
"ENSG00000225077",2677
"ENSG00000225078",858
"ENSG00000225079",520
"ENSG00000225080",402
"ENSG00000225082",278
"ENSG00000225083",1548
"ENSG00000225084",761
"ENSG00000225087",2916
"ENSG00000225091",134
"ENSG00000225092",1676
"ENSG00000225093",1212
"ENSG00000225094",852
"ENSG00000225096",11236
"ENSG00000225098",640
"ENSG00000225099",681
"ENSG00000225100",331
"ENSG00000225101",943
"ENSG00000225102",930
"ENSG00000225105",1705
"ENSG00000225106",1483
"ENSG00000225107",1466
"ENSG00000225108",1456
"ENSG00000225110",3294
"ENSG00000225111",2020
"ENSG00000225112",2239
"ENSG00000225113",596
"ENSG00000225116",268
"ENSG00000225117",1767
"ENSG00000225118",198
"ENSG00000225121",548
"ENSG00000225122",664
"ENSG00000225123",228
"ENSG00000225124",458
"ENSG00000225125",655
"ENSG00000225126",799
"ENSG00000225127",8758
"ENSG00000225128",1020
"ENSG00000225129",593
"ENSG00000225131",700
"ENSG00000225133",976
"ENSG00000225136",426
"ENSG00000225137",1838
"ENSG00000225138",4731
"ENSG00000225140",2732
"ENSG00000225142",436
"ENSG00000225144",775
"ENSG00000225146",535
"ENSG00000225147",377
"ENSG00000225148",1231
"ENSG00000225151",745
"ENSG00000225152",416
"ENSG00000225154",1202
"ENSG00000225155",439
"ENSG00000225156",3051
"ENSG00000225158",238
"ENSG00000225159",867
"ENSG00000225165",644
"ENSG00000225166",1936
"ENSG00000225167",295
"ENSG00000225169",378
"ENSG00000225170",1403
"ENSG00000225171",462
"ENSG00000225172",1882
"ENSG00000225173",2261
"ENSG00000225174",3510
"ENSG00000225175",1344
"ENSG00000225176",307
"ENSG00000225177",2891
"ENSG00000225179",3187
"ENSG00000225180",1805
"ENSG00000225181",519
"ENSG00000225182",383
"ENSG00000225183",238
"ENSG00000225185",492
"ENSG00000225187",860
"ENSG00000225189",198
"ENSG00000225190",14746
"ENSG00000225191",1240
"ENSG00000225192",1834
"ENSG00000225193",396
"ENSG00000225194",5014
"ENSG00000225195",281
"ENSG00000225196",316
"ENSG00000225198",1300
"ENSG00000225200",627
"ENSG00000225203",425
"ENSG00000225206",13528
"ENSG00000225208",2147
"ENSG00000225209",1237
"ENSG00000225210",614
"ENSG00000225212",839
"ENSG00000225213",697
"ENSG00000225214",992
"ENSG00000225215",1186
"ENSG00000225216",1623
"ENSG00000225217",1927
"ENSG00000225218",285
"ENSG00000225221",264
"ENSG00000225222",427
"ENSG00000225224",465
"ENSG00000225225",531
"ENSG00000225226",3101
"ENSG00000225230",914
"ENSG00000225231",5947
"ENSG00000225233",12887
"ENSG00000225234",908
"ENSG00000225235",910
"ENSG00000225236",681
"ENSG00000225238",390
"ENSG00000225239",460
"ENSG00000225240",60
"ENSG00000225242",235
"ENSG00000225243",1230
"ENSG00000225244",544
"ENSG00000225246",821
"ENSG00000225249",3873
"ENSG00000225251",775
"ENSG00000225253",369
"ENSG00000225254",1289
"ENSG00000225255",4226
"ENSG00000225256",308
"ENSG00000225258",562
"ENSG00000225259",1102
"ENSG00000225263",1268
"ENSG00000225264",420
"ENSG00000225265",2261
"ENSG00000225267",502
"ENSG00000225269",5447
"ENSG00000225270",843
"ENSG00000225271",2081
"ENSG00000225272",472
"ENSG00000225275",282
"ENSG00000225276",573
"ENSG00000225279",1825
"ENSG00000225280",2347
"ENSG00000225282",1763
"ENSG00000225284",550
"ENSG00000225285",4652
"ENSG00000225286",792
"ENSG00000225287",1232
"ENSG00000225289",423
"ENSG00000225292",3124
"ENSG00000225293",604
"ENSG00000225294",444
"ENSG00000225295",1366
"ENSG00000225297",185
"ENSG00000225298",1109
"ENSG00000225299",505
"ENSG00000225300",1960
"ENSG00000225303",373
"ENSG00000225304",698
"ENSG00000225308",1216
"ENSG00000225310",345
"ENSG00000225311",501
"ENSG00000225313",4033
"ENSG00000225314",401
"ENSG00000225315",2819
"ENSG00000225316",2202
"ENSG00000225321",7670
"ENSG00000225323",372
"ENSG00000225325",810
"ENSG00000225326",485
"ENSG00000225327",1593
"ENSG00000225328",1381
"ENSG00000225330",544
"ENSG00000225331",1398
"ENSG00000225333",568
"ENSG00000225334",1755
"ENSG00000225335",2550
"ENSG00000225336",573
"ENSG00000225337",416
"ENSG00000225338",468
"ENSG00000225339",9638
"ENSG00000225341",727
"ENSG00000225342",3850
"ENSG00000225343",466
"ENSG00000225344",895
"ENSG00000225345",835
"ENSG00000225347",898
"ENSG00000225349",533
"ENSG00000225350",465
"ENSG00000225352",348
"ENSG00000225354",790
"ENSG00000225355",563
"ENSG00000225356",336
"ENSG00000225357",906
"ENSG00000225358",2027
"ENSG00000225359",957
"ENSG00000225360",472
"ENSG00000225361",5827
"ENSG00000225362",3062
"ENSG00000225364",226
"ENSG00000225365",589
"ENSG00000225366",2126
"ENSG00000225369",840
"ENSG00000225370",579
"ENSG00000225371",2813
"ENSG00000225376",3278
"ENSG00000225377",7873
"ENSG00000225378",567
"ENSG00000225380",277
"ENSG00000225381",608
"ENSG00000225383",3372
"ENSG00000225384",553
"ENSG00000225385",417
"ENSG00000225386",6696
"ENSG00000225387",491
"ENSG00000225391",1357
"ENSG00000225392",312
"ENSG00000225394",562
"ENSG00000225396",463
"ENSG00000225397",187
"ENSG00000225398",445
"ENSG00000225399",1232
"ENSG00000225400",651
"ENSG00000225401",685
"ENSG00000225402",1047
"ENSG00000225404",451
"ENSG00000225405",390
"ENSG00000225406",684
"ENSG00000225407",600
"ENSG00000225408",543
"ENSG00000225411",6868
"ENSG00000225413",477
"ENSG00000225415",1053
"ENSG00000225416",319
"ENSG00000225417",570
"ENSG00000225418",609
"ENSG00000225419",478
"ENSG00000225420",3246
"ENSG00000225421",3398
"ENSG00000225422",1156
"ENSG00000225423",1138
"ENSG00000225424",881
"ENSG00000225427",2562
"ENSG00000225428",363
"ENSG00000225431",1811
"ENSG00000225433",147
"ENSG00000225434",8501
"ENSG00000225437",1717
"ENSG00000225438",1293
"ENSG00000225439",4501
"ENSG00000225442",1058
"ENSG00000225443",308
"ENSG00000225444",712
"ENSG00000225446",2966
"ENSG00000225447",382
"ENSG00000225448",217
"ENSG00000225449",123
"ENSG00000225450",500
"ENSG00000225451",1010
"ENSG00000225455",473
"ENSG00000225457",1451
"ENSG00000225458",784
"ENSG00000225460",456
"ENSG00000225462",1071
"ENSG00000225463",624
"ENSG00000225465",8806
"ENSG00000225466",1433
"ENSG00000225469",1124
"ENSG00000225470",24450
"ENSG00000225471",502
"ENSG00000225472",6599
"ENSG00000225473",1724
"ENSG00000225475",141
"ENSG00000225476",714
"ENSG00000225477",1177
"ENSG00000225478",223
"ENSG00000225479",598
"ENSG00000225480",102
"ENSG00000225482",719
"ENSG00000225483",390
"ENSG00000225484",24480
"ENSG00000225486",353
"ENSG00000225487",312
"ENSG00000225488",3086
"ENSG00000225491",207
"ENSG00000225492",1441
"ENSG00000225493",3549
"ENSG00000225496",735
"ENSG00000225497",515
"ENSG00000225498",733
"ENSG00000225499",580
"ENSG00000225501",225
"ENSG00000225502",962
"ENSG00000225505",797
"ENSG00000225506",3016
"ENSG00000225507",526
"ENSG00000225508",287
"ENSG00000225509",1841
"ENSG00000225510",2773
"ENSG00000225511",213
"ENSG00000225513",450
"ENSG00000225514",671
"ENSG00000225516",457
"ENSG00000225518",1725
"ENSG00000225519",5114
"ENSG00000225521",1014
"ENSG00000225522",532
"ENSG00000225523",409
"ENSG00000225526",3058
"ENSG00000225528",1509
"ENSG00000225530",2065
"ENSG00000225531",729
"ENSG00000225532",887
"ENSG00000225533",565
"ENSG00000225535",2300
"ENSG00000225536",1624
"ENSG00000225537",542
"ENSG00000225538",939
"ENSG00000225539",8182
"ENSG00000225542",928
"ENSG00000225544",392
"ENSG00000225545",130
"ENSG00000225546",5039
"ENSG00000225548",7684
"ENSG00000225549",284
"ENSG00000225551",132
"ENSG00000225552",978
"ENSG00000225555",3524
"ENSG00000225556",2015
"ENSG00000225557",688
"ENSG00000225558",445
"ENSG00000225559",4076
"ENSG00000225560",560
"ENSG00000225561",834
"ENSG00000225563",1003
"ENSG00000225564",4948
"ENSG00000225568",826
"ENSG00000225569",1548
"ENSG00000225570",985
"ENSG00000225572",2494
"ENSG00000225573",370
"ENSG00000225574",948
"ENSG00000225578",562
"ENSG00000225579",5356
"ENSG00000225580",1178
"ENSG00000225581",1544
"ENSG00000225582",1770
"ENSG00000225583",328
"ENSG00000225585",768
"ENSG00000225588",1305
"ENSG00000225591",255
"ENSG00000225594",471
"ENSG00000225595",3098
"ENSG00000225598",580
"ENSG00000225602",763
"ENSG00000225603",1665
"ENSG00000225605",3450
"ENSG00000225606",5160
"ENSG00000225609",1279
"ENSG00000225610",781
"ENSG00000225611",2265
"ENSG00000225612",950
"ENSG00000225613",462
"ENSG00000225614",13774
"ENSG00000225615",324
"ENSG00000225616",331
"ENSG00000225619",3244
"ENSG00000225620",365
"ENSG00000225622",471
"ENSG00000225623",514
"ENSG00000225624",1026
"ENSG00000225625",266
"ENSG00000225626",2614
"ENSG00000225630",1044
"ENSG00000225632",1112
"ENSG00000225636",1026
"ENSG00000225637",2826
"ENSG00000225638",2175
"ENSG00000225639",725
"ENSG00000225642",278
"ENSG00000225644",102
"ENSG00000225647",3613
"ENSG00000225648",737
"ENSG00000225649",10812
"ENSG00000225650",968
"ENSG00000225652",2125
"ENSG00000225653",1550
"ENSG00000225656",2423
"ENSG00000225657",3148
"ENSG00000225658",286
"ENSG00000225660",135
"ENSG00000225661",730
"ENSG00000225662",610
"ENSG00000225663",3726
"ENSG00000225664",731
"ENSG00000225665",592
"ENSG00000225669",451
"ENSG00000225670",6805
"ENSG00000225671",595
"ENSG00000225672",1315
"ENSG00000225673",590
"ENSG00000225674",1750
"ENSG00000225675",1622
"ENSG00000225676",2448
"ENSG00000225678",1000
"ENSG00000225680",4405
"ENSG00000225681",344
"ENSG00000225683",9803
"ENSG00000225684",8107
"ENSG00000225685",936
"ENSG00000225689",10769
"ENSG00000225690",576
"ENSG00000225693",484
"ENSG00000225695",963
"ENSG00000225697",6373
"ENSG00000225698",437
"ENSG00000225701",230
"ENSG00000225703",1482
"ENSG00000225705",1714
"ENSG00000225706",5358
"ENSG00000225708",1031
"ENSG00000225710",882
"ENSG00000225711",721
"ENSG00000225712",426
"ENSG00000225713",339
"ENSG00000225715",778
"ENSG00000225716",329
"ENSG00000225718",7323
"ENSG00000225719",860
"ENSG00000225720",314
"ENSG00000225721",765
"ENSG00000225722",474
"ENSG00000225723",521
"ENSG00000225724",1642
"ENSG00000225725",2841
"ENSG00000225726",487
"ENSG00000225727",222
"ENSG00000225728",380
"ENSG00000225730",781
"ENSG00000225731",1817
"ENSG00000225733",6047
"ENSG00000225735",879
"ENSG00000225738",1419
"ENSG00000225739",732
"ENSG00000225740",328
"ENSG00000225741",1262
"ENSG00000225744",900
"ENSG00000225746",32539
"ENSG00000225750",279
"ENSG00000225751",715
"ENSG00000225752",575
"ENSG00000225755",1133
"ENSG00000225756",2139
"ENSG00000225758",409
"ENSG00000225759",543
"ENSG00000225760",159
"ENSG00000225761",442
"ENSG00000225762",1660
"ENSG00000225764",3996
"ENSG00000225765",2421
"ENSG00000225766",769
"ENSG00000225767",3237
"ENSG00000225768",1013
"ENSG00000225769",5675
"ENSG00000225770",171
"ENSG00000225774",1770
"ENSG00000225775",1032
"ENSG00000225777",1181
"ENSG00000225778",5817
"ENSG00000225779",370
"ENSG00000225781",942
"ENSG00000225783",16141
"ENSG00000225785",431
"ENSG00000225787",306
"ENSG00000225791",9859
"ENSG00000225792",3295
"ENSG00000225793",12027
"ENSG00000225794",1156
"ENSG00000225795",232
"ENSG00000225796",1363
"ENSG00000225797",382
"ENSG00000225798",383
"ENSG00000225801",1026
"ENSG00000225802",454
"ENSG00000225803",522
"ENSG00000225805",213
"ENSG00000225806",2561
"ENSG00000225807",1849
"ENSG00000225808",316
"ENSG00000225809",992
"ENSG00000225811",602
"ENSG00000225813",717
"ENSG00000225814",670
"ENSG00000225815",1902
"ENSG00000225816",697
"ENSG00000225818",687
"ENSG00000225819",444
"ENSG00000225822",890
"ENSG00000225823",743
"ENSG00000225825",18
"ENSG00000225826",1532
"ENSG00000225827",367
"ENSG00000225828",2845
"ENSG00000225830",23104
"ENSG00000225831",458
"ENSG00000225832",332
"ENSG00000225833",1116
"ENSG00000225839",205
"ENSG00000225840",1848
"ENSG00000225842",339
"ENSG00000225843",976
"ENSG00000225846",315
"ENSG00000225849",1371
"ENSG00000225850",2055
"ENSG00000225851",53
"ENSG00000225854",346
"ENSG00000225855",4189
"ENSG00000225856",455
"ENSG00000225857",748
"ENSG00000225858",250
"ENSG00000225864",991
"ENSG00000225867",552
"ENSG00000225868",2982
"ENSG00000225869",615
"ENSG00000225870",1539
"ENSG00000225871",1679
"ENSG00000225872",1971
"ENSG00000225873",496
"ENSG00000225876",223
"ENSG00000225877",2324
"ENSG00000225878",1164
"ENSG00000225879",9807
"ENSG00000225880",23626
"ENSG00000225881",860
"ENSG00000225882",3940
"ENSG00000225883",885
"ENSG00000225884",1143
"ENSG00000225885",3150
"ENSG00000225886",1651
"ENSG00000225889",10575
"ENSG00000225891",3477
"ENSG00000225893",730
"ENSG00000225895",396
"ENSG00000225896",329
"ENSG00000225898",676
"ENSG00000225899",2097
"ENSG00000225900",297
"ENSG00000225901",931
"ENSG00000225903",304
"ENSG00000225904",703
"ENSG00000225905",1222
"ENSG00000225906",629
"ENSG00000225907",201
"ENSG00000225911",451
"ENSG00000225912",436
"ENSG00000225913",2305
"ENSG00000225914",10848
"ENSG00000225918",943
"ENSG00000225919",623
"ENSG00000225920",654
"ENSG00000225921",2364
"ENSG00000225922",476
"ENSG00000225923",742
"ENSG00000225924",1417
"ENSG00000225925",1015
"ENSG00000225928",684
"ENSG00000225929",2076
"ENSG00000225930",16050
"ENSG00000225931",1297
"ENSG00000225933",354
"ENSG00000225934",671
"ENSG00000225935",259
"ENSG00000225936",1915
"ENSG00000225937",14176
"ENSG00000225938",2982
"ENSG00000225940",5055
"ENSG00000225942",668
"ENSG00000225943",435
"ENSG00000225944",1528
"ENSG00000225945",2660
"ENSG00000225947",392
"ENSG00000225948",3470
"ENSG00000225949",1175
"ENSG00000225950",2343
"ENSG00000225951",542
"ENSG00000225952",480
"ENSG00000225953",6800
"ENSG00000225956",446
"ENSG00000225957",312
"ENSG00000225959",541
"ENSG00000225960",547
"ENSG00000225963",5576
"ENSG00000225964",2749
"ENSG00000225965",180
"ENSG00000225968",4664
"ENSG00000225969",358
"ENSG00000225970",863
"ENSG00000225971",789
"ENSG00000225972",372
"ENSG00000225973",982
"ENSG00000225974",312
"ENSG00000225975",5625
"ENSG00000225976",240
"ENSG00000225978",1917
"ENSG00000225979",1284
"ENSG00000225980",844
"ENSG00000225981",3092
"ENSG00000225982",2297
"ENSG00000225984",628
"ENSG00000225988",2028
"ENSG00000225990",220
"ENSG00000225991",410
"ENSG00000225992",285
"ENSG00000225997",945
"ENSG00000225999",406
"ENSG00000226002",586
"ENSG00000226003",493
"ENSG00000226004",3274
"ENSG00000226005",4413
"ENSG00000226007",9474
"ENSG00000226008",183
"ENSG00000226009",1523
"ENSG00000226010",1771
"ENSG00000226011",1225
"ENSG00000226012",287
"ENSG00000226013",192
"ENSG00000226014",204
"ENSG00000226015",1657
"ENSG00000226016",305
"ENSG00000226017",2496
"ENSG00000226020",372
"ENSG00000226022",454
"ENSG00000226023",1298
"ENSG00000226024",274
"ENSG00000226025",406
"ENSG00000226026",5485
"ENSG00000226028",534
"ENSG00000226029",3245
"ENSG00000226030",356
"ENSG00000226031",1205
"ENSG00000226034",480
"ENSG00000226036",460
"ENSG00000226037",666
"ENSG00000226038",501
"ENSG00000226040",522
"ENSG00000226041",662
"ENSG00000226042",1567
"ENSG00000226043",2657
"ENSG00000226045",370
"ENSG00000226046",379
"ENSG00000226047",329
"ENSG00000226048",943
"ENSG00000226049",3192
"ENSG00000226051",7505
"ENSG00000226053",2541
"ENSG00000226054",888
"ENSG00000226055",1217
"ENSG00000226056",1237
"ENSG00000226057",2952
"ENSG00000226058",469
"ENSG00000226059",600
"ENSG00000226061",355
"ENSG00000226063",580
"ENSG00000226064",610
"ENSG00000226065",1531
"ENSG00000226066",2662
"ENSG00000226067",14650
"ENSG00000226068",803
"ENSG00000226070",15904
"ENSG00000226072",1261
"ENSG00000226074",1074
"ENSG00000226075",614
"ENSG00000226080",856
"ENSG00000226081",1057
"ENSG00000226082",512
"ENSG00000226083",2581
"ENSG00000226084",555
"ENSG00000226085",820
"ENSG00000226086",822
"ENSG00000226087",7568
"ENSG00000226088",692
"ENSG00000226089",1746
"ENSG00000226091",17792
"ENSG00000226092",1157
"ENSG00000226093",208
"ENSG00000226094",714
"ENSG00000226096",149
"ENSG00000226097",3322
"ENSG00000226098",499
"ENSG00000226101",4848
"ENSG00000226102",621
"ENSG00000226107",289
"ENSG00000226108",641
"ENSG00000226110",234
"ENSG00000226112",183
"ENSG00000226113",425
"ENSG00000226114",361
"ENSG00000226115",410
"ENSG00000226116",854
"ENSG00000226117",156
"ENSG00000226118",220
"ENSG00000226119",412
"ENSG00000226121",6821
"ENSG00000226122",1776
"ENSG00000226124",6017
"ENSG00000226125",3314
"ENSG00000226126",1314
"ENSG00000226128",433
"ENSG00000226130",232
"ENSG00000226131",498
"ENSG00000226132",682
"ENSG00000226133",1477
"ENSG00000226134",692
"ENSG00000226137",5394
"ENSG00000226138",360
"ENSG00000226140",2547
"ENSG00000226141",332
"ENSG00000226142",337
"ENSG00000226143",518
"ENSG00000226144",454
"ENSG00000226145",1426
"ENSG00000226147",1301
"ENSG00000226148",1065
"ENSG00000226149",9541
"ENSG00000226153",353
"ENSG00000226156",458
"ENSG00000226157",936
"ENSG00000226158",421
"ENSG00000226159",2596
"ENSG00000226160",88
"ENSG00000226161",1095
"ENSG00000226163",162
"ENSG00000226164",610
"ENSG00000226166",112
"ENSG00000226167",5903
"ENSG00000226168",390
"ENSG00000226169",451
"ENSG00000226172",1383
"ENSG00000226174",2878
"ENSG00000226179",428
"ENSG00000226180",2611
"ENSG00000226181",308
"ENSG00000226183",644
"ENSG00000226185",1371
"ENSG00000226186",336
"ENSG00000226188",551
"ENSG00000226191",1453
"ENSG00000226193",629
"ENSG00000226194",3131
"ENSG00000226196",943
"ENSG00000226197",11494
"ENSG00000226199",1030
"ENSG00000226200",17524
"ENSG00000226203",4726
"ENSG00000226204",424
"ENSG00000226205",782
"ENSG00000226206",2596
"ENSG00000226207",499
"ENSG00000226208",443
"ENSG00000226209",303
"ENSG00000226210",1817
"ENSG00000226211",357
"ENSG00000226212",299
"ENSG00000226213",948
"ENSG00000226216",371
"ENSG00000226217",428
"ENSG00000226218",407
"ENSG00000226220",1319
"ENSG00000226221",438
"ENSG00000226222",345
"ENSG00000226223",468
"ENSG00000226226",540
"ENSG00000226229",361
"ENSG00000226230",499
"ENSG00000226232",987
"ENSG00000226233",154
"ENSG00000226234",1156
"ENSG00000226235",3729
"ENSG00000226237",9561
"ENSG00000226238",458
"ENSG00000226239",6213
"ENSG00000226241",2080
"ENSG00000226242",335
"ENSG00000226243",279
"ENSG00000226245",434
"ENSG00000226246",1276
"ENSG00000226247",340
"ENSG00000226249",711
"ENSG00000226250",2587
"ENSG00000226251",6804
"ENSG00000226252",4036
"ENSG00000226253",364
"ENSG00000226254",420
"ENSG00000226255",398
"ENSG00000226258",4645
"ENSG00000226259",1432
"ENSG00000226261",704
"ENSG00000226262",1951
"ENSG00000226263",1055
"ENSG00000226266",8517
"ENSG00000226268",959
"ENSG00000226270",1279
"ENSG00000226272",1202
"ENSG00000226273",561
"ENSG00000226276",379
"ENSG00000226278",261
"ENSG00000226279",498
"ENSG00000226280",1948
"ENSG00000226281",15563
"ENSG00000226284",533
"ENSG00000226285",943
"ENSG00000226286",469
"ENSG00000226287",1067
"ENSG00000226288",6672
"ENSG00000226289",689
"ENSG00000226291",302
"ENSG00000226292",813
"ENSG00000226296",597
"ENSG00000226297",515
"ENSG00000226298",1152
"ENSG00000226299",833
"ENSG00000226301",734
"ENSG00000226302",717
"ENSG00000226304",2262
"ENSG00000226306",1112
"ENSG00000226307",550
"ENSG00000226308",1867
"ENSG00000226309",1219
"ENSG00000226310",5664
"ENSG00000226312",4334
"ENSG00000226313",1134
"ENSG00000226314",2547
"ENSG00000226317",1654
"ENSG00000226318",763
"ENSG00000226320",11418
"ENSG00000226321",5978
"ENSG00000226323",263
"ENSG00000226324",250
"ENSG00000226327",886
"ENSG00000226328",3480
"ENSG00000226329",1467
"ENSG00000226330",3015
"ENSG00000226331",470
"ENSG00000226332",681
"ENSG00000226334",1611
"ENSG00000226336",374
"ENSG00000226337",2314
"ENSG00000226338",78
"ENSG00000226339",240
"ENSG00000226340",545
"ENSG00000226341",491
"ENSG00000226342",1488
"ENSG00000226344",362
"ENSG00000226345",201
"ENSG00000226348",853
"ENSG00000226349",4110
"ENSG00000226352",376
"ENSG00000226353",515
"ENSG00000226355",2308
"ENSG00000226356",1109
"ENSG00000226358",1430
"ENSG00000226359",877
"ENSG00000226360",652
"ENSG00000226361",1207
"ENSG00000226363",1131
"ENSG00000226364",3718
"ENSG00000226366",481
"ENSG00000226367",3612
"ENSG00000226369",717
"ENSG00000226370",5668
"ENSG00000226372",3458
"ENSG00000226374",2355
"ENSG00000226375",690
"ENSG00000226383",10084
"ENSG00000226386",1566
"ENSG00000226387",1294
"ENSG00000226388",1376
"ENSG00000226389",1053
"ENSG00000226390",789
"ENSG00000226392",189
"ENSG00000226393",528
"ENSG00000226394",142
"ENSG00000226395",231
"ENSG00000226396",455
"ENSG00000226397",2683
"ENSG00000226398",1318
"ENSG00000226400",256
"ENSG00000226401",570
"ENSG00000226405",382
"ENSG00000226406",836
"ENSG00000226407",411
"ENSG00000226409",7601
"ENSG00000226410",297
"ENSG00000226411",223
"ENSG00000226412",862
"ENSG00000226413",918
"ENSG00000226414",1123
"ENSG00000226415",750
"ENSG00000226416",2017
"ENSG00000226419",16600
"ENSG00000226420",244
"ENSG00000226421",897
"ENSG00000226423",1735
"ENSG00000226425",1311
"ENSG00000226426",4361
"ENSG00000226427",273
"ENSG00000226428",645
"ENSG00000226429",309
"ENSG00000226430",1683
"ENSG00000226431",536
"ENSG00000226432",877
"ENSG00000226433",988
"ENSG00000226435",1975
"ENSG00000226436",405
"ENSG00000226438",558
"ENSG00000226439",402
"ENSG00000226440",4132
"ENSG00000226441",460
"ENSG00000226442",287
"ENSG00000226443",998
"ENSG00000226444",1241
"ENSG00000226445",7409
"ENSG00000226446",624
"ENSG00000226447",1800
"ENSG00000226448",760
"ENSG00000226449",1580
"ENSG00000226450",1490
"ENSG00000226453",5612
"ENSG00000226454",1839
"ENSG00000226455",935
"ENSG00000226457",381
"ENSG00000226461",358
"ENSG00000226465",8859
"ENSG00000226466",796
"ENSG00000226468",796
"ENSG00000226469",2000
"ENSG00000226470",146
"ENSG00000226471",3653
"ENSG00000226472",72
"ENSG00000226473",481
"ENSG00000226474",177
"ENSG00000226476",16345
"ENSG00000226477",256
"ENSG00000226478",1126
"ENSG00000226479",5922
"ENSG00000226480",922
"ENSG00000226481",1373
"ENSG00000226482",3443
"ENSG00000226483",670
"ENSG00000226484",1861
"ENSG00000226485",954
"ENSG00000226486",1393
"ENSG00000226487",376
"ENSG00000226488",2388
"ENSG00000226489",333
"ENSG00000226490",660
"ENSG00000226491",861
"ENSG00000226493",437
"ENSG00000226496",3479
"ENSG00000226497",674
"ENSG00000226498",885
"ENSG00000226499",162
"ENSG00000226500",410
"ENSG00000226501",502
"ENSG00000226502",1457
"ENSG00000226504",219
"ENSG00000226506",5832
"ENSG00000226507",855
"ENSG00000226508",1202
"ENSG00000226509",162
"ENSG00000226510",1018
"ENSG00000226515",148
"ENSG00000226516",4809
"ENSG00000226519",9651
"ENSG00000226520",587
"ENSG00000226521",1173
"ENSG00000226522",313
"ENSG00000226523",192
"ENSG00000226525",603
"ENSG00000226526",636
"ENSG00000226527",2632
"ENSG00000226529",368
"ENSG00000226530",11115
"ENSG00000226532",84
"ENSG00000226533",697
"ENSG00000226534",689
"ENSG00000226535",1580
"ENSG00000226536",337
"ENSG00000226537",966
"ENSG00000226539",718
"ENSG00000226540",1007
"ENSG00000226541",310
"ENSG00000226542",691
"ENSG00000226543",453
"ENSG00000226544",733
"ENSG00000226545",415
"ENSG00000226547",583
"ENSG00000226548",3321
"ENSG00000226549",1081
"ENSG00000226552",1641
"ENSG00000226553",1502
"ENSG00000226554",792
"ENSG00000226555",1263
"ENSG00000226556",714
"ENSG00000226557",1558
"ENSG00000226558",75
"ENSG00000226562",4245
"ENSG00000226564",548
"ENSG00000226565",77
"ENSG00000226566",945
"ENSG00000226567",3539
"ENSG00000226570",759
"ENSG00000226571",11055
"ENSG00000226572",72
"ENSG00000226573",315
"ENSG00000226576",474
"ENSG00000226577",1055
"ENSG00000226578",712
"ENSG00000226579",1122
"ENSG00000226580",146
"ENSG00000226581",8984
"ENSG00000226582",405
"ENSG00000226587",2579
"ENSG00000226590",269
"ENSG00000226592",871
"ENSG00000226594",197
"ENSG00000226595",328
"ENSG00000226597",591
"ENSG00000226599",614
"ENSG00000226600",1298
"ENSG00000226601",1382
"ENSG00000226604",1854
"ENSG00000226605",251
"ENSG00000226608",528
"ENSG00000226609",1935
"ENSG00000226611",1198
"ENSG00000226616",959
"ENSG00000226617",446
"ENSG00000226619",199
"ENSG00000226620",17397
"ENSG00000226621",258
"ENSG00000226622",9186
"ENSG00000226624",610
"ENSG00000226625",1190
"ENSG00000226626",769
"ENSG00000226627",4931
"ENSG00000226629",2141
"ENSG00000226631",2229
"ENSG00000226632",445
"ENSG00000226633",485
"ENSG00000226636",1854
"ENSG00000226640",1083
"ENSG00000226641",511
"ENSG00000226642",1166
"ENSG00000226643",318
"ENSG00000226644",546
"ENSG00000226645",419
"ENSG00000226646",738
"ENSG00000226647",1412
"ENSG00000226648",8401
"ENSG00000226649",435
"ENSG00000226650",4387
"ENSG00000226652",672
"ENSG00000226653",848
"ENSG00000226655",819
"ENSG00000226658",501
"ENSG00000226659",2536
"ENSG00000226660",421
"ENSG00000226661",635
"ENSG00000226662",662
"ENSG00000226663",1363
"ENSG00000226664",229
"ENSG00000226665",787
"ENSG00000226666",2029
"ENSG00000226668",3844
"ENSG00000226669",679
"ENSG00000226670",767
"ENSG00000226671",612
"ENSG00000226673",3697
"ENSG00000226674",31194
"ENSG00000226676",687
"ENSG00000226677",1009
"ENSG00000226679",1015
"ENSG00000226680",627
"ENSG00000226681",538
"ENSG00000226683",2273
"ENSG00000226685",1165
"ENSG00000226686",5525
"ENSG00000226688",39129
"ENSG00000226690",3737
"ENSG00000226693",1051
"ENSG00000226694",432
"ENSG00000226695",1515
"ENSG00000226696",3885
"ENSG00000226698",306
"ENSG00000226699",184
"ENSG00000226700",533
"ENSG00000226701",636
"ENSG00000226702",6063
"ENSG00000226703",812
"ENSG00000226705",890
"ENSG00000226706",1117
"ENSG00000226707",400
"ENSG00000226708",269
"ENSG00000226709",291
"ENSG00000226711",8525
"ENSG00000226715",3411
"ENSG00000226716",789
"ENSG00000226717",5254
"ENSG00000226718",226
"ENSG00000226721",843
"ENSG00000226722",1933
"ENSG00000226723",780
"ENSG00000226724",845
"ENSG00000226725",4509
"ENSG00000226726",341
"ENSG00000226729",331
"ENSG00000226733",1712
"ENSG00000226734",213
"ENSG00000226739",466
"ENSG00000226741",6909
"ENSG00000226742",2035
"ENSG00000226744",123
"ENSG00000226745",685
"ENSG00000226746",2844
"ENSG00000226750",161
"ENSG00000226752",205
"ENSG00000226753",189
"ENSG00000226754",2433
"ENSG00000226755",508
"ENSG00000226756",989
"ENSG00000226757",3269
"ENSG00000226758",762
"ENSG00000226759",4342
"ENSG00000226761",930
"ENSG00000226762",7153
"ENSG00000226763",2699
"ENSG00000226764",516
"ENSG00000226765",865
"ENSG00000226766",391
"ENSG00000226767",172
"ENSG00000226769",893
"ENSG00000226770",957
"ENSG00000226771",635
"ENSG00000226772",539
"ENSG00000226773",844
"ENSG00000226774",438
"ENSG00000226776",280
"ENSG00000226777",10797
"ENSG00000226779",1038
"ENSG00000226780",630
"ENSG00000226781",327
"ENSG00000226782",2214
"ENSG00000226783",2440
"ENSG00000226784",1690
"ENSG00000226789",2825
"ENSG00000226790",1139
"ENSG00000226791",5967
"ENSG00000226792",3682
"ENSG00000226794",950
"ENSG00000226797",1125
"ENSG00000226798",2546
"ENSG00000226800",2181
"ENSG00000226801",448
"ENSG00000226802",857
"ENSG00000226803",5764
"ENSG00000226804",1160
"ENSG00000226806",2013
"ENSG00000226807",4764
"ENSG00000226808",14320
"ENSG00000226810",1220
"ENSG00000226812",1800
"ENSG00000226813",1000
"ENSG00000226814",571
"ENSG00000226816",2268
"ENSG00000226818",1850
"ENSG00000226819",2227
"ENSG00000226820",1188
"ENSG00000226823",476
"ENSG00000226824",4379
"ENSG00000226825",1203
"ENSG00000226827",855
"ENSG00000226828",8538
"ENSG00000226829",2149
"ENSG00000226831",326
"ENSG00000226833",8368
"ENSG00000226835",5771
"ENSG00000226836",406
"ENSG00000226837",565
"ENSG00000226838",349
"ENSG00000226839",483
"ENSG00000226840",1168
"ENSG00000226842",466
"ENSG00000226843",87
"ENSG00000226845",1288
"ENSG00000226846",2472
"ENSG00000226847",876
"ENSG00000226851",3783
"ENSG00000226853",1194
"ENSG00000226854",1234
"ENSG00000226855",883
"ENSG00000226856",7276
"ENSG00000226857",415
"ENSG00000226859",690
"ENSG00000226860",326
"ENSG00000226861",1028
"ENSG00000226862",314
"ENSG00000226863",2384
"ENSG00000226864",904
"ENSG00000226867",287
"ENSG00000226868",174
"ENSG00000226869",3039
"ENSG00000226870",665
"ENSG00000226871",1730
"ENSG00000226872",714
"ENSG00000226873",1014
"ENSG00000226874",379
"ENSG00000226875",612
"ENSG00000226876",943
"ENSG00000226877",9350
"ENSG00000226878",530
"ENSG00000226881",429
"ENSG00000226883",767
"ENSG00000226884",166
"ENSG00000226885",743
"ENSG00000226886",207
"ENSG00000226887",4022
"ENSG00000226888",339
"ENSG00000226889",4621
"ENSG00000226890",329
"ENSG00000226891",8910
"ENSG00000226899",830
"ENSG00000226900",2482
"ENSG00000226902",443
"ENSG00000226903",3894
"ENSG00000226904",784
"ENSG00000226905",482
"ENSG00000226906",1346
"ENSG00000226908",341
"ENSG00000226912",448
"ENSG00000226913",3845
"ENSG00000226915",584
"ENSG00000226917",2136
"ENSG00000226918",1052
"ENSG00000226919",3070
"ENSG00000226920",478
"ENSG00000226921",3451
"ENSG00000226925",2392
"ENSG00000226926",1783
"ENSG00000226927",245
"ENSG00000226928",418
"ENSG00000226929",1294
"ENSG00000226930",697
"ENSG00000226933",861
"ENSG00000226935",1304
"ENSG00000226937",418
"ENSG00000226938",3466
"ENSG00000226939",2211
"ENSG00000226941",1946
"ENSG00000226942",1674
"ENSG00000226943",771
"ENSG00000226944",867
"ENSG00000226945",611
"ENSG00000226946",1684
"ENSG00000226947",325
"ENSG00000226948",793
"ENSG00000226949",945
"ENSG00000226950",10179
"ENSG00000226952",252
"ENSG00000226953",2139
"ENSG00000226954",3775
"ENSG00000226955",341
"ENSG00000226956",2505
"ENSG00000226957",649
"ENSG00000226960",589
"ENSG00000226961",492
"ENSG00000226962",575
"ENSG00000226963",558
"ENSG00000226964",600
"ENSG00000226965",5418
"ENSG00000226967",1145
"ENSG00000226968",1815
"ENSG00000226969",846
"ENSG00000226970",244
"ENSG00000226971",1330
"ENSG00000226972",486
"ENSG00000226973",794
"ENSG00000226976",330
"ENSG00000226977",298
"ENSG00000226978",476
"ENSG00000226979",1737
"ENSG00000226981",1044
"ENSG00000226982",2578
"ENSG00000226983",3782
"ENSG00000226984",427
"ENSG00000226985",7470
"ENSG00000226986",659
"ENSG00000226987",559
"ENSG00000226989",397
"ENSG00000226990",4270
"ENSG00000226991",337
"ENSG00000226992",866
"ENSG00000226994",6002
"ENSG00000226995",3283
"ENSG00000226996",984
"ENSG00000226998",664
"ENSG00000226999",159
"ENSG00000227000",1618
"ENSG00000227001",661
"ENSG00000227002",274
"ENSG00000227004",207
"ENSG00000227006",1335
"ENSG00000227007",4209
"ENSG00000227008",416
"ENSG00000227009",421
"ENSG00000227012",1441
"ENSG00000227013",976
"ENSG00000227014",3151
"ENSG00000227015",328
"ENSG00000227016",17371
"ENSG00000227017",2183
"ENSG00000227018",1020
"ENSG00000227019",513
"ENSG00000227023",924
"ENSG00000227028",8636
"ENSG00000227032",831
"ENSG00000227033",391
"ENSG00000227034",257
"ENSG00000227035",673
"ENSG00000227036",28463
"ENSG00000227038",309
"ENSG00000227039",2736
"ENSG00000227040",567
"ENSG00000227042",611
"ENSG00000227043",6096
"ENSG00000227045",386
"ENSG00000227047",686
"ENSG00000227048",387
"ENSG00000227050",491
"ENSG00000227051",7819
"ENSG00000227053",1856
"ENSG00000227054",375
"ENSG00000227055",251
"ENSG00000227056",783
"ENSG00000227057",2835
"ENSG00000227058",305
"ENSG00000227059",2145
"ENSG00000227060",3020
"ENSG00000227061",5397
"ENSG00000227062",418
"ENSG00000227063",81
"ENSG00000227064",297
"ENSG00000227066",2984
"ENSG00000227067",469
"ENSG00000227068",633
"ENSG00000227069",909
"ENSG00000227070",4816
"ENSG00000227071",720
"ENSG00000227072",494
"ENSG00000227073",465
"ENSG00000227075",530
"ENSG00000227076",619
"ENSG00000227077",210
"ENSG00000227078",520
"ENSG00000227080",685
"ENSG00000227081",255
"ENSG00000227082",6512
"ENSG00000227083",534
"ENSG00000227087",969
"ENSG00000227088",3279
"ENSG00000227089",972
"ENSG00000227090",540
"ENSG00000227091",1660
"ENSG00000227094",517
"ENSG00000227096",577
"ENSG00000227097",210
"ENSG00000227098",4224
"ENSG00000227101",6255
"ENSG00000227102",319
"ENSG00000227104",430
"ENSG00000227105",3026
"ENSG00000227107",2057
"ENSG00000227108",17
"ENSG00000227109",220
"ENSG00000227110",13535
"ENSG00000227113",232
"ENSG00000227115",19380
"ENSG00000227117",1657
"ENSG00000227118",490
"ENSG00000227120",424
"ENSG00000227121",3177
"ENSG00000227123",502
"ENSG00000227124",7648
"ENSG00000227125",562
"ENSG00000227128",7972
"ENSG00000227131",729
"ENSG00000227133",434
"ENSG00000227134",687
"ENSG00000227138",169
"ENSG00000227139",446
"ENSG00000227140",1593
"ENSG00000227141",2471
"ENSG00000227143",2864
"ENSG00000227145",4067
"ENSG00000227148",3690
"ENSG00000227149",243
"ENSG00000227150",526
"ENSG00000227151",1847
"ENSG00000227152",3733
"ENSG00000227154",731
"ENSG00000227155",4143
"ENSG00000227157",3540
"ENSG00000227158",1024
"ENSG00000227159",1306
"ENSG00000227160",672
"ENSG00000227161",97
"ENSG00000227163",520
"ENSG00000227165",7059
"ENSG00000227166",1151
"ENSG00000227167",237
"ENSG00000227169",356
"ENSG00000227170",402
"ENSG00000227172",6706
"ENSG00000227173",432
"ENSG00000227175",537
"ENSG00000227176",772
"ENSG00000227177",312
"ENSG00000227179",1358
"ENSG00000227180",1041
"ENSG00000227181",481
"ENSG00000227182",896
"ENSG00000227183",252
"ENSG00000227186",380
"ENSG00000227187",415
"ENSG00000227188",498
"ENSG00000227189",2731
"ENSG00000227191",1013
"ENSG00000227193",4129
"ENSG00000227195",6685
"ENSG00000227196",19
"ENSG00000227197",799
"ENSG00000227198",673
"ENSG00000227199",1889
"ENSG00000227200",1098
"ENSG00000227201",918
"ENSG00000227203",382
"ENSG00000227204",1059
"ENSG00000227205",433
"ENSG00000227206",867
"ENSG00000227207",358
"ENSG00000227209",537
"ENSG00000227210",4501
"ENSG00000227211",348
"ENSG00000227212",399
"ENSG00000227213",433
"ENSG00000227214",4240
"ENSG00000227215",480
"ENSG00000227217",1097
"ENSG00000227218",3124
"ENSG00000227224",390
"ENSG00000227225",950
"ENSG00000227227",571
"ENSG00000227230",987
"ENSG00000227232",1380
"ENSG00000227233",2377
"ENSG00000227234",466
"ENSG00000227236",1724
"ENSG00000227237",514
"ENSG00000227238",1688
"ENSG00000227240",3186
"ENSG00000227241",117
"ENSG00000227242",1783
"ENSG00000227243",602
"ENSG00000227244",3997
"ENSG00000227245",1233
"ENSG00000227247",1283
"ENSG00000227248",819
"ENSG00000227249",1745
"ENSG00000227251",816
"ENSG00000227252",15346
"ENSG00000227253",1109
"ENSG00000227254",882
"ENSG00000227255",416
"ENSG00000227256",2173
"ENSG00000227257",391
"ENSG00000227258",12208
"ENSG00000227259",175
"ENSG00000227260",1799
"ENSG00000227261",631
"ENSG00000227262",991
"ENSG00000227264",1479
"ENSG00000227265",1190
"ENSG00000227267",581
"ENSG00000227268",4376
"ENSG00000227269",1233
"ENSG00000227270",157
"ENSG00000227271",154
"ENSG00000227274",1367
"ENSG00000227275",517
"ENSG00000227278",907
"ENSG00000227279",986
"ENSG00000227282",566
"ENSG00000227283",338
"ENSG00000227284",1437
"ENSG00000227288",1675
"ENSG00000227289",1191
"ENSG00000227290",920
"ENSG00000227291",356
"ENSG00000227292",10984
"ENSG00000227293",386
"ENSG00000227294",552
"ENSG00000227295",1906
"ENSG00000227297",823
"ENSG00000227298",490
"ENSG00000227300",1423
"ENSG00000227301",1144
"ENSG00000227302",292
"ENSG00000227303",623
"ENSG00000227304",1057
"ENSG00000227306",3040
"ENSG00000227307",943
"ENSG00000227308",8097
"ENSG00000227309",361
"ENSG00000227311",480
"ENSG00000227312",348
"ENSG00000227313",1539
"ENSG00000227321",1033
"ENSG00000227329",167
"ENSG00000227330",478
"ENSG00000227331",800
"ENSG00000227335",55
"ENSG00000227336",1615
"ENSG00000227337",471
"ENSG00000227338",1859
"ENSG00000227339",2786
"ENSG00000227342",424
"ENSG00000227343",600
"ENSG00000227344",1551
"ENSG00000227345",5158
"ENSG00000227347",1390
"ENSG00000227348",799
"ENSG00000227349",496
"ENSG00000227350",466
"ENSG00000227351",847
"ENSG00000227352",321
"ENSG00000227353",597
"ENSG00000227354",8028
"ENSG00000227355",8659
"ENSG00000227356",3551
"ENSG00000227358",355
"ENSG00000227359",1396
"ENSG00000227360",1077
"ENSG00000227361",246
"ENSG00000227364",368
"ENSG00000227365",468
"ENSG00000227367",1288
"ENSG00000227368",547
"ENSG00000227370",456
"ENSG00000227371",418
"ENSG00000227372",1455
"ENSG00000227373",9524
"ENSG00000227374",495
"ENSG00000227375",2568
"ENSG00000227376",552
"ENSG00000227379",492
"ENSG00000227382",1070
"ENSG00000227383",327
"ENSG00000227386",209
"ENSG00000227388",4096
"ENSG00000227391",3837
"ENSG00000227392",7947
"ENSG00000227393",845
"ENSG00000227394",582
"ENSG00000227395",1781
"ENSG00000227397",190
"ENSG00000227398",10231
"ENSG00000227399",483
"ENSG00000227400",3768
"ENSG00000227401",284
"ENSG00000227403",6133
"ENSG00000227404",1409
"ENSG00000227406",1784
"ENSG00000227407",529
"ENSG00000227408",1023
"ENSG00000227409",459
"ENSG00000227411",1225
"ENSG00000227412",1218
"ENSG00000227413",355
"ENSG00000227416",429
"ENSG00000227417",643
"ENSG00000227418",1754
"ENSG00000227421",2035
"ENSG00000227423",905
"ENSG00000227425",264
"ENSG00000227426",887
"ENSG00000227427",973
"ENSG00000227430",389
"ENSG00000227431",1088
"ENSG00000227432",519
"ENSG00000227433",367
"ENSG00000227434",625
"ENSG00000227436",571
"ENSG00000227437",627
"ENSG00000227438",672
"ENSG00000227439",166
"ENSG00000227440",441
"ENSG00000227443",392
"ENSG00000227444",750
"ENSG00000227445",1141
"ENSG00000227447",446
"ENSG00000227449",293
"ENSG00000227453",963
"ENSG00000227454",899
"ENSG00000227455",4392
"ENSG00000227456",6457
"ENSG00000227459",348
"ENSG00000227462",327
"ENSG00000227463",3401
"ENSG00000227465",535
"ENSG00000227466",456
"ENSG00000227467",2465
"ENSG00000227470",153
"ENSG00000227471",3351
"ENSG00000227473",907
"ENSG00000227474",864
"ENSG00000227475",1331
"ENSG00000227477",2212
"ENSG00000227479",3722
"ENSG00000227480",795
"ENSG00000227481",577
"ENSG00000227482",1223
"ENSG00000227484",531
"ENSG00000227485",359
"ENSG00000227486",18615
"ENSG00000227487",5794
"ENSG00000227488",561
"ENSG00000227489",653
"ENSG00000227491",1149
"ENSG00000227492",4040
"ENSG00000227493",936
"ENSG00000227494",563
"ENSG00000227495",1021
"ENSG00000227496",4382
"ENSG00000227497",1829
"ENSG00000227498",1509
"ENSG00000227499",253
"ENSG00000227500",6953
"ENSG00000227502",3575
"ENSG00000227505",298
"ENSG00000227507",1535
"ENSG00000227508",5331
"ENSG00000227509",727
"ENSG00000227510",2687
"ENSG00000227511",862
"ENSG00000227512",864
"ENSG00000227513",868
"ENSG00000227514",521
"ENSG00000227515",424
"ENSG00000227516",403
"ENSG00000227517",10448
"ENSG00000227518",2925
"ENSG00000227519",473
"ENSG00000227521",988
"ENSG00000227523",311
"ENSG00000227525",738
"ENSG00000227527",661
"ENSG00000227528",1174
"ENSG00000227531",1232
"ENSG00000227532",193
"ENSG00000227533",4611
"ENSG00000227534",968
"ENSG00000227535",254
"ENSG00000227536",1566
"ENSG00000227537",335
"ENSG00000227538",1133
"ENSG00000227541",688
"ENSG00000227542",2631
"ENSG00000227543",4047
"ENSG00000227544",6724
"ENSG00000227545",906
"ENSG00000227547",913
"ENSG00000227549",2617
"ENSG00000227550",345
"ENSG00000227551",1593
"ENSG00000227554",364
"ENSG00000227555",2767
"ENSG00000227556",107
"ENSG00000227557",346
"ENSG00000227560",390
"ENSG00000227562",927
"ENSG00000227563",440
"ENSG00000227564",1410
"ENSG00000227568",740
"ENSG00000227573",607
"ENSG00000227574",476
"ENSG00000227578",778
"ENSG00000227579",4044
"ENSG00000227581",622
"ENSG00000227582",1135
"ENSG00000227583",745
"ENSG00000227584",1374
"ENSG00000227585",858
"ENSG00000227586",341
"ENSG00000227588",472
"ENSG00000227589",754
"ENSG00000227590",411
"ENSG00000227591",3348
"ENSG00000227592",722
"ENSG00000227593",950
"ENSG00000227597",1131
"ENSG00000227598",652
"ENSG00000227599",1586
"ENSG00000227602",330
"ENSG00000227604",345
"ENSG00000227606",500
"ENSG00000227607",255
"ENSG00000227609",290
"ENSG00000227610",1316
"ENSG00000227611",555
"ENSG00000227613",964
"ENSG00000227615",399
"ENSG00000227616",329
"ENSG00000227617",5072
"ENSG00000227619",3771
"ENSG00000227620",760
"ENSG00000227621",809
"ENSG00000227623",235
"ENSG00000227624",276
"ENSG00000227625",208
"ENSG00000227627",3480
"ENSG00000227629",342
"ENSG00000227630",7172
"ENSG00000227632",618
"ENSG00000227633",912
"ENSG00000227634",6683
"ENSG00000227635",432
"ENSG00000227638",935
"ENSG00000227640",4889
"ENSG00000227644",280
"ENSG00000227645",674
"ENSG00000227646",3609
"ENSG00000227649",483
"ENSG00000227653",390
"ENSG00000227657",631
"ENSG00000227658",381
"ENSG00000227659",695
"ENSG00000227660",954
"ENSG00000227661",761
"ENSG00000227663",268
"ENSG00000227666",316
"ENSG00000227667",243
"ENSG00000227671",1465
"ENSG00000227673",157
"ENSG00000227674",2811
"ENSG00000227676",1407
"ENSG00000227678",3359
"ENSG00000227679",397
"ENSG00000227680",549
"ENSG00000227681",1410
"ENSG00000227682",255
"ENSG00000227684",498
"ENSG00000227685",1926
"ENSG00000227687",230
"ENSG00000227688",662
"ENSG00000227689",254
"ENSG00000227692",531
"ENSG00000227693",574
"ENSG00000227694",471
"ENSG00000227695",3363
"ENSG00000227698",1176
"ENSG00000227700",517
"ENSG00000227702",575
"ENSG00000227704",1739
"ENSG00000227705",485
"ENSG00000227706",5438
"ENSG00000227707",333
"ENSG00000227708",3694
"ENSG00000227709",1060
"ENSG00000227710",346
"ENSG00000227711",772
"ENSG00000227712",9430
"ENSG00000227713",4374
"ENSG00000227714",513
"ENSG00000227716",3221
"ENSG00000227717",4286
"ENSG00000227718",832
"ENSG00000227719",524
"ENSG00000227721",336
"ENSG00000227722",548
"ENSG00000227723",370
"ENSG00000227725",1104
"ENSG00000227726",206
"ENSG00000227728",1371
"ENSG00000227729",1454
"ENSG00000227730",512
"ENSG00000227733",19278
"ENSG00000227734",303
"ENSG00000227735",297
"ENSG00000227736",754
"ENSG00000227737",918
"ENSG00000227738",901
"ENSG00000227740",1945
"ENSG00000227741",1731
"ENSG00000227742",946
"ENSG00000227743",2127
"ENSG00000227744",3700
"ENSG00000227745",651
"ENSG00000227747",790
"ENSG00000227748",1610
"ENSG00000227751",311
"ENSG00000227753",308
"ENSG00000227755",163
"ENSG00000227757",3751
"ENSG00000227758",225
"ENSG00000227759",527
"ENSG00000227760",283
"ENSG00000227762",679
"ENSG00000227764",2447
"ENSG00000227765",512
"ENSG00000227766",993
"ENSG00000227769",3813
"ENSG00000227770",750
"ENSG00000227773",448
"ENSG00000227775",497
"ENSG00000227776",936
"ENSG00000227777",618
"ENSG00000227779",285
"ENSG00000227782",802
"ENSG00000227784",817
"ENSG00000227785",332
"ENSG00000227788",771
"ENSG00000227789",1134
"ENSG00000227790",1152
"ENSG00000227791",458
"ENSG00000227795",174
"ENSG00000227799",1434
"ENSG00000227800",16
"ENSG00000227802",729
"ENSG00000227803",3426
"ENSG00000227805",466
"ENSG00000227806",938
"ENSG00000227809",2556
"ENSG00000227811",2527
"ENSG00000227813",490
"ENSG00000227814",393
"ENSG00000227815",795
"ENSG00000227817",1976
"ENSG00000227818",688
"ENSG00000227824",478
"ENSG00000227825",2239
"ENSG00000227827",9932
"ENSG00000227830",673
"ENSG00000227832",1098
"ENSG00000227834",893
"ENSG00000227835",1185
"ENSG00000227836",362
"ENSG00000227837",801
"ENSG00000227838",819
"ENSG00000227840",188
"ENSG00000227841",1374
"ENSG00000227842",330
"ENSG00000227845",442
"ENSG00000227846",849
"ENSG00000227847",373
"ENSG00000227848",620
"ENSG00000227850",180
"ENSG00000227851",427
"ENSG00000227852",166
"ENSG00000227854",156
"ENSG00000227855",2326
"ENSG00000227857",906
"ENSG00000227860",1801
"ENSG00000227862",970
"ENSG00000227863",2444
"ENSG00000227864",388
"ENSG00000227867",332
"ENSG00000227868",794
"ENSG00000227871",570
"ENSG00000227873",394
"ENSG00000227874",1110
"ENSG00000227875",255
"ENSG00000227877",2951
"ENSG00000227878",652
"ENSG00000227879",665
"ENSG00000227880",1162
"ENSG00000227881",1239
"ENSG00000227882",2310
"ENSG00000227883",242
"ENSG00000227885",7809
"ENSG00000227887",330
"ENSG00000227888",31200
"ENSG00000227890",675
"ENSG00000227892",917
"ENSG00000227893",552
"ENSG00000227896",3058
"ENSG00000227905",713
"ENSG00000227906",18357
"ENSG00000227907",2187
"ENSG00000227908",3096
"ENSG00000227910",448
"ENSG00000227911",703
"ENSG00000227912",2503
"ENSG00000227913",1350
"ENSG00000227914",1207
"ENSG00000227915",332
"ENSG00000227919",108
"ENSG00000227922",252
"ENSG00000227923",333
"ENSG00000227924",1431
"ENSG00000227927",1004
"ENSG00000227929",1223
"ENSG00000227930",579
"ENSG00000227932",1237
"ENSG00000227933",951
"ENSG00000227934",573
"ENSG00000227935",708
"ENSG00000227937",382
"ENSG00000227938",990
"ENSG00000227939",1203
"ENSG00000227940",1095
"ENSG00000227941",297
"ENSG00000227942",1524
"ENSG00000227945",752
"ENSG00000227946",2021
"ENSG00000227947",2199
"ENSG00000227948",565
"ENSG00000227949",204
"ENSG00000227950",286
"ENSG00000227952",198
"ENSG00000227953",5835
"ENSG00000227954",16923
"ENSG00000227958",1235
"ENSG00000227959",4422
"ENSG00000227960",343
"ENSG00000227962",282
"ENSG00000227963",6570
"ENSG00000227964",2326
"ENSG00000227965",265
"ENSG00000227968",999
"ENSG00000227969",952
"ENSG00000227970",1377
"ENSG00000227971",140
"ENSG00000227972",2266
"ENSG00000227973",396
"ENSG00000227979",225
"ENSG00000227981",228
"ENSG00000227982",709
"ENSG00000227983",223
"ENSG00000227986",828
"ENSG00000227987",541
"ENSG00000227988",527
"ENSG00000227992",347
"ENSG00000227994",214
"ENSG00000227995",646
"ENSG00000227999",1375
"ENSG00000228000",748
"ENSG00000228002",3076
"ENSG00000228004",967
"ENSG00000228005",767
"ENSG00000228007",321
"ENSG00000228010",4443
"ENSG00000228013",1886
"ENSG00000228014",1469
"ENSG00000228015",156
"ENSG00000228016",5675
"ENSG00000228019",378
"ENSG00000228020",937
"ENSG00000228021",5674
"ENSG00000228022",1780
"ENSG00000228024",1433
"ENSG00000228027",244
"ENSG00000228028",429
"ENSG00000228030",432
"ENSG00000228031",2240
"ENSG00000228033",4642
"ENSG00000228034",270
"ENSG00000228035",5911
"ENSG00000228036",1636
"ENSG00000228037",1772
"ENSG00000228038",945
"ENSG00000228039",254
"ENSG00000228040",156
"ENSG00000228041",256
"ENSG00000228042",832
"ENSG00000228043",8561
"ENSG00000228044",5122
"ENSG00000228045",354
"ENSG00000228046",676
"ENSG00000228048",436
"ENSG00000228049",2099
"ENSG00000228050",1380
"ENSG00000228051",1909
"ENSG00000228053",478
"ENSG00000228054",655
"ENSG00000228055",5723
"ENSG00000228056",490
"ENSG00000228057",1258
"ENSG00000228058",1344
"ENSG00000228060",1481
"ENSG00000228061",6915
"ENSG00000228063",16927
"ENSG00000228064",657
"ENSG00000228065",22183
"ENSG00000228067",2662
"ENSG00000228069",779
"ENSG00000228071",556
"ENSG00000228072",4083
"ENSG00000228073",397
"ENSG00000228074",266
"ENSG00000228075",3324
"ENSG00000228076",744
"ENSG00000228078",186
"ENSG00000228079",560
"ENSG00000228081",362
"ENSG00000228082",380
"ENSG00000228083",1004
"ENSG00000228084",1585
"ENSG00000228085",155
"ENSG00000228086",1647
"ENSG00000228089",430
"ENSG00000228092",211
"ENSG00000228095",315
"ENSG00000228097",670
"ENSG00000228098",228
"ENSG00000228100",7435
"ENSG00000228105",804
"ENSG00000228107",596
"ENSG00000228108",536
"ENSG00000228109",1280
"ENSG00000228110",1124
"ENSG00000228111",503
"ENSG00000228112",355
"ENSG00000228115",731
"ENSG00000228118",459
"ENSG00000228120",1052
"ENSG00000228121",819
"ENSG00000228122",204
"ENSG00000228123",1017
"ENSG00000228124",2065
"ENSG00000228125",570
"ENSG00000228126",3245
"ENSG00000228127",2677
"ENSG00000228131",18
"ENSG00000228132",335
"ENSG00000228133",2061
"ENSG00000228134",558
"ENSG00000228136",347
"ENSG00000228137",390
"ENSG00000228140",9279
"ENSG00000228141",355
"ENSG00000228142",2502
"ENSG00000228143",581
"ENSG00000228144",984
"ENSG00000228146",1412
"ENSG00000228149",1211
"ENSG00000228150",2565
"ENSG00000228151",3120
"ENSG00000228153",445
"ENSG00000228154",503
"ENSG00000228157",3551
"ENSG00000228158",589
"ENSG00000228159",1976
"ENSG00000228160",610
"ENSG00000228161",162
"ENSG00000228162",1760
"ENSG00000228165",75
"ENSG00000228166",876
"ENSG00000228167",442
"ENSG00000228168",961
"ENSG00000228169",492
"ENSG00000228170",695
"ENSG00000228171",249
"ENSG00000228172",2800
"ENSG00000228173",953
"ENSG00000228174",1408
"ENSG00000228175",729
"ENSG00000228176",502
"ENSG00000228181",243
"ENSG00000228182",610
"ENSG00000228184",2981
"ENSG00000228187",571
"ENSG00000228189",2979
"ENSG00000228190",421
"ENSG00000228191",151
"ENSG00000228192",4293
"ENSG00000228193",331
"ENSG00000228194",265
"ENSG00000228195",881
"ENSG00000228196",1072
"ENSG00000228198",9933
"ENSG00000228201",752
"ENSG00000228203",5898
"ENSG00000228204",911
"ENSG00000228205",732
"ENSG00000228207",625
"ENSG00000228208",2324
"ENSG00000228209",864
"ENSG00000228210",308
"ENSG00000228211",1279
"ENSG00000228212",3018
"ENSG00000228213",815
"ENSG00000228215",2871
"ENSG00000228217",420
"ENSG00000228218",1056
"ENSG00000228219",828
"ENSG00000228221",12994
"ENSG00000228222",462
"ENSG00000228223",5696
"ENSG00000228224",641
"ENSG00000228225",1219
"ENSG00000228226",476
"ENSG00000228229",384
"ENSG00000228231",420
"ENSG00000228232",1005
"ENSG00000228234",334
"ENSG00000228235",415
"ENSG00000228236",315
"ENSG00000228237",763
"ENSG00000228238",1021
"ENSG00000228239",399
"ENSG00000228240",166
"ENSG00000228241",535
"ENSG00000228242",4015
"ENSG00000228247",231
"ENSG00000228248",384
"ENSG00000228251",529
"ENSG00000228252",2753
"ENSG00000228253",207
"ENSG00000228257",721
"ENSG00000228259",951
"ENSG00000228261",1385
"ENSG00000228262",13302
"ENSG00000228264",769
"ENSG00000228271",3167
"ENSG00000228272",1929
"ENSG00000228274",4469
"ENSG00000228275",490
"ENSG00000228277",1713
"ENSG00000228278",759
"ENSG00000228280",434
"ENSG00000228283",915
"ENSG00000228285",696
"ENSG00000228286",1433
"ENSG00000228288",5369
"ENSG00000228289",353
"ENSG00000228290",2084
"ENSG00000228291",574
"ENSG00000228292",257
"ENSG00000228293",872
"ENSG00000228294",316
"ENSG00000228295",1089
"ENSG00000228296",1346
"ENSG00000228300",2096
"ENSG00000228301",746
"ENSG00000228302",2955
"ENSG00000228303",1591
"ENSG00000228304",897
"ENSG00000228305",654
"ENSG00000228307",950
"ENSG00000228308",2400
"ENSG00000228309",2991
"ENSG00000228312",349
"ENSG00000228314",446
"ENSG00000228315",18058
"ENSG00000228316",659
"ENSG00000228317",1751
"ENSG00000228318",1116
"ENSG00000228319",2055
"ENSG00000228322",873
"ENSG00000228323",3137
"ENSG00000228325",384
"ENSG00000228327",417
"ENSG00000228328",1248
"ENSG00000228329",2045
"ENSG00000228330",793
"ENSG00000228331",586
"ENSG00000228335",607
"ENSG00000228336",4888
"ENSG00000228337",241
"ENSG00000228338",529
"ENSG00000228339",922
"ENSG00000228340",37612
"ENSG00000228341",280
"ENSG00000228343",450
"ENSG00000228345",1031
"ENSG00000228347",525
"ENSG00000228348",463
"ENSG00000228349",355
"ENSG00000228350",3078
"ENSG00000228351",1319
"ENSG00000228352",2912
"ENSG00000228354",751
"ENSG00000228355",932
"ENSG00000228360",275
"ENSG00000228361",1196
"ENSG00000228363",2987
"ENSG00000228364",596
"ENSG00000228365",1943
"ENSG00000228366",492
"ENSG00000228367",991
"ENSG00000228368",459
"ENSG00000228369",391
"ENSG00000228372",1328
"ENSG00000228373",260
"ENSG00000228374",575
"ENSG00000228375",352
"ENSG00000228376",1356
"ENSG00000228379",448
"ENSG00000228380",615
"ENSG00000228382",1876
"ENSG00000228383",2544
"ENSG00000228384",926
"ENSG00000228386",603
"ENSG00000228391",578
"ENSG00000228392",3919
"ENSG00000228395",3141
"ENSG00000228397",2322
"ENSG00000228398",268
"ENSG00000228399",343
"ENSG00000228400",3464
"ENSG00000228401",2988
"ENSG00000228403",273
"ENSG00000228404",1365
"ENSG00000228407",340
"ENSG00000228408",2853
"ENSG00000228409",1544
"ENSG00000228410",334
"ENSG00000228411",1513
"ENSG00000228412",19033
"ENSG00000228413",344
"ENSG00000228414",6539
"ENSG00000228415",325
"ENSG00000228417",470
"ENSG00000228420",1094
"ENSG00000228422",2266
"ENSG00000228423",353
"ENSG00000228426",4660
"ENSG00000228427",4026
"ENSG00000228429",787
"ENSG00000228430",95
"ENSG00000228431",386
"ENSG00000228432",547
"ENSG00000228433",1000
"ENSG00000228436",3296
"ENSG00000228437",1366
"ENSG00000228438",144
"ENSG00000228440",1798
"ENSG00000228444",865
"ENSG00000228445",866
"ENSG00000228446",714
"ENSG00000228450",608
"ENSG00000228451",2051
"ENSG00000228453",381
"ENSG00000228459",5948
"ENSG00000228460",269
"ENSG00000228462",396
"ENSG00000228463",457
"ENSG00000228464",650
"ENSG00000228465",323
"ENSG00000228466",1325
"ENSG00000228467",891
"ENSG00000228470",518
"ENSG00000228471",129
"ENSG00000228473",458
"ENSG00000228474",600
"ENSG00000228476",419
"ENSG00000228477",725
"ENSG00000228480",1500
"ENSG00000228481",374
"ENSG00000228482",1773
"ENSG00000228484",3040
"ENSG00000228485",400
"ENSG00000228486",6503
"ENSG00000228487",1872
"ENSG00000228488",236
"ENSG00000228489",477
"ENSG00000228492",1762
"ENSG00000228495",21121
"ENSG00000228496",1484
"ENSG00000228499",132
"ENSG00000228501",612
"ENSG00000228502",1389
"ENSG00000228504",1467
"ENSG00000228505",346
"ENSG00000228506",5841
"ENSG00000228507",510
"ENSG00000228509",11497
"ENSG00000228510",1734
"ENSG00000228513",1090
"ENSG00000228517",1294
"ENSG00000228518",827
"ENSG00000228519",606
"ENSG00000228521",10006
"ENSG00000228522",348
"ENSG00000228523",728
"ENSG00000228525",199
"ENSG00000228526",10504
"ENSG00000228527",328
"ENSG00000228528",4377
"ENSG00000228530",251
"ENSG00000228532",288
"ENSG00000228536",4303
"ENSG00000228539",823
"ENSG00000228540",557
"ENSG00000228541",16897
"ENSG00000228543",2221
"ENSG00000228544",2386
"ENSG00000228546",374
"ENSG00000228547",1006
"ENSG00000228548",538
"ENSG00000228549",3293
"ENSG00000228550",400
"ENSG00000228551",225
"ENSG00000228553",384
"ENSG00000228554",1127
"ENSG00000228557",1382
"ENSG00000228559",3899
"ENSG00000228560",1063
"ENSG00000228563",646
"ENSG00000228564",7495
"ENSG00000228566",8659
"ENSG00000228567",1048
"ENSG00000228568",326
"ENSG00000228570",6588
"ENSG00000228571",318
"ENSG00000228572",259
"ENSG00000228573",411
"ENSG00000228577",440
"ENSG00000228578",1306
"ENSG00000228585",395
"ENSG00000228586",1363
"ENSG00000228587",601
"ENSG00000228589",681
"ENSG00000228590",16309
"ENSG00000228592",8922
"ENSG00000228593",183
"ENSG00000228594",2124
"ENSG00000228595",1150
"ENSG00000228596",422
"ENSG00000228597",1466
"ENSG00000228598",2168
"ENSG00000228599",742
"ENSG00000228600",765
"ENSG00000228601",156
"ENSG00000228604",1110
"ENSG00000228606",2404
"ENSG00000228607",690
"ENSG00000228610",352
"ENSG00000228611",1249
"ENSG00000228612",2737
"ENSG00000228613",2760
"ENSG00000228615",1017
"ENSG00000228618",391
"ENSG00000228620",896
"ENSG00000228622",437
"ENSG00000228623",11370
"ENSG00000228624",14405
"ENSG00000228625",814
"ENSG00000228626",285
"ENSG00000228627",965
"ENSG00000228629",514
"ENSG00000228630",4118
"ENSG00000228634",517
"ENSG00000228636",1966
"ENSG00000228638",583
"ENSG00000228639",8697
"ENSG00000228643",3279
"ENSG00000228645",863
"ENSG00000228646",370
"ENSG00000228649",9515
"ENSG00000228650",785
"ENSG00000228653",905
"ENSG00000228655",3362
"ENSG00000228656",1279
"ENSG00000228657",469
"ENSG00000228658",659
"ENSG00000228659",652
"ENSG00000228660",693
"ENSG00000228661",591
"ENSG00000228663",681
"ENSG00000228664",511
"ENSG00000228665",253
"ENSG00000228666",1331
"ENSG00000228667",268
"ENSG00000228668",354
"ENSG00000228669",2965
"ENSG00000228670",727
"ENSG00000228672",4513
"ENSG00000228674",493
"ENSG00000228675",273
"ENSG00000228677",1097
"ENSG00000228679",1021
"ENSG00000228680",1267
"ENSG00000228681",824
"ENSG00000228683",3681
"ENSG00000228685",196
"ENSG00000228686",629
"ENSG00000228687",378
"ENSG00000228688",676
"ENSG00000228689",2238
"ENSG00000228692",602
"ENSG00000228694",465
"ENSG00000228695",1704
"ENSG00000228696",13418
"ENSG00000228697",10372
"ENSG00000228700",292
"ENSG00000228701",2550
"ENSG00000228702",345
"ENSG00000228703",688
"ENSG00000228705",3732
"ENSG00000228707",509
"ENSG00000228708",461
"ENSG00000228709",6257
"ENSG00000228711",377
"ENSG00000228714",6737
"ENSG00000228716",4411
"ENSG00000228717",1487
"ENSG00000228718",6002
"ENSG00000228719",2769
"ENSG00000228721",166
"ENSG00000228723",1472
"ENSG00000228725",1252
"ENSG00000228727",1699
"ENSG00000228728",494
"ENSG00000228729",821
"ENSG00000228730",1664
"ENSG00000228734",859
"ENSG00000228735",761
"ENSG00000228737",728
"ENSG00000228739",499
"ENSG00000228740",2864
"ENSG00000228741",1721
"ENSG00000228742",5147
"ENSG00000228744",848
"ENSG00000228748",3616
"ENSG00000228750",2346
"ENSG00000228751",1066
"ENSG00000228753",1794
"ENSG00000228754",584
"ENSG00000228755",2086
"ENSG00000228757",141
"ENSG00000228759",1298
"ENSG00000228763",477
"ENSG00000228764",1098
"ENSG00000228766",741
"ENSG00000228767",1445
"ENSG00000228768",527
"ENSG00000228769",296
"ENSG00000228770",264
"ENSG00000228771",306
"ENSG00000228772",743
"ENSG00000228775",6678
"ENSG00000228776",454
"ENSG00000228777",644
"ENSG00000228778",2351
"ENSG00000228779",801
"ENSG00000228780",234
"ENSG00000228781",480
"ENSG00000228782",473
"ENSG00000228783",392
"ENSG00000228784",8959
"ENSG00000228786",1585
"ENSG00000228787",532
"ENSG00000228789",5032
"ENSG00000228790",284
"ENSG00000228791",8982
"ENSG00000228792",1629
"ENSG00000228793",19134
"ENSG00000228794",24912
"ENSG00000228797",505
"ENSG00000228799",1631
"ENSG00000228800",690
"ENSG00000228801",5973
"ENSG00000228802",429
"ENSG00000228803",1130
"ENSG00000228804",954
"ENSG00000228806",252
"ENSG00000228807",223
"ENSG00000228808",514
"ENSG00000228809",1700
"ENSG00000228810",2007
"ENSG00000228812",870
"ENSG00000228814",415
"ENSG00000228815",1849
"ENSG00000228816",519
"ENSG00000228817",1291
"ENSG00000228818",2720
"ENSG00000228819",1262
"ENSG00000228820",880
"ENSG00000228823",649
"ENSG00000228824",23814
"ENSG00000228825",370
"ENSG00000228826",4664
"ENSG00000228827",154
"ENSG00000228828",2240
"ENSG00000228829",213
"ENSG00000228830",693
"ENSG00000228833",99
"ENSG00000228834",259
"ENSG00000228835",1661
"ENSG00000228836",2644
"ENSG00000228837",527
"ENSG00000228838",675
"ENSG00000228839",1666
"ENSG00000228842",1486
"ENSG00000228843",696
"ENSG00000228844",454
"ENSG00000228847",420
"ENSG00000228848",358
"ENSG00000228850",1015
"ENSG00000228851",787
"ENSG00000228852",1418
"ENSG00000228853",534
"ENSG00000228855",298
"ENSG00000228856",1593
"ENSG00000228857",9101
"ENSG00000228860",389
"ENSG00000228861",473
"ENSG00000228862",7063
"ENSG00000228863",6199
"ENSG00000228868",1580
"ENSG00000228869",547
"ENSG00000228872",778
"ENSG00000228873",1080
"ENSG00000228874",361
"ENSG00000228876",5374
"ENSG00000228877",8369
"ENSG00000228878",10904
"ENSG00000228879",322
"ENSG00000228882",1913
"ENSG00000228884",464
"ENSG00000228886",310
"ENSG00000228887",896
"ENSG00000228888",7389
"ENSG00000228889",4534
"ENSG00000228897",739
"ENSG00000228898",488
"ENSG00000228901",409
"ENSG00000228902",836
"ENSG00000228903",1398
"ENSG00000228909",889
"ENSG00000228914",937
"ENSG00000228915",1024
"ENSG00000228917",2474
"ENSG00000228918",9983
"ENSG00000228919",1296
"ENSG00000228922",597
"ENSG00000228923",480
"ENSG00000228925",1874
"ENSG00000228927",1941
"ENSG00000228928",1489
"ENSG00000228929",455
"ENSG00000228930",192
"ENSG00000228933",15236
"ENSG00000228935",2043
"ENSG00000228937",1479
"ENSG00000228938",354
"ENSG00000228939",517
"ENSG00000228940",921
"ENSG00000228941",2259
"ENSG00000228943",235
"ENSG00000228944",7017
"ENSG00000228945",1303
"ENSG00000228948",1353
"ENSG00000228949",853
"ENSG00000228950",3066
"ENSG00000228952",246
"ENSG00000228953",180
"ENSG00000228955",222
"ENSG00000228956",18555
"ENSG00000228957",821
"ENSG00000228958",415
"ENSG00000228959",921
"ENSG00000228960",933
"ENSG00000228961",657
"ENSG00000228963",907
"ENSG00000228965",880
"ENSG00000228966",964
"ENSG00000228968",529
"ENSG00000228970",1024
"ENSG00000228971",8287
"ENSG00000228973",3935
"ENSG00000228974",313
"ENSG00000228976",286
"ENSG00000228979",490
"ENSG00000228980",7099
"ENSG00000228981",843
"ENSG00000228982",321
"ENSG00000228983",945
"ENSG00000228984",1129
"ENSG00000228985",13
"ENSG00000228986",973
"ENSG00000228988",457
"ENSG00000228992",879
"ENSG00000228995",944
"ENSG00000228997",439
"ENSG00000228998",588
"ENSG00000228999",9593
"ENSG00000229000",775
"ENSG00000229001",1089
"ENSG00000229002",264
"ENSG00000229005",3883
"ENSG00000229007",500
"ENSG00000229009",1204
"ENSG00000229010",818
"ENSG00000229011",663
"ENSG00000229012",714
"ENSG00000229013",126
"ENSG00000229014",348
"ENSG00000229015",180
"ENSG00000229016",711
"ENSG00000229017",6021
"ENSG00000229018",1336
"ENSG00000229019",905
"ENSG00000229020",915
"ENSG00000229021",5422
"ENSG00000229022",853
"ENSG00000229023",618
"ENSG00000229025",516
"ENSG00000229027",1178
"ENSG00000229028",1292
"ENSG00000229029",624
"ENSG00000229030",230
"ENSG00000229031",1799
"ENSG00000229032",342
"ENSG00000229035",219
"ENSG00000229036",853
"ENSG00000229037",527
"ENSG00000229042",2133
"ENSG00000229043",4569
"ENSG00000229044",575
"ENSG00000229046",310
"ENSG00000229047",562
"ENSG00000229048",470
"ENSG00000229051",2455
"ENSG00000229052",604
"ENSG00000229054",171
"ENSG00000229056",1625
"ENSG00000229057",734
"ENSG00000229060",1026
"ENSG00000229063",335
"ENSG00000229064",151
"ENSG00000229065",529
"ENSG00000229066",1771
"ENSG00000229067",151
"ENSG00000229068",1267
"ENSG00000229072",273
"ENSG00000229079",787
"ENSG00000229080",670
"ENSG00000229081",1623
"ENSG00000229082",856
"ENSG00000229083",686
"ENSG00000229086",1440
"ENSG00000229087",348
"ENSG00000229088",832
"ENSG00000229089",3686
"ENSG00000229090",1370
"ENSG00000229091",1942
"ENSG00000229092",335
"ENSG00000229093",620
"ENSG00000229097",440
"ENSG00000229101",345
"ENSG00000229102",1933
"ENSG00000229104",948
"ENSG00000229105",2067
"ENSG00000229106",1267
"ENSG00000229107",909
"ENSG00000229108",4391
"ENSG00000229109",7069
"ENSG00000229110",1012
"ENSG00000229111",935
"ENSG00000229112",280
"ENSG00000229115",246
"ENSG00000229116",3864
"ENSG00000229117",1108
"ENSG00000229118",989
"ENSG00000229119",295
"ENSG00000229120",331
"ENSG00000229122",339
"ENSG00000229124",2412
"ENSG00000229127",2416
"ENSG00000229129",1125
"ENSG00000229131",1517
"ENSG00000229132",1216
"ENSG00000229133",582
"ENSG00000229138",1266
"ENSG00000229140",66130
"ENSG00000229142",980
"ENSG00000229143",432
"ENSG00000229145",1113
"ENSG00000229146",838
"ENSG00000229147",1634
"ENSG00000229150",528
"ENSG00000229152",800
"ENSG00000229153",11387
"ENSG00000229154",4662
"ENSG00000229155",2069
"ENSG00000229156",378
"ENSG00000229159",739
"ENSG00000229161",1610
"ENSG00000229162",820
"ENSG00000229163",1089
"ENSG00000229165",1336
"ENSG00000229167",2793
"ENSG00000229168",591
"ENSG00000229169",238
"ENSG00000229172",2866
"ENSG00000229173",725
"ENSG00000229175",1606
"ENSG00000229177",756
"ENSG00000229178",1684
"ENSG00000229180",579
"ENSG00000229182",412
"ENSG00000229183",4784
"ENSG00000229184",485
"ENSG00000229186",2129
"ENSG00000229188",631
"ENSG00000229190",576
"ENSG00000229192",1253
"ENSG00000229195",1017
"ENSG00000229196",1721
"ENSG00000229197",386
"ENSG00000229201",2982
"ENSG00000229203",562
"ENSG00000229204",482
"ENSG00000229205",5823
"ENSG00000229206",433
"ENSG00000229207",1249
"ENSG00000229208",1028
"ENSG00000229209",1956
"ENSG00000229211",950
"ENSG00000229212",777
"ENSG00000229213",154
"ENSG00000229214",4496
"ENSG00000229217",315
"ENSG00000229220",749
"ENSG00000229221",934
"ENSG00000229222",1288
"ENSG00000229224",1069
"ENSG00000229225",157
"ENSG00000229226",449
"ENSG00000229227",3046
"ENSG00000229228",1065
"ENSG00000229229",577
"ENSG00000229230",177
"ENSG00000229231",1995
"ENSG00000229232",117
"ENSG00000229233",432
"ENSG00000229234",476
"ENSG00000229235",243
"ENSG00000229236",8731
"ENSG00000229237",303
"ENSG00000229238",1671
"ENSG00000229239",1186
"ENSG00000229240",7545
"ENSG00000229241",2315
"ENSG00000229242",800
"ENSG00000229243",2835
"ENSG00000229246",1392
"ENSG00000229247",238
"ENSG00000229248",771
"ENSG00000229249",1062
"ENSG00000229250",881
"ENSG00000229251",951
"ENSG00000229254",925
"ENSG00000229255",2338
"ENSG00000229256",1092
"ENSG00000229257",1438
"ENSG00000229258",2511
"ENSG00000229259",1801
"ENSG00000229261",1933
"ENSG00000229262",1250
"ENSG00000229263",547
"ENSG00000229266",1281
"ENSG00000229267",6048
"ENSG00000229268",1735
"ENSG00000229269",217
"ENSG00000229271",3011
"ENSG00000229272",4577
"ENSG00000229273",458
"ENSG00000229274",1627
"ENSG00000229275",954
"ENSG00000229276",382
"ENSG00000229278",3661
"ENSG00000229280",372
"ENSG00000229281",1084
"ENSG00000229282",1035
"ENSG00000229283",885
"ENSG00000229286",121
"ENSG00000229287",171
"ENSG00000229288",2090
"ENSG00000229289",469
"ENSG00000229291",5015
"ENSG00000229292",1172
"ENSG00000229294",512
"ENSG00000229297",371
"ENSG00000229298",727
"ENSG00000229299",603
"ENSG00000229301",3881
"ENSG00000229302",515
"ENSG00000229303",540
"ENSG00000229305",1075
"ENSG00000229306",323
"ENSG00000229307",376
"ENSG00000229308",968
"ENSG00000229309",1766
"ENSG00000229310",456
"ENSG00000229311",3926
"ENSG00000229312",657
"ENSG00000229313",577
"ENSG00000229314",863
"ENSG00000229315",2590
"ENSG00000229316",653
"ENSG00000229320",1397
"ENSG00000229321",6215
"ENSG00000229322",951
"ENSG00000229324",375
"ENSG00000229325",690
"ENSG00000229326",542
"ENSG00000229327",265
"ENSG00000229330",484
"ENSG00000229331",397
"ENSG00000229332",562
"ENSG00000229334",998
"ENSG00000229335",7248
"ENSG00000229336",442
"ENSG00000229337",11425
"ENSG00000229338",318
"ENSG00000229339",514
"ENSG00000229343",1554
"ENSG00000229344",682
"ENSG00000229345",1022
"ENSG00000229347",1048
"ENSG00000229348",545
"ENSG00000229349",2658
"ENSG00000229351",525
"ENSG00000229356",1128
"ENSG00000229357",318
"ENSG00000229358",2594
"ENSG00000229359",301
"ENSG00000229360",603
"ENSG00000229361",1191
"ENSG00000229365",589
"ENSG00000229367",265
"ENSG00000229368",527
"ENSG00000229369",589
"ENSG00000229370",455
"ENSG00000229372",699
"ENSG00000229373",1974
"ENSG00000229375",779
"ENSG00000229376",2455
"ENSG00000229379",328
"ENSG00000229380",593
"ENSG00000229382",379
"ENSG00000229384",540
"ENSG00000229385",2068
"ENSG00000229386",925
"ENSG00000229388",1295
"ENSG00000229389",339
"ENSG00000229390",813
"ENSG00000229391",715
"ENSG00000229393",514
"ENSG00000229395",565
"ENSG00000229398",725
"ENSG00000229399",445
"ENSG00000229400",837
"ENSG00000229402",561
"ENSG00000229404",4898
"ENSG00000229405",658
"ENSG00000229406",1179
"ENSG00000229407",1200
"ENSG00000229409",162
"ENSG00000229413",330
"ENSG00000229414",2468
"ENSG00000229415",3152
"ENSG00000229416",500
"ENSG00000229417",854
"ENSG00000229418",2746
"ENSG00000229419",6232
"ENSG00000229421",339
"ENSG00000229422",1164
"ENSG00000229423",446
"ENSG00000229424",587
"ENSG00000229425",25276
"ENSG00000229427",950
"ENSG00000229431",3150
"ENSG00000229433",3462
"ENSG00000229434",495
"ENSG00000229435",1120
"ENSG00000229436",255
"ENSG00000229437",2212
"ENSG00000229440",217
"ENSG00000229442",1586
"ENSG00000229443",3680
"ENSG00000229444",926
"ENSG00000229447",437
"ENSG00000229452",449
"ENSG00000229453",812
"ENSG00000229455",495
"ENSG00000229456",1680
"ENSG00000229457",1196
"ENSG00000229459",524
"ENSG00000229462",1800
"ENSG00000229465",1125
"ENSG00000229466",4487
"ENSG00000229468",155
"ENSG00000229473",553
"ENSG00000229474",4956
"ENSG00000229478",288
"ENSG00000229483",561
"ENSG00000229484",3639
"ENSG00000229485",240
"ENSG00000229486",1401
"ENSG00000229487",195
"ENSG00000229491",2068
"ENSG00000229492",1132
"ENSG00000229494",1429
"ENSG00000229495",2632
"ENSG00000229497",310
"ENSG00000229498",1711
"ENSG00000229500",536
"ENSG00000229502",1019
"ENSG00000229503",477
"ENSG00000229505",736
"ENSG00000229508",370
"ENSG00000229509",112
"ENSG00000229511",1480
"ENSG00000229512",252
"ENSG00000229515",1320
"ENSG00000229518",417
"ENSG00000229519",401
"ENSG00000229520",1622
"ENSG00000229521",428
"ENSG00000229522",2111
"ENSG00000229525",1598
"ENSG00000229526",522
"ENSG00000229528",471
"ENSG00000229530",913
"ENSG00000229531",991
"ENSG00000229532",712
"ENSG00000229533",1526
"ENSG00000229534",946
"ENSG00000229536",6454
"ENSG00000229537",4931
"ENSG00000229539",2466
"ENSG00000229541",1015
"ENSG00000229543",653
"ENSG00000229544",3211
"ENSG00000229546",2473
"ENSG00000229547",222
"ENSG00000229549",1941
"ENSG00000229550",607
"ENSG00000229551",1001
"ENSG00000229553",696
"ENSG00000229554",448
"ENSG00000229557",1449
"ENSG00000229558",2265
"ENSG00000229559",373
"ENSG00000229560",1501
"ENSG00000229562",1724
"ENSG00000229563",6951
"ENSG00000229565",1041
"ENSG00000229567",169
"ENSG00000229568",527
"ENSG00000229569",2018
"ENSG00000229570",1006
"ENSG00000229571",1997
"ENSG00000229572",1780
"ENSG00000229578",2827
"ENSG00000229579",1593
"ENSG00000229582",2611
"ENSG00000229585",472
"ENSG00000229586",2662
"ENSG00000229587",670
"ENSG00000229588",2743
"ENSG00000229589",2517
"ENSG00000229590",773
"ENSG00000229591",1372
"ENSG00000229593",1357
"ENSG00000229594",307
"ENSG00000229595",495
"ENSG00000229596",518
"ENSG00000229598",763
"ENSG00000229599",2116
"ENSG00000229600",484
"ENSG00000229601",253
"ENSG00000229603",538
"ENSG00000229604",202
"ENSG00000229605",489
"ENSG00000229606",2161
"ENSG00000229607",750
"ENSG00000229608",777
"ENSG00000229609",6719
"ENSG00000229612",304
"ENSG00000229613",8431
"ENSG00000229616",199
"ENSG00000229618",14347
"ENSG00000229619",8263
"ENSG00000229621",4433
"ENSG00000229622",1142
"ENSG00000229623",635
"ENSG00000229625",464
"ENSG00000229626",835
"ENSG00000229627",388
"ENSG00000229629",95
"ENSG00000229630",1101
"ENSG00000229635",512
"ENSG00000229636",1491
"ENSG00000229637",640
"ENSG00000229638",1284
"ENSG00000229639",458
"ENSG00000229641",291
"ENSG00000229642",10032
"ENSG00000229643",2717
"ENSG00000229644",2514
"ENSG00000229647",8621
"ENSG00000229648",851
"ENSG00000229649",2874
"ENSG00000229652",287
"ENSG00000229654",797
"ENSG00000229656",7775
"ENSG00000229657",562
"ENSG00000229658",1612
"ENSG00000229659",438
"ENSG00000229660",565
"ENSG00000229661",300
"ENSG00000229662",530
"ENSG00000229663",2158
"ENSG00000229664",480
"ENSG00000229665",2061
"ENSG00000229666",2541
"ENSG00000229667",368
"ENSG00000229668",351
"ENSG00000229670",2158
"ENSG00000229671",1299
"ENSG00000229672",6012
"ENSG00000229673",147
"ENSG00000229674",633
"ENSG00000229676",4246
"ENSG00000229677",551
"ENSG00000229679",457
"ENSG00000229682",361
"ENSG00000229686",71
"ENSG00000229687",286
"ENSG00000229688",3172
"ENSG00000229689",1427
"ENSG00000229690",477
"ENSG00000229692",1254
"ENSG00000229693",1250
"ENSG00000229695",1158
"ENSG00000229696",1752
"ENSG00000229697",2745
"ENSG00000229699",2254
"ENSG00000229700",486
"ENSG00000229701",661
"ENSG00000229703",318
"ENSG00000229704",982
"ENSG00000229707",487
"ENSG00000229708",585
"ENSG00000229709",829
"ENSG00000229711",636
"ENSG00000229713",351
"ENSG00000229715",782
"ENSG00000229716",369
"ENSG00000229717",2624
"ENSG00000229719",4808
"ENSG00000229720",934
"ENSG00000229721",623
"ENSG00000229722",479
"ENSG00000229723",1196
"ENSG00000229724",200
"ENSG00000229725",605
"ENSG00000229727",13073
"ENSG00000229728",480
"ENSG00000229730",337
"ENSG00000229731",1018
"ENSG00000229732",476
"ENSG00000229733",235
"ENSG00000229735",513
"ENSG00000229738",459
"ENSG00000229739",7021
"ENSG00000229740",2183
"ENSG00000229742",474
"ENSG00000229743",6599
"ENSG00000229744",473
"ENSG00000229745",265
"ENSG00000229747",728
"ENSG00000229749",375
"ENSG00000229750",1439
"ENSG00000229751",570
"ENSG00000229752",739
"ENSG00000229753",466
"ENSG00000229754",1074
"ENSG00000229755",500
"ENSG00000229756",360
"ENSG00000229757",787
"ENSG00000229758",295
"ENSG00000229759",589
"ENSG00000229760",531
"ENSG00000229761",354
"ENSG00000229762",633
"ENSG00000229765",482
"ENSG00000229766",5474
"ENSG00000229769",395
"ENSG00000229770",2214
"ENSG00000229771",3932
"ENSG00000229774",1265
"ENSG00000229775",2541
"ENSG00000229776",2095
"ENSG00000229779",306
"ENSG00000229780",432
"ENSG00000229781",1904
"ENSG00000229782",3151
"ENSG00000229785",943
"ENSG00000229786",251
"ENSG00000229788",663
"ENSG00000229791",1059
"ENSG00000229792",707
"ENSG00000229794",1084
"ENSG00000229795",247
"ENSG00000229797",1710
"ENSG00000229798",1281
"ENSG00000229800",1568
"ENSG00000229805",830
"ENSG00000229806",432
"ENSG00000229807",25266
"ENSG00000229808",741
"ENSG00000229809",2290
"ENSG00000229814",333
"ENSG00000229815",839
"ENSG00000229816",2400
"ENSG00000229817",2992
"ENSG00000229820",394
"ENSG00000229821",771
"ENSG00000229822",387
"ENSG00000229824",479
"ENSG00000229826",207
"ENSG00000229827",376
"ENSG00000229828",1641
"ENSG00000229829",475
"ENSG00000229830",183
"ENSG00000229831",359
"ENSG00000229832",496
"ENSG00000229833",2169
"ENSG00000229834",368
"ENSG00000229835",1768
"ENSG00000229836",306
"ENSG00000229839",5710
"ENSG00000229840",421
"ENSG00000229842",667
"ENSG00000229846",909
"ENSG00000229847",9122
"ENSG00000229848",957
"ENSG00000229849",723
"ENSG00000229851",816
"ENSG00000229852",10833
"ENSG00000229853",860
"ENSG00000229854",662
"ENSG00000229855",6921
"ENSG00000229857",732
"ENSG00000229858",352
"ENSG00000229859",5039
"ENSG00000229862",2123
"ENSG00000229863",582
"ENSG00000229865",370
"ENSG00000229867",3329
"ENSG00000229869",2263
"ENSG00000229870",467
"ENSG00000229871",890
"ENSG00000229873",1495
"ENSG00000229875",341
"ENSG00000229876",2788
"ENSG00000229877",1217
"ENSG00000229878",196
"ENSG00000229880",2219
"ENSG00000229882",1125
"ENSG00000229885",130
"ENSG00000229886",306
"ENSG00000229887",1117
"ENSG00000229890",383
"ENSG00000229891",1912
"ENSG00000229892",348
"ENSG00000229893",2172
"ENSG00000229894",1898
"ENSG00000229896",855
"ENSG00000229897",1301
"ENSG00000229899",374
"ENSG00000229900",245
"ENSG00000229901",394
"ENSG00000229905",456
"ENSG00000229906",232
"ENSG00000229907",222
"ENSG00000229909",694
"ENSG00000229910",927
"ENSG00000229911",680
"ENSG00000229913",1824
"ENSG00000229914",499
"ENSG00000229915",452
"ENSG00000229917",740
"ENSG00000229918",697
"ENSG00000229919",348
"ENSG00000229920",768
"ENSG00000229921",5598
"ENSG00000229922",1397
"ENSG00000229923",334
"ENSG00000229924",2492
"ENSG00000229925",1515
"ENSG00000229926",1213
"ENSG00000229927",556
"ENSG00000229928",547
"ENSG00000229930",246
"ENSG00000229931",6087
"ENSG00000229932",738
"ENSG00000229935",303
"ENSG00000229937",1077
"ENSG00000229938",436
"ENSG00000229939",287
"ENSG00000229940",604
"ENSG00000229941",1999
"ENSG00000229943",339
"ENSG00000229944",654
"ENSG00000229946",952
"ENSG00000229948",975
"ENSG00000229949",368
"ENSG00000229950",6956
"ENSG00000229951",3506
"ENSG00000229953",4265
"ENSG00000229954",945
"ENSG00000229955",541
"ENSG00000229956",16141
"ENSG00000229957",2137
"ENSG00000229960",3228
"ENSG00000229961",808
"ENSG00000229962",2606
"ENSG00000229965",781
"ENSG00000229967",3081
"ENSG00000229968",1433
"ENSG00000229969",2513
"ENSG00000229970",1853
"ENSG00000229971",405
"ENSG00000229972",2277
"ENSG00000229975",1186
"ENSG00000229976",2967
"ENSG00000229977",416
"ENSG00000229978",1452
"ENSG00000229979",264
"ENSG00000229980",6639
"ENSG00000229981",11858
"ENSG00000229982",986
"ENSG00000229983",510
"ENSG00000229985",527
"ENSG00000229986",487
"ENSG00000229988",439
"ENSG00000229989",14462
"ENSG00000229990",866
"ENSG00000229991",956
"ENSG00000229992",583
"ENSG00000229994",886
"ENSG00000229996",428
"ENSG00000229999",893
"ENSG00000230000",3164
"ENSG00000230001",635
"ENSG00000230002",2105
"ENSG00000230003",216
"ENSG00000230005",1708
"ENSG00000230006",1245
"ENSG00000230009",421
"ENSG00000230010",5618
"ENSG00000230011",1002
"ENSG00000230013",3356
"ENSG00000230014",881
"ENSG00000230015",1443
"ENSG00000230018",498
"ENSG00000230019",512
"ENSG00000230020",366
"ENSG00000230021",183
"ENSG00000230022",634
"ENSG00000230023",2541
"ENSG00000230025",558
"ENSG00000230026",1388
"ENSG00000230027",1609
"ENSG00000230029",1651
"ENSG00000230030",2815
"ENSG00000230031",1687
"ENSG00000230033",531
"ENSG00000230035",1228
"ENSG00000230037",473
"ENSG00000230039",995
"ENSG00000230040",1093
"ENSG00000230042",664
"ENSG00000230043",135
"ENSG00000230044",601
"ENSG00000230045",1395
"ENSG00000230046",697
"ENSG00000230047",321
"ENSG00000230051",1634
"ENSG00000230052",342
"ENSG00000230053",368
"ENSG00000230054",569
"ENSG00000230056",1436
"ENSG00000230061",2292
"ENSG00000230062",3676
"ENSG00000230063",650
"ENSG00000230064",476
"ENSG00000230065",374
"ENSG00000230066",456
"ENSG00000230067",1683
"ENSG00000230068",692
"ENSG00000230069",1355
"ENSG00000230071",1304
"ENSG00000230073",727
"ENSG00000230074",9514
"ENSG00000230076",318
"ENSG00000230077",832
"ENSG00000230079",1291
"ENSG00000230080",1207
"ENSG00000230081",211
"ENSG00000230082",813
"ENSG00000230083",238
"ENSG00000230084",4617
"ENSG00000230086",858
"ENSG00000230087",887
"ENSG00000230088",522
"ENSG00000230091",6408
"ENSG00000230092",238
"ENSG00000230096",691
"ENSG00000230097",1970
"ENSG00000230098",1002
"ENSG00000230099",544
"ENSG00000230100",270
"ENSG00000230101",232
"ENSG00000230102",12083
"ENSG00000230104",687
"ENSG00000230105",1067
"ENSG00000230106",192
"ENSG00000230107",2406
"ENSG00000230109",1472
"ENSG00000230111",400
"ENSG00000230112",186
"ENSG00000230113",545
"ENSG00000230114",566
"ENSG00000230115",479
"ENSG00000230116",755
"ENSG00000230118",258
"ENSG00000230119",96
"ENSG00000230120",562
"ENSG00000230121",714
"ENSG00000230122",737
"ENSG00000230123",576
"ENSG00000230124",7512
"ENSG00000230125",250
"ENSG00000230126",580
"ENSG00000230130",764
"ENSG00000230131",11648
"ENSG00000230132",392
"ENSG00000230133",9135
"ENSG00000230137",482
"ENSG00000230138",933
"ENSG00000230140",2110
"ENSG00000230142",719
"ENSG00000230146",1176
"ENSG00000230147",461
"ENSG00000230148",4371
"ENSG00000230149",527
"ENSG00000230153",1323
"ENSG00000230154",917
"ENSG00000230155",1610
"ENSG00000230157",379
"ENSG00000230158",950
"ENSG00000230159",4663
"ENSG00000230160",349
"ENSG00000230161",422
"ENSG00000230162",1134
"ENSG00000230163",720
"ENSG00000230164",1047
"ENSG00000230165",333
"ENSG00000230166",330
"ENSG00000230169",429
"ENSG00000230170",961
"ENSG00000230171",377
"ENSG00000230172",1147
"ENSG00000230173",2852
"ENSG00000230174",2411
"ENSG00000230175",470
"ENSG00000230176",947
"ENSG00000230178",995
"ENSG00000230180",121
"ENSG00000230182",369
"ENSG00000230183",1462
"ENSG00000230184",361
"ENSG00000230185",6753
"ENSG00000230186",2708
"ENSG00000230187",297
"ENSG00000230188",473
"ENSG00000230189",981
"ENSG00000230190",1116
"ENSG00000230191",389
"ENSG00000230192",709
"ENSG00000230194",297
"ENSG00000230196",443
"ENSG00000230197",1127
"ENSG00000230198",268
"ENSG00000230199",80
"ENSG00000230201",618
"ENSG00000230202",474
"ENSG00000230203",807
"ENSG00000230204",545
"ENSG00000230207",1276
"ENSG00000230208",553
"ENSG00000230212",159
"ENSG00000230213",873
"ENSG00000230214",523
"ENSG00000230215",571
"ENSG00000230216",546
"ENSG00000230219",877
"ENSG00000230221",2473
"ENSG00000230223",9629
"ENSG00000230224",825
"ENSG00000230225",1267
"ENSG00000230226",3445
"ENSG00000230227",923
"ENSG00000230228",368
"ENSG00000230229",593
"ENSG00000230231",768
"ENSG00000230233",879
"ENSG00000230234",467
"ENSG00000230237",588
"ENSG00000230239",882
"ENSG00000230240",342
"ENSG00000230241",228
"ENSG00000230243",319
"ENSG00000230244",1207
"ENSG00000230245",352
"ENSG00000230246",4699
"ENSG00000230247",583
"ENSG00000230248",632
"ENSG00000230249",386
"ENSG00000230250",923
"ENSG00000230251",837
"ENSG00000230252",1004
"ENSG00000230256",500
"ENSG00000230257",2449
"ENSG00000230258",1955
"ENSG00000230260",548
"ENSG00000230261",939
"ENSG00000230262",2794
"ENSG00000230266",1000
"ENSG00000230267",3957
"ENSG00000230268",1348
"ENSG00000230269",3039
"ENSG00000230271",616
"ENSG00000230273",381
"ENSG00000230274",565
"ENSG00000230275",1162
"ENSG00000230276",352
"ENSG00000230280",918
"ENSG00000230282",751
"ENSG00000230283",387
"ENSG00000230284",394
"ENSG00000230285",812
"ENSG00000230286",306
"ENSG00000230287",222
"ENSG00000230289",679
"ENSG00000230290",800
"ENSG00000230291",435
"ENSG00000230292",475
"ENSG00000230294",3397
"ENSG00000230295",351
"ENSG00000230298",378
"ENSG00000230299",124
"ENSG00000230300",452
"ENSG00000230301",1197
"ENSG00000230302",303
"ENSG00000230303",9697
"ENSG00000230304",2729
"ENSG00000230305",365
"ENSG00000230306",264
"ENSG00000230307",923
"ENSG00000230309",5279
"ENSG00000230310",543
"ENSG00000230311",435
"ENSG00000230312",919
"ENSG00000230313",717
"ENSG00000230314",3210
"ENSG00000230316",4475
"ENSG00000230317",13265
"ENSG00000230318",1621
"ENSG00000230319",2899
"ENSG00000230320",457
"ENSG00000230321",428
"ENSG00000230322",430
"ENSG00000230323",2256
"ENSG00000230324",1518
"ENSG00000230325",494
"ENSG00000230326",451
"ENSG00000230327",726
"ENSG00000230328",1580
"ENSG00000230330",273
"ENSG00000230331",350
"ENSG00000230333",7598
"ENSG00000230335",806
"ENSG00000230337",6588
"ENSG00000230338",478
"ENSG00000230339",244
"ENSG00000230342",1400
"ENSG00000230343",265
"ENSG00000230347",1298
"ENSG00000230350",288
"ENSG00000230352",620
"ENSG00000230353",251
"ENSG00000230355",136
"ENSG00000230356",1801
"ENSG00000230358",3286
"ENSG00000230359",752
"ENSG00000230360",2614
"ENSG00000230361",905
"ENSG00000230362",1074
"ENSG00000230364",1311
"ENSG00000230365",3183
"ENSG00000230366",4780
"ENSG00000230368",2422
"ENSG00000230370",478
"ENSG00000230371",1639
"ENSG00000230373",1828
"ENSG00000230375",669
"ENSG00000230376",386
"ENSG00000230377",331
"ENSG00000230379",614
"ENSG00000230383",862
"ENSG00000230384",883
"ENSG00000230385",1508
"ENSG00000230386",428
"ENSG00000230387",6832
"ENSG00000230390",632
"ENSG00000230391",883
"ENSG00000230392",2907
"ENSG00000230393",2586
"ENSG00000230395",312
"ENSG00000230397",261
"ENSG00000230398",481
"ENSG00000230399",2242
"ENSG00000230400",4611
"ENSG00000230401",824
"ENSG00000230402",857
"ENSG00000230403",916
"ENSG00000230404",390
"ENSG00000230405",297
"ENSG00000230406",421
"ENSG00000230407",1505
"ENSG00000230408",1268
"ENSG00000230409",906
"ENSG00000230411",955
"ENSG00000230412",328
"ENSG00000230415",1580
"ENSG00000230416",925
"ENSG00000230417",16263
"ENSG00000230418",490
"ENSG00000230423",8189
"ENSG00000230424",2046
"ENSG00000230425",441
"ENSG00000230426",16885
"ENSG00000230428",278
"ENSG00000230430",1593
"ENSG00000230432",1158
"ENSG00000230433",851
"ENSG00000230434",3122
"ENSG00000230435",563
"ENSG00000230437",473
"ENSG00000230438",9283
"ENSG00000230440",271
"ENSG00000230442",3630
"ENSG00000230444",736
"ENSG00000230445",5444
"ENSG00000230447",604
"ENSG00000230448",4101
"ENSG00000230449",730
"ENSG00000230450",1329
"ENSG00000230451",145
"ENSG00000230452",470
"ENSG00000230453",7776
"ENSG00000230454",2679
"ENSG00000230457",1182
"ENSG00000230458",144
"ENSG00000230459",310
"ENSG00000230461",10899
"ENSG00000230465",958
"ENSG00000230468",774
"ENSG00000230469",877
"ENSG00000230470",423
"ENSG00000230471",4899
"ENSG00000230472",1146
"ENSG00000230474",349
"ENSG00000230476",1491
"ENSG00000230477",489
"ENSG00000230478",108
"ENSG00000230479",5174
"ENSG00000230480",349
"ENSG00000230481",354
"ENSG00000230482",425
"ENSG00000230483",404
"ENSG00000230484",937
"ENSG00000230485",953
"ENSG00000230487",7261
"ENSG00000230489",5540
"ENSG00000230490",17337
"ENSG00000230491",244
"ENSG00000230492",6423
"ENSG00000230495",553
"ENSG00000230496",666
"ENSG00000230497",671
"ENSG00000230498",2086
"ENSG00000230499",412
"ENSG00000230500",909
"ENSG00000230501",1070
"ENSG00000230502",168
"ENSG00000230507",804
"ENSG00000230508",591
"ENSG00000230510",270
"ENSG00000230513",3277
"ENSG00000230515",4370
"ENSG00000230516",839
"ENSG00000230519",569
"ENSG00000230520",874
"ENSG00000230521",975
"ENSG00000230522",793
"ENSG00000230523",2148
"ENSG00000230524",4317
"ENSG00000230526",2497
"ENSG00000230528",867
"ENSG00000230529",513
"ENSG00000230530",4537
"ENSG00000230531",1798
"ENSG00000230532",483
"ENSG00000230533",5723
"ENSG00000230534",1422
"ENSG00000230535",665
"ENSG00000230536",765
"ENSG00000230537",17658
"ENSG00000230538",2135
"ENSG00000230539",573
"ENSG00000230542",1340
"ENSG00000230543",175
"ENSG00000230546",141
"ENSG00000230547",637
"ENSG00000230548",1354
"ENSG00000230549",1593
"ENSG00000230550",1536
"ENSG00000230551",8636
"ENSG00000230552",7766
"ENSG00000230555",1370
"ENSG00000230556",166
"ENSG00000230558",440
"ENSG00000230559",526
"ENSG00000230561",1802
"ENSG00000230562",691
"ENSG00000230563",8817
"ENSG00000230564",448
"ENSG00000230568",1477
"ENSG00000230569",826
"ENSG00000230570",1203
"ENSG00000230571",391
"ENSG00000230572",1199
"ENSG00000230573",812
"ENSG00000230575",381
"ENSG00000230576",940
"ENSG00000230578",271
"ENSG00000230580",498
"ENSG00000230581",1122
"ENSG00000230583",680
"ENSG00000230584",1624
"ENSG00000230585",811
"ENSG00000230587",5600
"ENSG00000230589",557
"ENSG00000230590",42249
"ENSG00000230592",889
"ENSG00000230593",490
"ENSG00000230594",1298
"ENSG00000230595",366
"ENSG00000230596",928
"ENSG00000230597",352
"ENSG00000230598",944
"ENSG00000230599",452
"ENSG00000230601",834
"ENSG00000230603",220
"ENSG00000230604",358
"ENSG00000230605",138
"ENSG00000230606",7158
"ENSG00000230607",964
"ENSG00000230609",193
"ENSG00000230611",603
"ENSG00000230612",1789
"ENSG00000230613",1151
"ENSG00000230614",258
"ENSG00000230615",11911
"ENSG00000230617",123
"ENSG00000230618",407
"ENSG00000230621",217
"ENSG00000230622",274
"ENSG00000230623",8129
"ENSG00000230626",1198
"ENSG00000230627",1244
"ENSG00000230628",3564
"ENSG00000230629",330
"ENSG00000230630",3195
"ENSG00000230631",812
"ENSG00000230634",432
"ENSG00000230635",549
"ENSG00000230636",225
"ENSG00000230637",663
"ENSG00000230638",2242
"ENSG00000230639",291
"ENSG00000230643",118
"ENSG00000230645",1766
"ENSG00000230646",1039
"ENSG00000230647",3156
"ENSG00000230648",8257
"ENSG00000230650",3130
"ENSG00000230651",2556
"ENSG00000230654",681
"ENSG00000230655",895
"ENSG00000230657",923
"ENSG00000230658",3752
"ENSG00000230659",435
"ENSG00000230661",668
"ENSG00000230662",2665
"ENSG00000230663",5269
"ENSG00000230665",2203
"ENSG00000230666",1021
"ENSG00000230667",879
"ENSG00000230668",897
"ENSG00000230671",321
"ENSG00000230673",459
"ENSG00000230676",3842
"ENSG00000230679",1057
"ENSG00000230680",818
"ENSG00000230681",421
"ENSG00000230682",640
"ENSG00000230683",383
"ENSG00000230684",266
"ENSG00000230686",623
"ENSG00000230687",775
"ENSG00000230690",3732
"ENSG00000230691",566
"ENSG00000230694",455
"ENSG00000230695",1797
"ENSG00000230696",610
"ENSG00000230697",396
"ENSG00000230698",1935
"ENSG00000230701",2239
"ENSG00000230702",361
"ENSG00000230703",461
"ENSG00000230704",677
"ENSG00000230706",1255
"ENSG00000230707",1234
"ENSG00000230709",2201
"ENSG00000230710",2533
"ENSG00000230711",2446
"ENSG00000230712",675
"ENSG00000230714",215
"ENSG00000230715",403
"ENSG00000230716",1432
"ENSG00000230718",358
"ENSG00000230720",461
"ENSG00000230721",555
"ENSG00000230724",4647
"ENSG00000230725",11018
"ENSG00000230727",894
"ENSG00000230728",623
"ENSG00000230729",1055
"ENSG00000230730",1730
"ENSG00000230731",7963
"ENSG00000230732",1413
"ENSG00000230733",3251
"ENSG00000230734",468
"ENSG00000230735",437
"ENSG00000230736",1558
"ENSG00000230737",810
"ENSG00000230739",679
"ENSG00000230741",484
"ENSG00000230746",3901
"ENSG00000230747",740
"ENSG00000230748",625
"ENSG00000230749",3035
"ENSG00000230750",2028
"ENSG00000230751",437
"ENSG00000230753",1782
"ENSG00000230755",476
"ENSG00000230756",621
"ENSG00000230757",774
"ENSG00000230758",246
"ENSG00000230759",701
"ENSG00000230764",415
"ENSG00000230768",3120
"ENSG00000230769",491
"ENSG00000230772",830
"ENSG00000230773",13324
"ENSG00000230777",171
"ENSG00000230778",4693
"ENSG00000230779",927
"ENSG00000230781",1499
"ENSG00000230782",2721
"ENSG00000230783",765
"ENSG00000230785",787
"ENSG00000230787",1111
"ENSG00000230788",1253
"ENSG00000230789",932
"ENSG00000230790",561
"ENSG00000230793",1225
"ENSG00000230794",679
"ENSG00000230795",1046
"ENSG00000230796",201
"ENSG00000230797",2754
"ENSG00000230798",3790
"ENSG00000230799",837
"ENSG00000230801",247
"ENSG00000230803",322
"ENSG00000230804",579
"ENSG00000230805",4216
"ENSG00000230806",2861
"ENSG00000230807",371
"ENSG00000230809",751
"ENSG00000230813",417
"ENSG00000230814",697
"ENSG00000230815",486
"ENSG00000230817",2155
"ENSG00000230818",799
"ENSG00000230819",805
"ENSG00000230820",425
"ENSG00000230821",1651
"ENSG00000230823",427
"ENSG00000230825",4439
"ENSG00000230826",788
"ENSG00000230828",346
"ENSG00000230829",416
"ENSG00000230830",542
"ENSG00000230831",1707
"ENSG00000230832",1241
"ENSG00000230833",676
"ENSG00000230834",1043
"ENSG00000230835",411
"ENSG00000230837",377
"ENSG00000230838",2452
"ENSG00000230840",142
"ENSG00000230841",459
"ENSG00000230843",557
"ENSG00000230844",4100
"ENSG00000230845",692
"ENSG00000230846",465
"ENSG00000230847",679
"ENSG00000230848",658
"ENSG00000230849",1251
"ENSG00000230851",339
"ENSG00000230852",2300
"ENSG00000230853",616
"ENSG00000230854",558
"ENSG00000230859",480
"ENSG00000230860",818
"ENSG00000230863",742
"ENSG00000230864",1369
"ENSG00000230865",515
"ENSG00000230866",2006
"ENSG00000230867",454
"ENSG00000230869",2418
"ENSG00000230870",1474
"ENSG00000230871",722
"ENSG00000230872",1284
"ENSG00000230873",3096
"ENSG00000230876",5926
"ENSG00000230879",376
"ENSG00000230881",265
"ENSG00000230882",3495
"ENSG00000230886",607
"ENSG00000230889",1745
"ENSG00000230891",990
"ENSG00000230894",5550
"ENSG00000230896",598
"ENSG00000230897",459
"ENSG00000230898",484
"ENSG00000230899",3423
"ENSG00000230902",642
"ENSG00000230904",492
"ENSG00000230908",1551
"ENSG00000230910",7337
"ENSG00000230911",510
"ENSG00000230912",410
"ENSG00000230913",744
"ENSG00000230914",365
"ENSG00000230916",699
"ENSG00000230918",2026
"ENSG00000230920",434
"ENSG00000230921",311
"ENSG00000230922",1633
"ENSG00000230923",3878
"ENSG00000230926",705
"ENSG00000230927",855
"ENSG00000230928",1168
"ENSG00000230929",301
"ENSG00000230931",490
"ENSG00000230932",579
"ENSG00000230934",248
"ENSG00000230935",192
"ENSG00000230936",2643
"ENSG00000230937",4592
"ENSG00000230941",1088
"ENSG00000230942",263
"ENSG00000230943",3998
"ENSG00000230944",585
"ENSG00000230945",5340
"ENSG00000230946",979
"ENSG00000230947",364
"ENSG00000230948",1015
"ENSG00000230950",1042
"ENSG00000230951",888
"ENSG00000230952",1061
"ENSG00000230953",175
"ENSG00000230955",481
"ENSG00000230956",833
"ENSG00000230958",303
"ENSG00000230960",6400
"ENSG00000230962",1525
"ENSG00000230964",96
"ENSG00000230965",529
"ENSG00000230967",522
"ENSG00000230968",797
"ENSG00000230969",2664
"ENSG00000230970",1443
"ENSG00000230972",762
"ENSG00000230973",616
"ENSG00000230975",769
"ENSG00000230977",595
"ENSG00000230978",1333
"ENSG00000230979",531
"ENSG00000230980",318
"ENSG00000230982",465
"ENSG00000230986",111
"ENSG00000230987",3528
"ENSG00000230988",469
"ENSG00000230989",9862
"ENSG00000230990",4855
"ENSG00000230991",2535
"ENSG00000230992",597
"ENSG00000230993",499
"ENSG00000230994",601
"ENSG00000230997",316
"ENSG00000230999",1083
"ENSG00000231001",829
"ENSG00000231004",199
"ENSG00000231005",151
"ENSG00000231006",744
"ENSG00000231007",1500
"ENSG00000231009",1790
"ENSG00000231010",1181
"ENSG00000231011",400
"ENSG00000231013",3159
"ENSG00000231015",805
"ENSG00000231017",249
"ENSG00000231018",244
"ENSG00000231019",561
"ENSG00000231020",424
"ENSG00000231022",792
"ENSG00000231023",10386
"ENSG00000231024",420
"ENSG00000231026",483
"ENSG00000231028",19252
"ENSG00000231029",455
"ENSG00000231031",5068
"ENSG00000231032",485
"ENSG00000231034",291
"ENSG00000231035",745
"ENSG00000231039",1531
"ENSG00000231040",6274
"ENSG00000231043",1741
"ENSG00000231046",2804
"ENSG00000231047",575
"ENSG00000231049",951
"ENSG00000231050",1574
"ENSG00000231051",1593
"ENSG00000231052",206
"ENSG00000231053",349
"ENSG00000231056",3342
"ENSG00000231057",3477
"ENSG00000231058",1368
"ENSG00000231060",1778
"ENSG00000231061",1627
"ENSG00000231062",597
"ENSG00000231063",839
"ENSG00000231064",4918
"ENSG00000231066",844
"ENSG00000231068",253
"ENSG00000231069",571
"ENSG00000231070",828
"ENSG00000231071",687
"ENSG00000231072",1003
"ENSG00000231073",2205
"ENSG00000231074",20038
"ENSG00000231078",377
"ENSG00000231079",4156
"ENSG00000231080",861
"ENSG00000231081",542
"ENSG00000231082",838
"ENSG00000231083",2720
"ENSG00000231084",376
"ENSG00000231086",768
"ENSG00000231087",1054
"ENSG00000231090",2568
"ENSG00000231092",784
"ENSG00000231093",1855
"ENSG00000231095",994
"ENSG00000231096",390
"ENSG00000231098",414
"ENSG00000231099",393
"ENSG00000231100",666
"ENSG00000231102",408
"ENSG00000231103",1417
"ENSG00000231104",2085
"ENSG00000231105",2579
"ENSG00000231106",1717
"ENSG00000231107",2407
"ENSG00000231108",479
"ENSG00000231110",638
"ENSG00000231112",221
"ENSG00000231113",1490
"ENSG00000231114",1890
"ENSG00000231119",1957
"ENSG00000231120",495
"ENSG00000231122",189
"ENSG00000231123",438
"ENSG00000231124",285
"ENSG00000231125",794
"ENSG00000231130",450
"ENSG00000231131",8376
"ENSG00000231132",446
"ENSG00000231133",5154
"ENSG00000231134",458
"ENSG00000231136",350
"ENSG00000231137",1277
"ENSG00000231138",1160
"ENSG00000231139",297
"ENSG00000231141",344
"ENSG00000231143",265
"ENSG00000231144",573
"ENSG00000231147",2140
"ENSG00000231148",612
"ENSG00000231149",266
"ENSG00000231150",1463
"ENSG00000231152",892
"ENSG00000231153",148
"ENSG00000231154",2592
"ENSG00000231156",898
"ENSG00000231158",515
"ENSG00000231159",1433
"ENSG00000231160",8290
"ENSG00000231162",835
"ENSG00000231163",2636
"ENSG00000231164",717
"ENSG00000231165",293
"ENSG00000231166",479
"ENSG00000231167",999
"ENSG00000231169",672
"ENSG00000231170",9009
"ENSG00000231171",2450
"ENSG00000231172",1185
"ENSG00000231175",2216
"ENSG00000231177",1328
"ENSG00000231178",3858
"ENSG00000231181",559
"ENSG00000231183",1794
"ENSG00000231184",619
"ENSG00000231185",19071
"ENSG00000231187",3257
"ENSG00000231188",1244
"ENSG00000231189",808
"ENSG00000231192",5999
"ENSG00000231193",551
"ENSG00000231194",323
"ENSG00000231195",526
"ENSG00000231198",508
"ENSG00000231199",1794
"ENSG00000231201",824
"ENSG00000231202",360
"ENSG00000231203",1447
"ENSG00000231204",10985
"ENSG00000231205",1910
"ENSG00000231206",937
"ENSG00000231207",355
"ENSG00000231208",1385
"ENSG00000231210",2681
"ENSG00000231211",411
"ENSG00000231213",1271
"ENSG00000231216",2249
"ENSG00000231219",1068
"ENSG00000231221",388
"ENSG00000231222",520
"ENSG00000231226",1876
"ENSG00000231227",460
"ENSG00000231228",339
"ENSG00000231231",859
"ENSG00000231232",337
"ENSG00000231233",1200
"ENSG00000231234",489
"ENSG00000231235",1630
"ENSG00000231236",3947
"ENSG00000231237",971
"ENSG00000231238",1522
"ENSG00000231240",1042
"ENSG00000231241",242
"ENSG00000231243",751
"ENSG00000231244",1318
"ENSG00000231245",402
"ENSG00000231246",13741
"ENSG00000231248",956
"ENSG00000231249",4634
"ENSG00000231251",93
"ENSG00000231252",7369
"ENSG00000231253",2785
"ENSG00000231254",785
"ENSG00000231256",3761
"ENSG00000231258",2038
"ENSG00000231259",1331
"ENSG00000231261",265
"ENSG00000231264",605
"ENSG00000231265",471
"ENSG00000231266",415
"ENSG00000231270",905
"ENSG00000231271",289
"ENSG00000231272",452
"ENSG00000231274",1520
"ENSG00000231276",1133
"ENSG00000231278",403
"ENSG00000231280",1691
"ENSG00000231290",9005
"ENSG00000231291",2423
"ENSG00000231292",353
"ENSG00000231293",321
"ENSG00000231295",547
"ENSG00000231296",313
"ENSG00000231297",2884
"ENSG00000231298",7799
"ENSG00000231299",180
"ENSG00000231300",291
"ENSG00000231301",518
"ENSG00000231302",315
"ENSG00000231304",12887
"ENSG00000231307",701
"ENSG00000231310",1073
"ENSG00000231311",492
"ENSG00000231312",14874
"ENSG00000231313",724
"ENSG00000231316",339
"ENSG00000231317",1948
"ENSG00000231322",581
"ENSG00000231324",2722
"ENSG00000231326",1654
"ENSG00000231327",4526
"ENSG00000231328",517
"ENSG00000231329",5149
"ENSG00000231331",354
"ENSG00000231332",463
"ENSG00000231333",345
"ENSG00000231334",627
"ENSG00000231336",364
"ENSG00000231340",1082
"ENSG00000231341",855
"ENSG00000231344",349
"ENSG00000231345",1944
"ENSG00000231346",1377
"ENSG00000231349",691
"ENSG00000231351",505
"ENSG00000231353",260
"ENSG00000231355",737
"ENSG00000231356",1011
"ENSG00000231357",402
"ENSG00000231358",1213
"ENSG00000231359",306
"ENSG00000231361",123
"ENSG00000231362",156
"ENSG00000231364",3880
"ENSG00000231365",12600
"ENSG00000231366",294
"ENSG00000231367",8164
"ENSG00000231368",891
"ENSG00000231369",578
"ENSG00000231371",936
"ENSG00000231373",605
"ENSG00000231375",1282
"ENSG00000231376",261
"ENSG00000231378",502
"ENSG00000231381",1010
"ENSG00000231382",1451
"ENSG00000231383",1080
"ENSG00000231384",511
"ENSG00000231386",677
"ENSG00000231388",1624
"ENSG00000231389",5748
"ENSG00000231390",874
"ENSG00000231392",163
"ENSG00000231393",679
"ENSG00000231394",543
"ENSG00000231395",518
"ENSG00000231396",1593
"ENSG00000231397",228
"ENSG00000231398",365
"ENSG00000231399",260
"ENSG00000231401",4514
"ENSG00000231402",1455
"ENSG00000231403",626
"ENSG00000231404",580
"ENSG00000231405",473
"ENSG00000231407",6765
"ENSG00000231409",315
"ENSG00000231411",1136
"ENSG00000231412",1317
"ENSG00000231413",292
"ENSG00000231414",156
"ENSG00000231416",329
"ENSG00000231417",1838
"ENSG00000231418",1079
"ENSG00000231419",10102
"ENSG00000231420",1843
"ENSG00000231421",2167
"ENSG00000231422",3674
"ENSG00000231423",597
"ENSG00000231424",9616
"ENSG00000231426",2585
"ENSG00000231427",10542
"ENSG00000231428",439
"ENSG00000231431",584
"ENSG00000231434",2167
"ENSG00000231436",1145
"ENSG00000231437",5813
"ENSG00000231439",1312
"ENSG00000231440",675
"ENSG00000231441",2839
"ENSG00000231442",1359
"ENSG00000231443",1242
"ENSG00000231445",295
"ENSG00000231447",848
"ENSG00000231449",463
"ENSG00000231453",5036
"ENSG00000231454",284
"ENSG00000231458",790
"ENSG00000231460",3651
"ENSG00000231461",733
"ENSG00000231464",1242
"ENSG00000231466",780
"ENSG00000231467",464
"ENSG00000231468",611
"ENSG00000231470",584
"ENSG00000231471",269
"ENSG00000231473",3400
"ENSG00000231475",428
"ENSG00000231476",1866
"ENSG00000231477",543
"ENSG00000231478",282
"ENSG00000231480",177
"ENSG00000231482",2569
"ENSG00000231484",407
"ENSG00000231487",2843
"ENSG00000231489",127
"ENSG00000231490",739
"ENSG00000231491",919
"ENSG00000231492",965
"ENSG00000231494",462
"ENSG00000231495",115
"ENSG00000231496",744
"ENSG00000231500",1834
"ENSG00000231501",157
"ENSG00000231503",346
"ENSG00000231504",761
"ENSG00000231505",869
"ENSG00000231507",3483
"ENSG00000231508",351
"ENSG00000231509",758
"ENSG00000231510",449
"ENSG00000231512",178
"ENSG00000231513",514
"ENSG00000231514",640
"ENSG00000231515",613
"ENSG00000231516",559
"ENSG00000231519",518
"ENSG00000231521",285
"ENSG00000231523",648
"ENSG00000231525",590
"ENSG00000231527",19999
"ENSG00000231528",6787
"ENSG00000231529",3141
"ENSG00000231530",363
"ENSG00000231531",378
"ENSG00000231532",4233
"ENSG00000231533",12094
"ENSG00000231534",582
"ENSG00000231535",7002
"ENSG00000231536",1433
"ENSG00000231537",772
"ENSG00000231538",669
"ENSG00000231539",561
"ENSG00000231540",239
"ENSG00000231541",705
"ENSG00000231542",245
"ENSG00000231544",491
"ENSG00000231546",1232
"ENSG00000231547",310
"ENSG00000231548",1014
"ENSG00000231549",177
"ENSG00000231550",1205
"ENSG00000231551",1082
"ENSG00000231552",1000
"ENSG00000231553",560
"ENSG00000231556",495
"ENSG00000231557",1069
"ENSG00000231559",247
"ENSG00000231560",3956
"ENSG00000231561",961
"ENSG00000231562",779
"ENSG00000231563",7732
"ENSG00000231564",222
"ENSG00000231565",1338
"ENSG00000231567",1012
"ENSG00000231568",127
"ENSG00000231569",215
"ENSG00000231570",264
"ENSG00000231574",11197
"ENSG00000231576",673
"ENSG00000231579",635
"ENSG00000231582",295
"ENSG00000231583",136
"ENSG00000231584",900
"ENSG00000231585",1137
"ENSG00000231586",438
"ENSG00000231587",86
"ENSG00000231588",1544
"ENSG00000231589",1252
"ENSG00000231590",1416
"ENSG00000231593",193
"ENSG00000231597",635
"ENSG00000231600",199
"ENSG00000231601",424
"ENSG00000231603",760
"ENSG00000231604",956
"ENSG00000231605",1929
"ENSG00000231606",1549
"ENSG00000231607",21458
"ENSG00000231609",4558
"ENSG00000231610",922
"ENSG00000231612",447
"ENSG00000231613",509
"ENSG00000231615",1337
"ENSG00000231619",395
"ENSG00000231620",636
"ENSG00000231621",1180
"ENSG00000231622",171
"ENSG00000231625",491
"ENSG00000231626",512
"ENSG00000231628",1198
"ENSG00000231630",429
"ENSG00000231635",1574
"ENSG00000231636",407
"ENSG00000231637",1593
"ENSG00000231638",2916
"ENSG00000231643",295
"ENSG00000231645",1307
"ENSG00000231646",6560
"ENSG00000231648",2882
"ENSG00000231649",4016
"ENSG00000231650",461
"ENSG00000231651",567
"ENSG00000231652",3084
"ENSG00000231653",566
"ENSG00000231654",627
"ENSG00000231655",352
"ENSG00000231660",609
"ENSG00000231662",381
"ENSG00000231663",1056
"ENSG00000231665",1592
"ENSG00000231666",2071
"ENSG00000231667",1014
"ENSG00000231668",637
"ENSG00000231671",1509
"ENSG00000231672",8783
"ENSG00000231674",2018
"ENSG00000231675",174
"ENSG00000231678",400
"ENSG00000231680",1632
"ENSG00000231681",1426
"ENSG00000231682",2960
"ENSG00000231683",3994
"ENSG00000231684",334
"ENSG00000231686",988
"ENSG00000231688",472
"ENSG00000231689",4937
"ENSG00000231690",10142
"ENSG00000231691",1484
"ENSG00000231694",96
"ENSG00000231697",877
"ENSG00000231698",2968
"ENSG00000231699",163
"ENSG00000231700",558
"ENSG00000231701",885
"ENSG00000231702",154
"ENSG00000231703",3280
"ENSG00000231704",2861
"ENSG00000231705",546
"ENSG00000231706",310
"ENSG00000231707",591
"ENSG00000231711",5708
"ENSG00000231712",276
"ENSG00000231713",2011
"ENSG00000231714",440
"ENSG00000231715",225
"ENSG00000231716",1014
"ENSG00000231718",2963
"ENSG00000231720",3551
"ENSG00000231721",41896
"ENSG00000231722",580
"ENSG00000231723",201
"ENSG00000231724",540
"ENSG00000231725",971
"ENSG00000231726",265
"ENSG00000231728",4594
"ENSG00000231729",394
"ENSG00000231731",5510
"ENSG00000231735",884
"ENSG00000231738",4085
"ENSG00000231739",267
"ENSG00000231740",1232
"ENSG00000231741",1468
"ENSG00000231742",3978
"ENSG00000231743",421
"ENSG00000231744",607
"ENSG00000231747",359
"ENSG00000231748",434
"ENSG00000231749",2990
"ENSG00000231750",895
"ENSG00000231752",901
"ENSG00000231754",2175
"ENSG00000231755",1117
"ENSG00000231756",414
"ENSG00000231758",6778
"ENSG00000231760",2117
"ENSG00000231762",2285
"ENSG00000231763",429
"ENSG00000231764",20956
"ENSG00000231765",382
"ENSG00000231766",426
"ENSG00000231767",471
"ENSG00000231768",4372
"ENSG00000231769",2464
"ENSG00000231770",1885
"ENSG00000231772",1308
"ENSG00000231776",3169
"ENSG00000231777",1357
"ENSG00000231780",306
"ENSG00000231781",1208
"ENSG00000231782",1389
"ENSG00000231784",250
"ENSG00000231787",433
"ENSG00000231788",296
"ENSG00000231789",1099
"ENSG00000231791",333
"ENSG00000231793",1163
"ENSG00000231794",2503
"ENSG00000231795",208
"ENSG00000231799",1197
"ENSG00000231801",545
"ENSG00000231802",766
"ENSG00000231804",474
"ENSG00000231806",6749
"ENSG00000231808",3195
"ENSG00000231809",892
"ENSG00000231810",308
"ENSG00000231811",3730
"ENSG00000231812",207
"ENSG00000231814",1584
"ENSG00000231815",1180
"ENSG00000231817",6156
"ENSG00000231821",853
"ENSG00000231822",735
"ENSG00000231824",3117
"ENSG00000231826",6392
"ENSG00000231827",2040
"ENSG00000231829",1634
"ENSG00000231830",459
"ENSG00000231831",2764
"ENSG00000231837",607
"ENSG00000231839",1621
"ENSG00000231840",2449
"ENSG00000231841",762
"ENSG00000231845",599
"ENSG00000231848",461
"ENSG00000231849",259
"ENSG00000231851",3030
"ENSG00000231852",2821
"ENSG00000231855",60
"ENSG00000231856",3110
"ENSG00000231857",961
"ENSG00000231858",520
"ENSG00000231859",394
"ENSG00000231861",951
"ENSG00000231863",8156
"ENSG00000231864",748
"ENSG00000231866",175
"ENSG00000231867",463
"ENSG00000231868",351
"ENSG00000231870",1262
"ENSG00000231871",1274
"ENSG00000231873",1396
"ENSG00000231874",509
"ENSG00000231875",903
"ENSG00000231876",2456
"ENSG00000231878",252
"ENSG00000231879",554
"ENSG00000231880",553
"ENSG00000231881",27830
"ENSG00000231882",560
"ENSG00000231884",180
"ENSG00000231887",3122
"ENSG00000231888",349
"ENSG00000231889",8603
"ENSG00000231890",8068
"ENSG00000231892",418
"ENSG00000231894",1542
"ENSG00000231896",520
"ENSG00000231897",628
"ENSG00000231898",6185
"ENSG00000231900",1309
"ENSG00000231901",625
"ENSG00000231902",3211
"ENSG00000231903",686
"ENSG00000231905",814
"ENSG00000231906",242
"ENSG00000231907",968
"ENSG00000231908",1754
"ENSG00000231909",379
"ENSG00000231910",463
"ENSG00000231911",481
"ENSG00000231912",473
"ENSG00000231913",473
"ENSG00000231914",458
"ENSG00000231915",1760
"ENSG00000231916",426
"ENSG00000231918",5746
"ENSG00000231920",2975
"ENSG00000231922",484
"ENSG00000231923",699
"ENSG00000231924",4961
"ENSG00000231925",6648
"ENSG00000231926",1177
"ENSG00000231927",242
"ENSG00000231929",595
"ENSG00000231930",102
"ENSG00000231931",238
"ENSG00000231933",6326
"ENSG00000231934",4073
"ENSG00000231937",1105
"ENSG00000231940",580
"ENSG00000231942",955
"ENSG00000231943",2982
"ENSG00000231944",598
"ENSG00000231947",806
"ENSG00000231948",600
"ENSG00000231949",481
"ENSG00000231951",565
"ENSG00000231952",915
"ENSG00000231953",1080
"ENSG00000231954",1033
"ENSG00000231955",1411
"ENSG00000231956",950
"ENSG00000231957",916
"ENSG00000231961",332
"ENSG00000231963",3594
"ENSG00000231964",1177
"ENSG00000231965",520
"ENSG00000231966",942
"ENSG00000231967",214
"ENSG00000231969",10286
"ENSG00000231970",548
"ENSG00000231971",10120
"ENSG00000231976",423
"ENSG00000231977",1978
"ENSG00000231978",307
"ENSG00000231980",3600
"ENSG00000231981",729
"ENSG00000231982",330
"ENSG00000231983",635
"ENSG00000231984",400
"ENSG00000231985",170
"ENSG00000231986",680
"ENSG00000231987",1994
"ENSG00000231988",783
"ENSG00000231989",2234
"ENSG00000231990",2838
"ENSG00000231991",1020
"ENSG00000231992",1166
"ENSG00000231993",6327
"ENSG00000231995",601
"ENSG00000231996",152
"ENSG00000231999",12737
"ENSG00000232000",1017
"ENSG00000232001",1135
"ENSG00000232002",3419
"ENSG00000232003",1243
"ENSG00000232004",1409
"ENSG00000232006",6069
"ENSG00000232009",1005
"ENSG00000232010",523
"ENSG00000232015",251
"ENSG00000232019",938
"ENSG00000232021",13468
"ENSG00000232022",1238
"ENSG00000232023",6573
"ENSG00000232024",588
"ENSG00000232027",955
"ENSG00000232028",2071
"ENSG00000232029",332
"ENSG00000232030",1810
"ENSG00000232031",1618
"ENSG00000232032",169
"ENSG00000232035",157
"ENSG00000232036",1325
"ENSG00000232037",483
"ENSG00000232039",243
"ENSG00000232040",8161
"ENSG00000232041",448
"ENSG00000232042",400
"ENSG00000232043",4587
"ENSG00000232044",24383
"ENSG00000232046",15079
"ENSG00000232048",859
"ENSG00000232050",144
"ENSG00000232053",8017
"ENSG00000232054",893
"ENSG00000232057",3926
"ENSG00000232058",1030
"ENSG00000232059",289
"ENSG00000232060",602
"ENSG00000232063",5946
"ENSG00000232064",421
"ENSG00000232065",956
"ENSG00000232068",644
"ENSG00000232069",141
"ENSG00000232070",2170
"ENSG00000232072",661
"ENSG00000232073",567
"ENSG00000232075",511
"ENSG00000232077",2346
"ENSG00000232079",4062
"ENSG00000232080",1019
"ENSG00000232081",558
"ENSG00000232082",579
"ENSG00000232083",378
"ENSG00000232084",4571
"ENSG00000232085",488
"ENSG00000232086",337
"ENSG00000232087",1592
"ENSG00000232089",283
"ENSG00000232090",421
"ENSG00000232091",675
"ENSG00000232093",1518
"ENSG00000232096",367
"ENSG00000232097",356
"ENSG00000232098",3485
"ENSG00000232100",1728
"ENSG00000232101",151
"ENSG00000232102",171
"ENSG00000232104",15294
"ENSG00000232105",397
"ENSG00000232109",1049
"ENSG00000232110",2907
"ENSG00000232111",1600
"ENSG00000232112",1139
"ENSG00000232113",812
"ENSG00000232114",530
"ENSG00000232115",457
"ENSG00000232117",7028
"ENSG00000232118",879
"ENSG00000232119",10764
"ENSG00000232120",525
"ENSG00000232121",1669
"ENSG00000232124",3780
"ENSG00000232125",2790
"ENSG00000232128",613
"ENSG00000232130",526
"ENSG00000232131",501
"ENSG00000232132",2789
"ENSG00000232133",1542
"ENSG00000232134",388
"ENSG00000232135",219
"ENSG00000232136",689
"ENSG00000232138",588
"ENSG00000232139",4835
"ENSG00000232140",1774
"ENSG00000232142",252
"ENSG00000232144",972
"ENSG00000232145",426
"ENSG00000232148",1370
"ENSG00000232149",793
"ENSG00000232150",1093
"ENSG00000232153",1197
"ENSG00000232154",1127
"ENSG00000232155",93
"ENSG00000232158",318
"ENSG00000232159",626
"ENSG00000232160",6996
"ENSG00000232161",208
"ENSG00000232162",1735
"ENSG00000232163",299
"ENSG00000232164",1679
"ENSG00000232165",893
"ENSG00000232166",570
"ENSG00000232167",42
"ENSG00000232168",913
"ENSG00000232170",2776
"ENSG00000232172",585
"ENSG00000232173",928
"ENSG00000232174",636
"ENSG00000232175",784
"ENSG00000232176",712
"ENSG00000232177",397
"ENSG00000232179",132
"ENSG00000232183",142
"ENSG00000232184",389
"ENSG00000232185",832
"ENSG00000232186",1228
"ENSG00000232187",552
"ENSG00000232188",862
"ENSG00000232190",4442
"ENSG00000232192",810
"ENSG00000232193",784
"ENSG00000232194",1474
"ENSG00000232195",237
"ENSG00000232197",1388
"ENSG00000232198",607
"ENSG00000232199",1191
"ENSG00000232200",4178
"ENSG00000232202",980
"ENSG00000232203",877
"ENSG00000232204",2301
"ENSG00000232205",1609
"ENSG00000232208",352
"ENSG00000232211",2718
"ENSG00000232212",2472
"ENSG00000232215",940
"ENSG00000232216",434
"ENSG00000232217",267
"ENSG00000232218",201
"ENSG00000232220",922
"ENSG00000232223",918
"ENSG00000232225",1024
"ENSG00000232226",477
"ENSG00000232227",978
"ENSG00000232228",318
"ENSG00000232229",9843
"ENSG00000232230",807
"ENSG00000232233",3461
"ENSG00000232234",11036
"ENSG00000232235",1618
"ENSG00000232237",2036
"ENSG00000232238",171
"ENSG00000232239",1447
"ENSG00000232240",243
"ENSG00000232241",347
"ENSG00000232242",837
"ENSG00000232245",1319
"ENSG00000232249",224
"ENSG00000232252",194
"ENSG00000232254",391
"ENSG00000232258",1918
"ENSG00000232259",748
"ENSG00000232260",468
"ENSG00000232261",381
"ENSG00000232263",370
"ENSG00000232264",1593
"ENSG00000232265",7387
"ENSG00000232267",1257
"ENSG00000232268",975
"ENSG00000232271",381
"ENSG00000232273",532
"ENSG00000232277",528
"ENSG00000232281",600
"ENSG00000232282",938
"ENSG00000232283",1304
"ENSG00000232284",6085
"ENSG00000232285",294
"ENSG00000232286",459
"ENSG00000232287",584
"ENSG00000232290",396
"ENSG00000232292",621
"ENSG00000232293",962
"ENSG00000232296",87
"ENSG00000232298",1044
"ENSG00000232299",488
"ENSG00000232300",2183
"ENSG00000232301",3153
"ENSG00000232303",979
"ENSG00000232305",388
"ENSG00000232306",1153
"ENSG00000232307",2482
"ENSG00000232309",1019
"ENSG00000232310",3604
"ENSG00000232314",985
"ENSG00000232316",4340
"ENSG00000232320",511
"ENSG00000232327",2539
"ENSG00000232328",4374
"ENSG00000232332",436
"ENSG00000232333",465
"ENSG00000232334",525
"ENSG00000232335",539
"ENSG00000232337",1941
"ENSG00000232341",1282
"ENSG00000232342",1230
"ENSG00000232344",853
"ENSG00000232346",407
"ENSG00000232347",3455
"ENSG00000232349",535
"ENSG00000232350",148
"ENSG00000232352",2268
"ENSG00000232353",903
"ENSG00000232354",5197
"ENSG00000232355",240
"ENSG00000232358",941
"ENSG00000232359",568
"ENSG00000232360",483
"ENSG00000232361",704
"ENSG00000232362",311
"ENSG00000232363",717
"ENSG00000232366",841
"ENSG00000232368",528
"ENSG00000232369",492
"ENSG00000232370",699
"ENSG00000232373",1137
"ENSG00000232374",868
"ENSG00000232375",331
"ENSG00000232377",1046
"ENSG00000232378",472
"ENSG00000232379",386
"ENSG00000232380",1007
"ENSG00000232381",923
"ENSG00000232382",3552
"ENSG00000232383",412
"ENSG00000232385",793
"ENSG00000232387",390
"ENSG00000232388",1098
"ENSG00000232389",1101
"ENSG00000232390",341
"ENSG00000232391",229
"ENSG00000232392",1190
"ENSG00000232393",886
"ENSG00000232394",418
"ENSG00000232395",2457
"ENSG00000232396",847
"ENSG00000232398",683
"ENSG00000232399",1593
"ENSG00000232400",2042
"ENSG00000232401",1888
"ENSG00000232403",312
"ENSG00000232406",4665
"ENSG00000232407",495
"ENSG00000232408",695
"ENSG00000232409",323
"ENSG00000232412",2331
"ENSG00000232413",316
"ENSG00000232415",1227
"ENSG00000232416",3522
"ENSG00000232418",132
"ENSG00000232419",269
"ENSG00000232420",1312
"ENSG00000232422",1438
"ENSG00000232423",1784
"ENSG00000232424",563
"ENSG00000232429",483
"ENSG00000232430",338
"ENSG00000232431",138
"ENSG00000232433",1193
"ENSG00000232434",4642
"ENSG00000232436",807
"ENSG00000232437",326
"ENSG00000232439",524
"ENSG00000232442",1710
"ENSG00000232444",1222
"ENSG00000232445",4689
"ENSG00000232446",508
"ENSG00000232447",1800
"ENSG00000232448",3122
"ENSG00000232450",748
"ENSG00000232451",8347
"ENSG00000232453",2189
"ENSG00000232454",351
"ENSG00000232455",1151
"ENSG00000232456",704
"ENSG00000232457",1059
"ENSG00000232458",3263
"ENSG00000232459",939
"ENSG00000232460",1012
"ENSG00000232463",631
"ENSG00000232464",472
"ENSG00000232465",573
"ENSG00000232466",372
"ENSG00000232467",601
"ENSG00000232470",401
"ENSG00000232471",765
"ENSG00000232472",678
"ENSG00000232474",554
"ENSG00000232475",309
"ENSG00000232479",1296
"ENSG00000232480",2413
"ENSG00000232482",426
"ENSG00000232485",3485
"ENSG00000232486",2434
"ENSG00000232487",380
"ENSG00000232489",1255
"ENSG00000232490",2484
"ENSG00000232491",850
"ENSG00000232492",865
"ENSG00000232493",501
"ENSG00000232494",2244
"ENSG00000232496",1208
"ENSG00000232497",1074
"ENSG00000232499",1029
"ENSG00000232500",529
"ENSG00000232502",343
"ENSG00000232503",312
"ENSG00000232504",2031
"ENSG00000232508",914
"ENSG00000232511",928
"ENSG00000232512",704
"ENSG00000232514",474
"ENSG00000232515",358
"ENSG00000232517",6996
"ENSG00000232518",1450
"ENSG00000232519",220
"ENSG00000232520",4641
"ENSG00000232522",723
"ENSG00000232524",1934
"ENSG00000232525",213
"ENSG00000232526",859
"ENSG00000232527",6048
"ENSG00000232528",1367
"ENSG00000232529",1028
"ENSG00000232530",1259
"ENSG00000232531",1047
"ENSG00000232533",2757
"ENSG00000232535",1045
"ENSG00000232536",526
"ENSG00000232537",3850
"ENSG00000232539",1764
"ENSG00000232540",301
"ENSG00000232542",401
"ENSG00000232543",16
"ENSG00000232545",558
"ENSG00000232546",298
"ENSG00000232548",303
"ENSG00000232549",786
"ENSG00000232551",1559
"ENSG00000232553",1294
"ENSG00000232554",485
"ENSG00000232555",1794
"ENSG00000232556",1143
"ENSG00000232557",210
"ENSG00000232558",376
"ENSG00000232560",1847
"ENSG00000232562",735
"ENSG00000232563",276
"ENSG00000232564",1974
"ENSG00000232568",501
"ENSG00000232573",423
"ENSG00000232576",361
"ENSG00000232578",2021
"ENSG00000232579",226
"ENSG00000232581",1728
"ENSG00000232582",622
"ENSG00000232583",205
"ENSG00000232585",1207
"ENSG00000232586",1440
"ENSG00000232587",1385
"ENSG00000232590",7629
"ENSG00000232591",3986
"ENSG00000232593",9923
"ENSG00000232594",368
"ENSG00000232595",87
"ENSG00000232596",3328
"ENSG00000232598",497
"ENSG00000232599",534
"ENSG00000232600",428
"ENSG00000232601",344
"ENSG00000232603",292
"ENSG00000232604",333
"ENSG00000232605",403
"ENSG00000232606",3595
"ENSG00000232608",266
"ENSG00000232610",1589
"ENSG00000232611",3018
"ENSG00000232612",377
"ENSG00000232613",4406
"ENSG00000232614",715
"ENSG00000232615",1075
"ENSG00000232617",261
"ENSG00000232618",3269
"ENSG00000232620",467
"ENSG00000232621",478
"ENSG00000232622",247
"ENSG00000232623",1451
"ENSG00000232624",13346
"ENSG00000232625",467
"ENSG00000232626",1171
"ENSG00000232627",359
"ENSG00000232628",1430
"ENSG00000232629",2026
"ENSG00000232630",937
"ENSG00000232631",651
"ENSG00000232633",4194
"ENSG00000232634",984
"ENSG00000232638",1275
"ENSG00000232640",403
"ENSG00000232642",1190
"ENSG00000232643",1279
"ENSG00000232644",606
"ENSG00000232645",1696
"ENSG00000232646",214
"ENSG00000232647",342
"ENSG00000232648",4422
"ENSG00000232650",1528
"ENSG00000232653",8249
"ENSG00000232654",417
"ENSG00000232655",805
"ENSG00000232656",3793
"ENSG00000232658",1275
"ENSG00000232661",221
"ENSG00000232662",1119
"ENSG00000232663",163
"ENSG00000232664",869
"ENSG00000232665",784
"ENSG00000232667",5382
"ENSG00000232668",213
"ENSG00000232671",1926
"ENSG00000232672",1000
"ENSG00000232675",2464
"ENSG00000232676",1124
"ENSG00000232677",12717
"ENSG00000232678",260
"ENSG00000232679",8031
"ENSG00000232682",1878
"ENSG00000232684",2192
"ENSG00000232685",2847
"ENSG00000232687",488
"ENSG00000232688",1256
"ENSG00000232690",311
"ENSG00000232693",530
"ENSG00000232695",326
"ENSG00000232696",464
"ENSG00000232699",736
"ENSG00000232701",481
"ENSG00000232702",457
"ENSG00000232706",2498
"ENSG00000232707",106
"ENSG00000232709",1727
"ENSG00000232710",667
"ENSG00000232712",5451
"ENSG00000232713",401
"ENSG00000232714",339
"ENSG00000232715",1457
"ENSG00000232716",1723
"ENSG00000232717",1317
"ENSG00000232718",961
"ENSG00000232719",1269
"ENSG00000232721",5162
"ENSG00000232722",1578
"ENSG00000232723",418
"ENSG00000232724",2848
"ENSG00000232725",3451
"ENSG00000232727",763
"ENSG00000232728",890
"ENSG00000232729",10734
"ENSG00000232730",1213
"ENSG00000232732",8354
"ENSG00000232734",400
"ENSG00000232735",538
"ENSG00000232736",519
"ENSG00000232738",465
"ENSG00000232739",1126
"ENSG00000232740",584
"ENSG00000232742",579
"ENSG00000232743",1506
"ENSG00000232744",407
"ENSG00000232746",1775
"ENSG00000232747",271
"ENSG00000232748",3593
"ENSG00000232750",344
"ENSG00000232751",316
"ENSG00000232752",643
"ENSG00000232756",2298
"ENSG00000232757",984
"ENSG00000232759",5618
"ENSG00000232760",1299
"ENSG00000232762",752
"ENSG00000232764",762
"ENSG00000232765",398
"ENSG00000232766",440
"ENSG00000232767",1688
"ENSG00000232768",163
"ENSG00000232771",3664
"ENSG00000232772",1169
"ENSG00000232773",237
"ENSG00000232774",2861
"ENSG00000232775",313
"ENSG00000232777",376
"ENSG00000232778",455
"ENSG00000232780",625
"ENSG00000232783",852
"ENSG00000232786",274
"ENSG00000232787",526
"ENSG00000232788",4181
"ENSG00000232789",114
"ENSG00000232790",1708
"ENSG00000232791",954
"ENSG00000232792",469
"ENSG00000232793",259
"ENSG00000232794",754
"ENSG00000232795",1060
"ENSG00000232797",507
"ENSG00000232798",346
"ENSG00000232799",633
"ENSG00000232800",1363
"ENSG00000232801",891
"ENSG00000232803",1534
"ENSG00000232805",512
"ENSG00000232806",422
"ENSG00000232807",4220
"ENSG00000232808",259
"ENSG00000232809",891
"ENSG00000232810",1678
"ENSG00000232811",2359
"ENSG00000232812",1693
"ENSG00000232813",144
"ENSG00000232814",540
"ENSG00000232815",715
"ENSG00000232817",5471
"ENSG00000232818",892
"ENSG00000232821",1711
"ENSG00000232823",371
"ENSG00000232824",408
"ENSG00000232825",7333
"ENSG00000232827",13314
"ENSG00000232828",7057
"ENSG00000232829",718
"ENSG00000232830",406
"ENSG00000232832",7436
"ENSG00000232834",352
"ENSG00000232835",2063
"ENSG00000232837",1598
"ENSG00000232838",1151
"ENSG00000232841",390
"ENSG00000232842",988
"ENSG00000232843",808
"ENSG00000232845",343
"ENSG00000232846",879
"ENSG00000232848",800
"ENSG00000232849",795
"ENSG00000232850",2100
"ENSG00000232851",258
"ENSG00000232852",2812
"ENSG00000232853",344
"ENSG00000232855",16860
"ENSG00000232857",835
"ENSG00000232858",349
"ENSG00000232859",5380
"ENSG00000232860",5241
"ENSG00000232862",898
"ENSG00000232864",703
"ENSG00000232867",300
"ENSG00000232869",402
"ENSG00000232871",1117
"ENSG00000232872",2404
"ENSG00000232873",484
"ENSG00000232874",2196
"ENSG00000232875",270
"ENSG00000232876",1627
"ENSG00000232878",1479
"ENSG00000232879",173
"ENSG00000232880",359
"ENSG00000232881",475
"ENSG00000232882",621
"ENSG00000232883",933
"ENSG00000232884",10009
"ENSG00000232885",1196
"ENSG00000232886",377
"ENSG00000232887",289
"ENSG00000232888",484
"ENSG00000232889",178
"ENSG00000232891",378
"ENSG00000232892",2888
"ENSG00000232893",489
"ENSG00000232894",518
"ENSG00000232895",332
"ENSG00000232896",792
"ENSG00000232897",740
"ENSG00000232899",1580
"ENSG00000232900",2925
"ENSG00000232901",294
"ENSG00000232903",5715
"ENSG00000232905",946
"ENSG00000232906",1243
"ENSG00000232907",3306
"ENSG00000232908",1017
"ENSG00000232909",1157
"ENSG00000232910",573
"ENSG00000232912",1178
"ENSG00000232913",4642
"ENSG00000232914",331
"ENSG00000232915",1253
"ENSG00000232916",270
"ENSG00000232917",291
"ENSG00000232918",488
"ENSG00000232920",2139
"ENSG00000232922",518
"ENSG00000232924",333
"ENSG00000232925",408
"ENSG00000232926",682
"ENSG00000232927",1064
"ENSG00000232928",1950
"ENSG00000232930",1852
"ENSG00000232931",8678
"ENSG00000232934",3256
"ENSG00000232935",750
"ENSG00000232936",2320
"ENSG00000232937",424
"ENSG00000232938",466
"ENSG00000232939",788
"ENSG00000232940",6591
"ENSG00000232943",400
"ENSG00000232944",186
"ENSG00000232946",331
"ENSG00000232947",845
"ENSG00000232948",240
"ENSG00000232950",1626
"ENSG00000232951",636
"ENSG00000232952",1779
"ENSG00000232953",1928
"ENSG00000232954",800
"ENSG00000232956",3943
"ENSG00000232958",241
"ENSG00000232959",341
"ENSG00000232963",273
"ENSG00000232964",403
"ENSG00000232965",270
"ENSG00000232968",578
"ENSG00000232969",1016
"ENSG00000232970",470
"ENSG00000232971",386
"ENSG00000232973",13859
"ENSG00000232975",261
"ENSG00000232976",751
"ENSG00000232977",5207
"ENSG00000232978",409
"ENSG00000232979",139
"ENSG00000232981",1060
"ENSG00000232982",267
"ENSG00000232983",473
"ENSG00000232985",2409
"ENSG00000232986",382
"ENSG00000232987",1549
"ENSG00000232989",102
"ENSG00000232990",681
"ENSG00000232991",811
"ENSG00000232992",1315
"ENSG00000232993",467
"ENSG00000232994",741
"ENSG00000232995",3626
"ENSG00000232998",1197
"ENSG00000232999",193
"ENSG00000233002",5575
"ENSG00000233003",2448
"ENSG00000233006",5035
"ENSG00000233007",2252
"ENSG00000233008",28153
"ENSG00000233009",3122
"ENSG00000233010",602
"ENSG00000233011",1685
"ENSG00000233012",1398
"ENSG00000233013",358
"ENSG00000233014",914
"ENSG00000233015",775
"ENSG00000233016",5879
"ENSG00000233017",1589
"ENSG00000233018",226
"ENSG00000233020",967
"ENSG00000233021",558
"ENSG00000233024",3030
"ENSG00000233025",947
"ENSG00000233026",344
"ENSG00000233028",779
"ENSG00000233030",3543
"ENSG00000233031",249
"ENSG00000233033",515
"ENSG00000233036",186
"ENSG00000233037",501
"ENSG00000233038",1865
"ENSG00000233039",1731
"ENSG00000233040",701
"ENSG00000233041",941
"ENSG00000233044",423
"ENSG00000233045",637
"ENSG00000233047",3122
"ENSG00000233048",3033
"ENSG00000233050",240
"ENSG00000233052",359
"ENSG00000233055",243
"ENSG00000233056",2774
"ENSG00000233057",1376
"ENSG00000233058",10193
"ENSG00000233060",1411
"ENSG00000233061",2921
"ENSG00000233063",591
"ENSG00000233064",1560
"ENSG00000233067",8455
"ENSG00000233068",4429
"ENSG00000233069",1264
"ENSG00000233070",1005
"ENSG00000233071",890
"ENSG00000233072",385
"ENSG00000233073",4406
"ENSG00000233077",5952
"ENSG00000233078",466
"ENSG00000233079",14565
"ENSG00000233080",244
"ENSG00000233081",1583
"ENSG00000233082",433
"ENSG00000233083",320
"ENSG00000233084",463
"ENSG00000233085",1710
"ENSG00000233086",4965
"ENSG00000233087",3677
"ENSG00000233090",184
"ENSG00000233093",2047
"ENSG00000233096",670
"ENSG00000233098",18060
"ENSG00000233099",1084
"ENSG00000233101",3090
"ENSG00000233103",1230
"ENSG00000233105",364
"ENSG00000233106",396
"ENSG00000233107",1309
"ENSG00000233108",1730
"ENSG00000233109",465
"ENSG00000233110",1789
"ENSG00000233111",606
"ENSG00000233114",226
"ENSG00000233115",1395
"ENSG00000233117",12997
"ENSG00000233118",265
"ENSG00000233120",422
"ENSG00000233121",966
"ENSG00000233122",2436
"ENSG00000233123",3134
"ENSG00000233124",8140
"ENSG00000233125",418
"ENSG00000233126",1465
"ENSG00000233128",4763
"ENSG00000233129",766
"ENSG00000233131",393
"ENSG00000233132",1395
"ENSG00000233133",176
"ENSG00000233134",344
"ENSG00000233135",247
"ENSG00000233136",1593
"ENSG00000233138",349
"ENSG00000233139",1669
"ENSG00000233144",474
"ENSG00000233145",696
"ENSG00000233146",1099
"ENSG00000233148",583
"ENSG00000233153",1362
"ENSG00000233154",3210
"ENSG00000233155",321
"ENSG00000233156",318
"ENSG00000233157",712
"ENSG00000233158",400
"ENSG00000233159",356
"ENSG00000233162",268
"ENSG00000233163",377
"ENSG00000233167",1363
"ENSG00000233170",667
"ENSG00000233173",883
"ENSG00000233175",2473
"ENSG00000233176",911
"ENSG00000233178",4796
"ENSG00000233179",763
"ENSG00000233183",15562
"ENSG00000233184",9959
"ENSG00000233186",1185
"ENSG00000233189",457
"ENSG00000233190",397
"ENSG00000233191",2222
"ENSG00000233196",677
"ENSG00000233197",340
"ENSG00000233198",1569
"ENSG00000233203",5048
"ENSG00000233204",796
"ENSG00000233205",427
"ENSG00000233206",320
"ENSG00000233208",9028
"ENSG00000233211",339
"ENSG00000233215",3689
"ENSG00000233216",322
"ENSG00000233217",2676
"ENSG00000233219",1456
"ENSG00000233220",2874
"ENSG00000233221",3917
"ENSG00000233222",316
"ENSG00000233223",2143
"ENSG00000233225",1148
"ENSG00000233228",1534
"ENSG00000233229",852
"ENSG00000233230",3644
"ENSG00000233231",904
"ENSG00000233232",3238
"ENSG00000233234",607
"ENSG00000233235",797
"ENSG00000233236",1233
"ENSG00000233237",26207
"ENSG00000233238",285
"ENSG00000233242",3751
"ENSG00000233243",457
"ENSG00000233246",822
"ENSG00000233247",547
"ENSG00000233248",519
"ENSG00000233250",218
"ENSG00000233251",5210
"ENSG00000233252",185
"ENSG00000233254",483
"ENSG00000233258",309
"ENSG00000233259",399
"ENSG00000233260",888
"ENSG00000233261",442
"ENSG00000233262",373
"ENSG00000233263",731
"ENSG00000233264",1469
"ENSG00000233266",427
"ENSG00000233268",421
"ENSG00000233270",279
"ENSG00000233271",428
"ENSG00000233272",2050
"ENSG00000233273",841
"ENSG00000233275",355
"ENSG00000233276",1432
"ENSG00000233277",614
"ENSG00000233278",348
"ENSG00000233285",650
"ENSG00000233286",341
"ENSG00000233287",406
"ENSG00000233288",4917
"ENSG00000233290",11663
"ENSG00000233291",636
"ENSG00000233292",415
"ENSG00000233293",1035
"ENSG00000233295",1395
"ENSG00000233296",3109
"ENSG00000233297",1199
"ENSG00000233299",280
"ENSG00000233300",934
"ENSG00000233301",923
"ENSG00000233303",431
"ENSG00000233304",5363
"ENSG00000233306",544
"ENSG00000233307",406
"ENSG00000233308",1494
"ENSG00000233309",726
"ENSG00000233311",712
"ENSG00000233313",271
"ENSG00000233316",860
"ENSG00000233318",356
"ENSG00000233319",472
"ENSG00000233321",9438
"ENSG00000233324",1267
"ENSG00000233325",444
"ENSG00000233327",1174
"ENSG00000233328",423
"ENSG00000233329",295
"ENSG00000233330",340
"ENSG00000233332",1723
"ENSG00000233333",757
"ENSG00000233334",2674
"ENSG00000233335",318
"ENSG00000233336",384
"ENSG00000233337",524
"ENSG00000233338",1349
"ENSG00000233339",433
"ENSG00000233340",358
"ENSG00000233343",335
"ENSG00000233347",706
"ENSG00000233349",613
"ENSG00000233351",391
"ENSG00000233352",222
"ENSG00000233353",586
"ENSG00000233354",901
"ENSG00000233355",10098
"ENSG00000233357",321
"ENSG00000233358",4530
"ENSG00000233359",2964
"ENSG00000233360",2248
"ENSG00000233363",3044
"ENSG00000233365",3030
"ENSG00000233366",1075
"ENSG00000233367",638
"ENSG00000233369",2054
"ENSG00000233370",1126
"ENSG00000233372",551
"ENSG00000233377",869
"ENSG00000233378",808
"ENSG00000233379",1181
"ENSG00000233380",882
"ENSG00000233381",2112
"ENSG00000233382",535
"ENSG00000233383",214
"ENSG00000233384",4628
"ENSG00000233385",755
"ENSG00000233387",2022
"ENSG00000233388",1726
"ENSG00000233392",2812
"ENSG00000233393",2813
"ENSG00000233395",5808
"ENSG00000233396",4661
"ENSG00000233397",1155
"ENSG00000233399",1519
"ENSG00000233401",1162
"ENSG00000233402",1203
"ENSG00000233403",746
"ENSG00000233405",1989
"ENSG00000233406",870
"ENSG00000233407",250
"ENSG00000233409",428
"ENSG00000233410",2249
"ENSG00000233411",303
"ENSG00000233412",1229
"ENSG00000233416",375
"ENSG00000233417",3078
"ENSG00000233419",402
"ENSG00000233420",4119
"ENSG00000233421",2019
"ENSG00000233423",575
"ENSG00000233424",3224
"ENSG00000233425",1264
"ENSG00000233426",1086
"ENSG00000233427",1085
"ENSG00000233428",492
"ENSG00000233429",1496
"ENSG00000233430",1176
"ENSG00000233431",908
"ENSG00000233432",1548
"ENSG00000233433",1600
"ENSG00000233435",2106
"ENSG00000233436",3332
"ENSG00000233437",225
"ENSG00000233440",391
"ENSG00000233441",1456
"ENSG00000233442",1275
"ENSG00000233444",252
"ENSG00000233445",544
"ENSG00000233446",1235
"ENSG00000233447",295
"ENSG00000233448",515
"ENSG00000233449",673
"ENSG00000233451",469
"ENSG00000233452",15819
"ENSG00000233454",275
"ENSG00000233455",857
"ENSG00000233456",2030
"ENSG00000233457",662
"ENSG00000233459",1440
"ENSG00000233460",337
"ENSG00000233461",4472
"ENSG00000233464",727
"ENSG00000233467",865
"ENSG00000233469",499
"ENSG00000233470",1371
"ENSG00000233471",1287
"ENSG00000233472",469
"ENSG00000233473",663
"ENSG00000233476",1384
"ENSG00000233477",483
"ENSG00000233478",2224
"ENSG00000233479",607
"ENSG00000233480",2303
"ENSG00000233482",352
"ENSG00000233483",1086
"ENSG00000233484",127
"ENSG00000233485",3704
"ENSG00000233487",883
"ENSG00000233489",447
"ENSG00000233491",2889
"ENSG00000233492",2000
"ENSG00000233493",695
"ENSG00000233494",138
"ENSG00000233496",599
"ENSG00000233497",951
"ENSG00000233499",928
"ENSG00000233502",596
"ENSG00000233503",1501
"ENSG00000233508",2609
"ENSG00000233511",187
"ENSG00000233514",360
"ENSG00000233515",3142
"ENSG00000233516",1528
"ENSG00000233518",740
"ENSG00000233519",316
"ENSG00000233521",2895
"ENSG00000233522",4652
"ENSG00000233523",768
"ENSG00000233524",713
"ENSG00000233526",874
"ENSG00000233527",4517
"ENSG00000233528",1396
"ENSG00000233529",605
"ENSG00000233531",288
"ENSG00000233532",4232
"ENSG00000233533",628
"ENSG00000233534",1287
"ENSG00000233535",2187
"ENSG00000233537",786
"ENSG00000233538",2011
"ENSG00000233539",2791
"ENSG00000233540",396
"ENSG00000233541",241
"ENSG00000233542",2759
"ENSG00000233543",1541
"ENSG00000233544",626
"ENSG00000233545",327
"ENSG00000233546",266
"ENSG00000233547",632
"ENSG00000233548",313
"ENSG00000233549",304
"ENSG00000233550",651
"ENSG00000233551",273
"ENSG00000233553",850
"ENSG00000233554",4738
"ENSG00000233555",581
"ENSG00000233557",469
"ENSG00000233558",623
"ENSG00000233559",8496
"ENSG00000233560",1433
"ENSG00000233562",684
"ENSG00000233563",933
"ENSG00000233565",468
"ENSG00000233569",1462
"ENSG00000233570",4443
"ENSG00000233571",526
"ENSG00000233574",524
"ENSG00000233575",324
"ENSG00000233576",1057
"ENSG00000233577",2623
"ENSG00000233578",642
"ENSG00000233579",1451
"ENSG00000233581",575
"ENSG00000233583",1152
"ENSG00000233585",978
"ENSG00000233586",513
"ENSG00000233587",2265
"ENSG00000233588",1499
"ENSG00000233589",960
"ENSG00000233590",561
"ENSG00000233593",15092
"ENSG00000233594",467
"ENSG00000233595",412
"ENSG00000233597",576
"ENSG00000233601",303
"ENSG00000233602",619
"ENSG00000233603",247
"ENSG00000233605",703
"ENSG00000233606",930
"ENSG00000233607",1338
"ENSG00000233608",2131
"ENSG00000233609",301
"ENSG00000233610",1267
"ENSG00000233611",6485
"ENSG00000233613",580
"ENSG00000233614",571
"ENSG00000233615",957
"ENSG00000233616",397
"ENSG00000233619",379
"ENSG00000233620",785
"ENSG00000233621",10169
"ENSG00000233622",1458
"ENSG00000233623",680
"ENSG00000233625",632
"ENSG00000233626",386
"ENSG00000233627",2095
"ENSG00000233632",199
"ENSG00000233633",4657
"ENSG00000233634",546
"ENSG00000233635",656
"ENSG00000233639",29245
"ENSG00000233640",499
"ENSG00000233642",3219
"ENSG00000233643",6919
"ENSG00000233644",804
"ENSG00000233645",477
"ENSG00000233646",939
"ENSG00000233647",466
"ENSG00000233648",144
"ENSG00000233651",3325
"ENSG00000233652",2410
"ENSG00000233653",2477
"ENSG00000233654",3304
"ENSG00000233655",16
"ENSG00000233656",5964
"ENSG00000233659",385
"ENSG00000233661",426
"ENSG00000233662",426
"ENSG00000233663",1032
"ENSG00000233664",321
"ENSG00000233665",1945
"ENSG00000233668",645
"ENSG00000233670",3457
"ENSG00000233671",1376
"ENSG00000233672",10419
"ENSG00000233673",2145
"ENSG00000233674",271
"ENSG00000233676",512
"ENSG00000233677",192
"ENSG00000233680",955
"ENSG00000233681",1035
"ENSG00000233682",2315
"ENSG00000233683",213
"ENSG00000233684",7038
"ENSG00000233685",910
"ENSG00000233686",219
"ENSG00000233688",605
"ENSG00000233689",488
"ENSG00000233690",543
"ENSG00000233691",590
"ENSG00000233693",1963
"ENSG00000233694",2094
"ENSG00000233695",7169
"ENSG00000233699",2949
"ENSG00000233701",2791
"ENSG00000233702",279
"ENSG00000233703",405
"ENSG00000233705",8695
"ENSG00000233706",440
"ENSG00000233707",385
"ENSG00000233708",1962
"ENSG00000233709",387
"ENSG00000233710",825
"ENSG00000233711",343
"ENSG00000233712",642
"ENSG00000233713",230
"ENSG00000233714",1588
"ENSG00000233716",1125
"ENSG00000233717",171
"ENSG00000233718",7251
"ENSG00000233719",1289
"ENSG00000233720",250
"ENSG00000233721",2316
"ENSG00000233723",20894
"ENSG00000233724",761
"ENSG00000233725",6246
"ENSG00000233727",177
"ENSG00000233728",700
"ENSG00000233729",1711
"ENSG00000233730",2769
"ENSG00000233732",350
"ENSG00000233733",394
"ENSG00000233735",497
"ENSG00000233737",145
"ENSG00000233739",414
"ENSG00000233740",2328
"ENSG00000233741",413
"ENSG00000233746",3868
"ENSG00000233747",317
"ENSG00000233750",3812
"ENSG00000233751",613
"ENSG00000233752",443
"ENSG00000233754",784
"ENSG00000233755",1735
"ENSG00000233756",826
"ENSG00000233757",10554
"ENSG00000233760",6038
"ENSG00000233762",447
"ENSG00000233764",358
"ENSG00000233765",635
"ENSG00000233766",8255
"ENSG00000233767",164
"ENSG00000233771",2215
"ENSG00000233774",648
"ENSG00000233775",2135
"ENSG00000233778",348
"ENSG00000233780",997
"ENSG00000233782",1192
"ENSG00000233783",3416
"ENSG00000233785",1963
"ENSG00000233786",715
"ENSG00000233787",1237
"ENSG00000233791",4949
"ENSG00000233792",643
"ENSG00000233797",10168
"ENSG00000233802",1651
"ENSG00000233803",1959
"ENSG00000233805",215
"ENSG00000233806",10045
"ENSG00000233807",548
"ENSG00000233810",614
"ENSG00000233814",339
"ENSG00000233816",686
"ENSG00000233817",3043
"ENSG00000233819",308
"ENSG00000233820",1262
"ENSG00000233821",3907
"ENSG00000233822",4265
"ENSG00000233823",258
"ENSG00000233824",4679
"ENSG00000233825",383
"ENSG00000233827",645
"ENSG00000233828",8197
"ENSG00000233829",368
"ENSG00000233830",687
"ENSG00000233832",105
"ENSG00000233833",1160
"ENSG00000233834",5866
"ENSG00000233835",407
"ENSG00000233836",1931
"ENSG00000233837",807
"ENSG00000233838",249
"ENSG00000233839",410
"ENSG00000233842",2156
"ENSG00000233843",323
"ENSG00000233845",504
"ENSG00000233846",487
"ENSG00000233847",478
"ENSG00000233848",614
"ENSG00000233849",1175
"ENSG00000233850",3379
"ENSG00000233851",632
"ENSG00000233854",2474
"ENSG00000233858",3571
"ENSG00000233859",1110
"ENSG00000233860",7234
"ENSG00000233861",797
"ENSG00000233862",8801
"ENSG00000233866",586
"ENSG00000233867",1334
"ENSG00000233868",390
"ENSG00000233869",850
"ENSG00000233870",187
"ENSG00000233871",3408
"ENSG00000233872",813
"ENSG00000233873",742
"ENSG00000233874",1812
"ENSG00000233875",321
"ENSG00000233876",1008
"ENSG00000233877",387
"ENSG00000233880",981
"ENSG00000233882",681
"ENSG00000233884",1065
"ENSG00000233885",3271
"ENSG00000233887",3269
"ENSG00000233888",677
"ENSG00000233891",9740
"ENSG00000233892",1203
"ENSG00000233893",362
"ENSG00000233894",905
"ENSG00000233896",3231
"ENSG00000233900",549
"ENSG00000233901",9987
"ENSG00000233902",609
"ENSG00000233905",571
"ENSG00000233907",2755
"ENSG00000233908",123
"ENSG00000233909",344
"ENSG00000233910",721
"ENSG00000233912",9793
"ENSG00000233913",645
"ENSG00000233915",900
"ENSG00000233916",423
"ENSG00000233917",2635
"ENSG00000233918",318
"ENSG00000233919",1694
"ENSG00000233920",1563
"ENSG00000233921",391
"ENSG00000233922",7625
"ENSG00000233924",875
"ENSG00000233926",4582
"ENSG00000233927",2119
"ENSG00000233928",16440
"ENSG00000233929",186
"ENSG00000233930",3461
"ENSG00000233932",3770
"ENSG00000233933",423
"ENSG00000233934",167
"ENSG00000233936",886
"ENSG00000233939",443
"ENSG00000233940",478
"ENSG00000233941",414
"ENSG00000233942",4948
"ENSG00000233943",632
"ENSG00000233944",903
"ENSG00000233945",900
"ENSG00000233946",161
"ENSG00000233947",1250
"ENSG00000233951",1537
"ENSG00000233952",532
"ENSG00000233953",432
"ENSG00000233954",2180
"ENSG00000233955",1279
"ENSG00000233956",499
"ENSG00000233960",738
"ENSG00000233962",196
"ENSG00000233963",1536
"ENSG00000233966",669
"ENSG00000233967",6429
"ENSG00000233968",6182
"ENSG00000233969",1212
"ENSG00000233971",253
"ENSG00000233973",5536
"ENSG00000233974",2688
"ENSG00000233975",2377
"ENSG00000233977",939
"ENSG00000233978",569
"ENSG00000233979",340
"ENSG00000233980",897
"ENSG00000233981",462
"ENSG00000233983",399
"ENSG00000233984",359
"ENSG00000233985",3924
"ENSG00000233990",340
"ENSG00000233993",1695
"ENSG00000233994",608
"ENSG00000233995",617
"ENSG00000233996",1239
"ENSG00000233997",821
"ENSG00000233998",562
"ENSG00000233999",350
"ENSG00000234001",210
"ENSG00000234003",621
"ENSG00000234004",362
"ENSG00000234005",413
"ENSG00000234006",527
"ENSG00000234008",613
"ENSG00000234009",891
"ENSG00000234015",894
"ENSG00000234016",199
"ENSG00000234017",241
"ENSG00000234019",615
"ENSG00000234020",1133
"ENSG00000234021",572
"ENSG00000234022",1250
"ENSG00000234025",623
"ENSG00000234026",4289
"ENSG00000234028",4287
"ENSG00000234030",451
"ENSG00000234031",790
"ENSG00000234033",527
"ENSG00000234034",977
"ENSG00000234036",310
"ENSG00000234039",242
"ENSG00000234040",318
"ENSG00000234041",171
"ENSG00000234042",691
"ENSG00000234043",745
"ENSG00000234044",214
"ENSG00000234048",482
"ENSG00000234050",628
"ENSG00000234052",2073
"ENSG00000234055",241
"ENSG00000234056",4056
"ENSG00000234059",582
"ENSG00000234060",425
"ENSG00000234061",191
"ENSG00000234062",1121
"ENSG00000234064",1139
"ENSG00000234065",1359
"ENSG00000234066",940
"ENSG00000234067",894
"ENSG00000234068",651
"ENSG00000234069",924
"ENSG00000234070",1044
"ENSG00000234071",409
"ENSG00000234072",3751
"ENSG00000234073",546
"ENSG00000234075",326
"ENSG00000234076",1745
"ENSG00000234080",877
"ENSG00000234081",327
"ENSG00000234084",1132
"ENSG00000234085",571
"ENSG00000234087",115
"ENSG00000234088",405
"ENSG00000234089",3163
"ENSG00000234091",474
"ENSG00000234093",385
"ENSG00000234099",1058
"ENSG00000234102",943
"ENSG00000234104",1559
"ENSG00000234105",419
"ENSG00000234106",349
"ENSG00000234107",518
"ENSG00000234108",331
"ENSG00000234109",681
"ENSG00000234110",745
"ENSG00000234111",1513
"ENSG00000234112",301
"ENSG00000234115",1241
"ENSG00000234116",792
"ENSG00000234117",737
"ENSG00000234118",612
"ENSG00000234119",1546
"ENSG00000234120",183
"ENSG00000234121",145
"ENSG00000234122",136
"ENSG00000234123",1941
"ENSG00000234124",84
"ENSG00000234125",1154
"ENSG00000234127",4377
"ENSG00000234129",10515
"ENSG00000234130",2796
"ENSG00000234131",332
"ENSG00000234132",5893
"ENSG00000234135",473
"ENSG00000234136",473
"ENSG00000234139",5001
"ENSG00000234142",2028
"ENSG00000234143",762
"ENSG00000234144",226
"ENSG00000234145",1147
"ENSG00000234146",1349
"ENSG00000234147",12282
"ENSG00000234148",2384
"ENSG00000234149",189
"ENSG00000234152",357
"ENSG00000234155",4280
"ENSG00000234156",6529
"ENSG00000234158",701
"ENSG00000234159",502
"ENSG00000234160",289
"ENSG00000234161",1618
"ENSG00000234162",3333
"ENSG00000234163",280
"ENSG00000234167",296
"ENSG00000234168",650
"ENSG00000234169",1257
"ENSG00000234170",7042
"ENSG00000234171",4476
"ENSG00000234172",560
"ENSG00000234173",2565
"ENSG00000234174",1261
"ENSG00000234175",338
"ENSG00000234176",1833
"ENSG00000234178",261
"ENSG00000234179",1119
"ENSG00000234181",890
"ENSG00000234182",1163
"ENSG00000234183",1794
"ENSG00000234184",2190
"ENSG00000234185",404
"ENSG00000234186",2240
"ENSG00000234187",937
"ENSG00000234189",192
"ENSG00000234190",480
"ENSG00000234191",786
"ENSG00000234192",348
"ENSG00000234193",537
"ENSG00000234197",560
"ENSG00000234199",4899
"ENSG00000234200",1364
"ENSG00000234201",941
"ENSG00000234202",156
"ENSG00000234203",478
"ENSG00000234204",458
"ENSG00000234206",741
"ENSG00000234207",569
"ENSG00000234208",289
"ENSG00000234210",5405
"ENSG00000234211",1015
"ENSG00000234213",703
"ENSG00000234215",4010
"ENSG00000234217",1447
"ENSG00000234219",680
"ENSG00000234222",3365
"ENSG00000234224",2147
"ENSG00000234225",884
"ENSG00000234226",306
"ENSG00000234227",785
"ENSG00000234228",1462
"ENSG00000234230",417
"ENSG00000234231",2070
"ENSG00000234232",1148
"ENSG00000234233",730
"ENSG00000234234",658
"ENSG00000234235",1835
"ENSG00000234238",1491
"ENSG00000234239",475
"ENSG00000234241",1683
"ENSG00000234244",3962
"ENSG00000234247",714
"ENSG00000234253",741
"ENSG00000234255",2736
"ENSG00000234256",1095
"ENSG00000234257",562
"ENSG00000234259",884
"ENSG00000234261",15838
"ENSG00000234262",299
"ENSG00000234263",950
"ENSG00000234264",1252
"ENSG00000234265",5916
"ENSG00000234267",1291
"ENSG00000234268",255
"ENSG00000234269",671
"ENSG00000234270",319
"ENSG00000234271",312
"ENSG00000234272",291
"ENSG00000234273",1634
"ENSG00000234274",242
"ENSG00000234275",3276
"ENSG00000234276",502
"ENSG00000234277",2914
"ENSG00000234278",1847
"ENSG00000234279",2545
"ENSG00000234281",1764
"ENSG00000234282",493
"ENSG00000234284",3831
"ENSG00000234285",961
"ENSG00000234286",1251
"ENSG00000234287",255
"ENSG00000234288",939
"ENSG00000234289",467
"ENSG00000234292",1317
"ENSG00000234293",406
"ENSG00000234297",996
"ENSG00000234300",1744
"ENSG00000234303",723
"ENSG00000234304",1589
"ENSG00000234308",3196
"ENSG00000234309",454
"ENSG00000234311",1433
"ENSG00000234312",1171
"ENSG00000234315",453
"ENSG00000234318",447
"ENSG00000234319",269
"ENSG00000234322",1027
"ENSG00000234323",23629
"ENSG00000234324",553
"ENSG00000234325",381
"ENSG00000234327",3457
"ENSG00000234329",788
"ENSG00000234332",674
"ENSG00000234333",265
"ENSG00000234335",772
"ENSG00000234336",4932
"ENSG00000234337",739
"ENSG00000234338",1603
"ENSG00000234340",1386
"ENSG00000234345",1048
"ENSG00000234349",1173
"ENSG00000234350",12880
"ENSG00000234352",9731
"ENSG00000234353",383
"ENSG00000234354",348
"ENSG00000234355",551
"ENSG00000234356",298
"ENSG00000234358",767
"ENSG00000234359",580
"ENSG00000234360",267
"ENSG00000234361",870
"ENSG00000234362",1266
"ENSG00000234363",265
"ENSG00000234367",402
"ENSG00000234369",891
"ENSG00000234371",895
"ENSG00000234373",635
"ENSG00000234376",1191
"ENSG00000234377",10405
"ENSG00000234378",3793
"ENSG00000234379",598
"ENSG00000234380",5886
"ENSG00000234381",822
"ENSG00000234382",629
"ENSG00000234383",1330
"ENSG00000234384",2325
"ENSG00000234385",1476
"ENSG00000234386",1029
"ENSG00000234387",2548
"ENSG00000234388",301
"ENSG00000234389",1327
"ENSG00000234390",2856
"ENSG00000234391",523
"ENSG00000234393",692
"ENSG00000234394",5691
"ENSG00000234396",326
"ENSG00000234397",492
"ENSG00000234398",574
"ENSG00000234399",895
"ENSG00000234402",1224
"ENSG00000234404",570
"ENSG00000234406",287
"ENSG00000234409",1599
"ENSG00000234413",520
"ENSG00000234414",1921
"ENSG00000234415",813
"ENSG00000234418",5186
"ENSG00000234419",2789
"ENSG00000234420",1352
"ENSG00000234421",869
"ENSG00000234422",340
"ENSG00000234423",10828
"ENSG00000234424",1547
"ENSG00000234425",1064
"ENSG00000234426",5944
"ENSG00000234427",2687
"ENSG00000234428",876
"ENSG00000234429",6848
"ENSG00000234431",445
"ENSG00000234432",2651
"ENSG00000234435",709
"ENSG00000234436",404
"ENSG00000234438",3203
"ENSG00000234439",1258
"ENSG00000234441",198
"ENSG00000234442",560
"ENSG00000234444",11183
"ENSG00000234445",800
"ENSG00000234446",4906
"ENSG00000234448",191
"ENSG00000234450",433
"ENSG00000234451",1075
"ENSG00000234452",882
"ENSG00000234455",1811
"ENSG00000234456",18006
"ENSG00000234457",153
"ENSG00000234458",964
"ENSG00000234459",289
"ENSG00000234460",212
"ENSG00000234463",202
"ENSG00000234464",8254
"ENSG00000234465",4569
"ENSG00000234466",894
"ENSG00000234467",912
"ENSG00000234469",995
"ENSG00000234471",530
"ENSG00000234473",1229
"ENSG00000234474",4433
"ENSG00000234476",3394
"ENSG00000234477",1141
"ENSG00000234478",1104
"ENSG00000234479",191
"ENSG00000234480",658
"ENSG00000234481",1137
"ENSG00000234484",581
"ENSG00000234485",1019
"ENSG00000234488",406
"ENSG00000234489",178
"ENSG00000234491",947
"ENSG00000234492",8137
"ENSG00000234493",398
"ENSG00000234494",11349
"ENSG00000234496",223
"ENSG00000234497",5528
"ENSG00000234498",609
"ENSG00000234500",712
"ENSG00000234502",921
"ENSG00000234503",774
"ENSG00000234504",1528
"ENSG00000234506",3803
"ENSG00000234509",3245
"ENSG00000234511",3329
"ENSG00000234512",2706
"ENSG00000234513",348
"ENSG00000234515",618
"ENSG00000234518",483
"ENSG00000234519",1020
"ENSG00000234520",4434
"ENSG00000234521",982
"ENSG00000234522",876
"ENSG00000234523",176
"ENSG00000234524",499
"ENSG00000234527",532
"ENSG00000234529",1005
"ENSG00000234534",955
"ENSG00000234535",1494
"ENSG00000234537",1863
"ENSG00000234538",292
"ENSG00000234541",246
"ENSG00000234542",438
"ENSG00000234544",434
"ENSG00000234545",4496
"ENSG00000234546",7554
"ENSG00000234548",4210
"ENSG00000234551",1669
"ENSG00000234553",536
"ENSG00000234556",3391
"ENSG00000234557",397
"ENSG00000234558",1510
"ENSG00000234559",370
"ENSG00000234560",1115
"ENSG00000234562",726
"ENSG00000234564",1007
"ENSG00000234565",213
"ENSG00000234566",739
"ENSG00000234567",317
"ENSG00000234568",1530
"ENSG00000234569",813
"ENSG00000234570",2970
"ENSG00000234571",381
"ENSG00000234572",8553
"ENSG00000234573",205
"ENSG00000234575",974
"ENSG00000234576",615
"ENSG00000234577",823
"ENSG00000234578",470
"ENSG00000234579",385
"ENSG00000234580",732
"ENSG00000234583",509
"ENSG00000234584",1214
"ENSG00000234585",1383
"ENSG00000234586",1199
"ENSG00000234587",384
"ENSG00000234588",393
"ENSG00000234589",614
"ENSG00000234590",220
"ENSG00000234592",1648
"ENSG00000234593",3313
"ENSG00000234594",193
"ENSG00000234595",1024
"ENSG00000234597",1709
"ENSG00000234601",2418
"ENSG00000234602",2141
"ENSG00000234604",100
"ENSG00000234607",563
"ENSG00000234608",3145
"ENSG00000234611",905
"ENSG00000234612",382
"ENSG00000234613",767
"ENSG00000234614",1670
"ENSG00000234616",11229
"ENSG00000234617",2324
"ENSG00000234618",888
"ENSG00000234619",658
"ENSG00000234620",495
"ENSG00000234622",548
"ENSG00000234624",311
"ENSG00000234625",424
"ENSG00000234626",687
"ENSG00000234627",862
"ENSG00000234629",939
"ENSG00000234630",524
"ENSG00000234632",727
"ENSG00000234634",909
"ENSG00000234636",1111
"ENSG00000234637",433
"ENSG00000234638",224
"ENSG00000234639",1239
"ENSG00000234640",620
"ENSG00000234644",354
"ENSG00000234645",765
"ENSG00000234646",1654
"ENSG00000234647",4373
"ENSG00000234648",158
"ENSG00000234650",1005
"ENSG00000234652",1019
"ENSG00000234653",1000
"ENSG00000234655",1014
"ENSG00000234658",422
"ENSG00000234660",1662
"ENSG00000234661",1149
"ENSG00000234663",15372
"ENSG00000234664",273
"ENSG00000234665",9530
"ENSG00000234667",3959
"ENSG00000234670",825
"ENSG00000234671",1135
"ENSG00000234675",446
"ENSG00000234676",601
"ENSG00000234678",5795
"ENSG00000234680",1412
"ENSG00000234682",711
"ENSG00000234683",350
"ENSG00000234684",5609
"ENSG00000234685",873
"ENSG00000234686",692
"ENSG00000234688",2337
"ENSG00000234690",6788
"ENSG00000234692",753
"ENSG00000234693",1041
"ENSG00000234694",1808
"ENSG00000234695",1008
"ENSG00000234696",1637
"ENSG00000234699",1774
"ENSG00000234700",1523
"ENSG00000234701",522
"ENSG00000234702",851
"ENSG00000234703",698
"ENSG00000234705",882
"ENSG00000234706",705
"ENSG00000234707",4059
"ENSG00000234709",769
"ENSG00000234710",2042
"ENSG00000234711",1058
"ENSG00000234712",378
"ENSG00000234713",554
"ENSG00000234714",570
"ENSG00000234715",4285
"ENSG00000234716",210
"ENSG00000234717",2066
"ENSG00000234718",460
"ENSG00000234719",3799
"ENSG00000234720",1291
"ENSG00000234721",6144
"ENSG00000234722",10107
"ENSG00000234723",418
"ENSG00000234724",1445
"ENSG00000234726",1242
"ENSG00000234730",609
"ENSG00000234731",295
"ENSG00000234732",268
"ENSG00000234735",358
"ENSG00000234736",2522
"ENSG00000234737",1291
"ENSG00000234740",733
"ENSG00000234741",5626
"ENSG00000234742",555
"ENSG00000234743",465
"ENSG00000234744",661
"ENSG00000234745",4623
"ENSG00000234748",514
"ENSG00000234749",1396
"ENSG00000234750",849
"ENSG00000234751",615
"ENSG00000234752",7150
"ENSG00000234753",6116
"ENSG00000234754",5078
"ENSG00000234756",706
"ENSG00000234758",562
"ENSG00000234761",1239
"ENSG00000234763",1850
"ENSG00000234764",745
"ENSG00000234765",1602
"ENSG00000234766",2856
"ENSG00000234767",2832
"ENSG00000234768",449
"ENSG00000234769",1246
"ENSG00000234770",748
"ENSG00000234771",6391
"ENSG00000234772",5403
"ENSG00000234773",1496
"ENSG00000234775",3059
"ENSG00000234776",760
"ENSG00000234777",2479
"ENSG00000234779",540
"ENSG00000234780",556
"ENSG00000234781",1457
"ENSG00000234782",514
"ENSG00000234784",241
"ENSG00000234785",1310
"ENSG00000234787",19452
"ENSG00000234788",780
"ENSG00000234789",740
"ENSG00000234790",381
"ENSG00000234791",482
"ENSG00000234792",545
"ENSG00000234793",668
"ENSG00000234795",996
"ENSG00000234796",589
"ENSG00000234797",795
"ENSG00000234800",472
"ENSG00000234801",971
"ENSG00000234803",457
"ENSG00000234805",1834
"ENSG00000234806",438
"ENSG00000234807",21091
"ENSG00000234811",146
"ENSG00000234812",228
"ENSG00000234813",453
"ENSG00000234814",2676
"ENSG00000234816",369
"ENSG00000234817",7638
"ENSG00000234818",814
"ENSG00000234819",238
"ENSG00000234821",317
"ENSG00000234825",1822
"ENSG00000234826",435
"ENSG00000234828",2886
"ENSG00000234829",980
"ENSG00000234830",540
"ENSG00000234832",2959
"ENSG00000234835",760
"ENSG00000234837",712
"ENSG00000234838",490
"ENSG00000234839",335
"ENSG00000234840",3882
"ENSG00000234841",1301
"ENSG00000234842",677
"ENSG00000234844",569
"ENSG00000234848",695
"ENSG00000234850",470
"ENSG00000234851",471
"ENSG00000234853",345
"ENSG00000234854",786
"ENSG00000234855",1391
"ENSG00000234857",4001
"ENSG00000234859",10286
"ENSG00000234860",1426
"ENSG00000234861",1321
"ENSG00000234862",687
"ENSG00000234863",159
"ENSG00000234864",4097
"ENSG00000234865",352
"ENSG00000234869",7125
"ENSG00000234872",385
"ENSG00000234877",982
"ENSG00000234878",318
"ENSG00000234880",2155
"ENSG00000234881",651
"ENSG00000234882",1316
"ENSG00000234883",4101
"ENSG00000234884",3512
"ENSG00000234886",1752
"ENSG00000234888",1392
"ENSG00000234889",2764
"ENSG00000234890",751
"ENSG00000234891",768
"ENSG00000234892",988
"ENSG00000234894",379
"ENSG00000234895",914
"ENSG00000234896",477
"ENSG00000234898",248
"ENSG00000234899",17325
"ENSG00000234900",1749
"ENSG00000234901",523
"ENSG00000234903",218
"ENSG00000234906",1263
"ENSG00000234907",157
"ENSG00000234910",1273
"ENSG00000234911",1476
"ENSG00000234912",6087
"ENSG00000234913",2493
"ENSG00000234915",387
"ENSG00000234917",601
"ENSG00000234918",335
"ENSG00000234919",876
"ENSG00000234921",699
"ENSG00000234922",367
"ENSG00000234925",475
"ENSG00000234927",277
"ENSG00000234928",6528
"ENSG00000234929",6561
"ENSG00000234931",2186
"ENSG00000234932",172
"ENSG00000234933",548
"ENSG00000234934",1807
"ENSG00000234937",941
"ENSG00000234938",872
"ENSG00000234939",1030
"ENSG00000234940",799
"ENSG00000234941",162
"ENSG00000234942",2100
"ENSG00000234943",377
"ENSG00000234944",1805
"ENSG00000234945",3330
"ENSG00000234946",506
"ENSG00000234948",23394
"ENSG00000234949",2227
"ENSG00000234950",810
"ENSG00000234952",1469
"ENSG00000234953",643
"ENSG00000234956",3253
"ENSG00000234958",328
"ENSG00000234961",706
"ENSG00000234962",5293
"ENSG00000234964",405
"ENSG00000234965",1823
"ENSG00000234967",3846
"ENSG00000234969",1182
"ENSG00000234973",675
"ENSG00000234975",412
"ENSG00000234977",454
"ENSG00000234979",549
"ENSG00000234981",792
"ENSG00000234982",792
"ENSG00000234983",1043
"ENSG00000234984",1493
"ENSG00000234985",428
"ENSG00000234986",806
"ENSG00000234988",4628
"ENSG00000234993",1139
"ENSG00000234995",781
"ENSG00000234996",1033
"ENSG00000234997",10991
"ENSG00000234999",460
"ENSG00000235001",1220
"ENSG00000235002",397
"ENSG00000235004",455
"ENSG00000235005",1964
"ENSG00000235007",4324
"ENSG00000235008",1746
"ENSG00000235009",2670
"ENSG00000235010",1240
"ENSG00000235011",355
"ENSG00000235012",3980
"ENSG00000235013",358
"ENSG00000235014",200
"ENSG00000235015",752
"ENSG00000235016",2949
"ENSG00000235018",528
"ENSG00000235020",6459
"ENSG00000235021",872
"ENSG00000235023",2854
"ENSG00000235024",8151
"ENSG00000235026",9550
"ENSG00000235027",2015
"ENSG00000235028",268
"ENSG00000235029",374
"ENSG00000235032",1056
"ENSG00000235033",7580
"ENSG00000235034",888
"ENSG00000235035",434
"ENSG00000235036",1369
"ENSG00000235038",620
"ENSG00000235039",522
"ENSG00000235040",832
"ENSG00000235042",1176
"ENSG00000235043",445
"ENSG00000235044",505
"ENSG00000235045",730
"ENSG00000235049",2350
"ENSG00000235050",4032
"ENSG00000235051",666
"ENSG00000235052",1067
"ENSG00000235054",2922
"ENSG00000235055",904
"ENSG00000235056",1028
"ENSG00000235058",250
"ENSG00000235059",3460
"ENSG00000235060",835
"ENSG00000235061",340
"ENSG00000235062",253
"ENSG00000235064",897
"ENSG00000235065",475
"ENSG00000235066",6090
"ENSG00000235069",235
"ENSG00000235070",4999
"ENSG00000235071",999
"ENSG00000235072",2164
"ENSG00000235076",942
"ENSG00000235077",494
"ENSG00000235078",1871
"ENSG00000235079",2295
"ENSG00000235080",1770
"ENSG00000235081",901
"ENSG00000235082",304
"ENSG00000235083",407
"ENSG00000235084",447
"ENSG00000235085",428
"ENSG00000235086",516
"ENSG00000235088",323
"ENSG00000235089",643
"ENSG00000235090",689
"ENSG00000235091",2803
"ENSG00000235092",8911
"ENSG00000235094",593
"ENSG00000235095",1980
"ENSG00000235096",696
"ENSG00000235097",2036
"ENSG00000235098",2644
"ENSG00000235099",739
"ENSG00000235100",11275
"ENSG00000235101",832
"ENSG00000235102",538
"ENSG00000235105",1257
"ENSG00000235106",5954
"ENSG00000235108",571
"ENSG00000235109",4957
"ENSG00000235110",404
"ENSG00000235112",296
"ENSG00000235113",679
"ENSG00000235115",447
"ENSG00000235118",1250
"ENSG00000235119",173
"ENSG00000235120",461
"ENSG00000235121",1920
"ENSG00000235122",2564
"ENSG00000235123",2411
"ENSG00000235124",1448
"ENSG00000235126",4416
"ENSG00000235127",467
"ENSG00000235128",799
"ENSG00000235129",379
"ENSG00000235131",351
"ENSG00000235133",335
"ENSG00000235136",444
"ENSG00000235137",1980
"ENSG00000235138",2112
"ENSG00000235139",6249
"ENSG00000235140",3538
"ENSG00000235141",185
"ENSG00000235142",17659
"ENSG00000235143",1747
"ENSG00000235145",821
"ENSG00000235146",1766
"ENSG00000235147",442
"ENSG00000235148",585
"ENSG00000235149",1167
"ENSG00000235150",1462
"ENSG00000235151",1294
"ENSG00000235152",1938
"ENSG00000235154",372
"ENSG00000235156",1035
"ENSG00000235158",3699
"ENSG00000235159",3373
"ENSG00000235160",6584
"ENSG00000235162",2693
"ENSG00000235163",338
"ENSG00000235165",877
"ENSG00000235166",6495
"ENSG00000235168",378
"ENSG00000235169",993
"ENSG00000235170",961
"ENSG00000235172",4591
"ENSG00000235173",2817
"ENSG00000235174",156
"ENSG00000235175",438
"ENSG00000235180",5320
"ENSG00000235181",287
"ENSG00000235182",147
"ENSG00000235183",327
"ENSG00000235185",913
"ENSG00000235186",318
"ENSG00000235189",4163
"ENSG00000235190",184
"ENSG00000235191",468
"ENSG00000235192",2679
"ENSG00000235194",5550
"ENSG00000235196",544
"ENSG00000235197",2030
"ENSG00000235198",475
"ENSG00000235199",475
"ENSG00000235200",2864
"ENSG00000235201",256
"ENSG00000235202",1488
"ENSG00000235203",1080
"ENSG00000235204",308
"ENSG00000235205",3665
"ENSG00000235207",1332
"ENSG00000235208",297
"ENSG00000235211",131
"ENSG00000235213",923
"ENSG00000235214",1328
"ENSG00000235218",947
"ENSG00000235219",310
"ENSG00000235221",2340
"ENSG00000235224",257
"ENSG00000235225",378
"ENSG00000235226",420
"ENSG00000235227",887
"ENSG00000235232",759
"ENSG00000235235",354
"ENSG00000235236",1149
"ENSG00000235237",725
"ENSG00000235238",284
"ENSG00000235239",1123
"ENSG00000235240",174
"ENSG00000235241",508
"ENSG00000235243",377
"ENSG00000235244",12725
"ENSG00000235246",297
"ENSG00000235248",963
"ENSG00000235251",937
"ENSG00000235253",1205
"ENSG00000235254",546
"ENSG00000235256",1363
"ENSG00000235257",20910
"ENSG00000235258",366
"ENSG00000235262",755
"ENSG00000235263",1111
"ENSG00000235264",693
"ENSG00000235266",315
"ENSG00000235267",397
"ENSG00000235268",2339
"ENSG00000235269",3602
"ENSG00000235272",3670
"ENSG00000235274",1167
"ENSG00000235275",1294
"ENSG00000235277",1782
"ENSG00000235278",1309
"ENSG00000235279",400
"ENSG00000235280",712
"ENSG00000235281",6433
"ENSG00000235282",266
"ENSG00000235284",86
"ENSG00000235286",1449
"ENSG00000235288",1978
"ENSG00000235289",1860
"ENSG00000235290",771
"ENSG00000235292",3178
"ENSG00000235293",953
"ENSG00000235294",805
"ENSG00000235295",3180
"ENSG00000235296",3345
"ENSG00000235297",414
"ENSG00000235298",1066
"ENSG00000235299",319
"ENSG00000235300",1561
"ENSG00000235301",75
"ENSG00000235303",3255
"ENSG00000235304",2539
"ENSG00000235306",823
"ENSG00000235308",475
"ENSG00000235310",1187
"ENSG00000235312",187
"ENSG00000235313",356
"ENSG00000235314",3338
"ENSG00000235315",458
"ENSG00000235316",1815
"ENSG00000235318",298
"ENSG00000235319",674
"ENSG00000235321",307
"ENSG00000235323",352
"ENSG00000235325",486
"ENSG00000235328",328
"ENSG00000235329",207
"ENSG00000235330",494
"ENSG00000235332",853
"ENSG00000235333",978
"ENSG00000235334",716
"ENSG00000235335",2711
"ENSG00000235338",1033
"ENSG00000235339",715
"ENSG00000235343",2958
"ENSG00000235347",1219
"ENSG00000235349",315
"ENSG00000235350",319
"ENSG00000235351",584
"ENSG00000235352",1223
"ENSG00000235354",171
"ENSG00000235356",743
"ENSG00000235357",4159
"ENSG00000235358",7754
"ENSG00000235361",1970
"ENSG00000235363",225
"ENSG00000235366",1726
"ENSG00000235368",1174
"ENSG00000235369",266
"ENSG00000235370",522
"ENSG00000235371",2310
"ENSG00000235374",412
"ENSG00000235376",2130
"ENSG00000235377",881
"ENSG00000235378",130
"ENSG00000235379",724
"ENSG00000235381",3088
"ENSG00000235382",1343
"ENSG00000235385",1699
"ENSG00000235386",105
"ENSG00000235387",2902
"ENSG00000235389",486
"ENSG00000235390",616
"ENSG00000235397",1190
"ENSG00000235399",673
"ENSG00000235400",1587
"ENSG00000235403",432
"ENSG00000235407",2374
"ENSG00000235408",272
"ENSG00000235410",2101
"ENSG00000235411",1155
"ENSG00000235412",1346
"ENSG00000235413",979
"ENSG00000235414",873
"ENSG00000235415",2252
"ENSG00000235416",757
"ENSG00000235419",1538
"ENSG00000235420",469
"ENSG00000235421",535
"ENSG00000235422",909
"ENSG00000235424",288
"ENSG00000235425",498
"ENSG00000235426",511
"ENSG00000235427",386
"ENSG00000235429",405
"ENSG00000235430",1970
"ENSG00000235431",1556
"ENSG00000235432",479
"ENSG00000235433",672
"ENSG00000235434",460
"ENSG00000235435",348
"ENSG00000235436",442
"ENSG00000235437",14490
"ENSG00000235438",1549
"ENSG00000235440",820
"ENSG00000235444",618
"ENSG00000235445",361
"ENSG00000235446",1091
"ENSG00000235447",1062
"ENSG00000235448",4682
"ENSG00000235449",190
"ENSG00000235451",305
"ENSG00000235453",3906
"ENSG00000235454",1107
"ENSG00000235455",2000
"ENSG00000235459",348
"ENSG00000235461",1640
"ENSG00000235462",1634
"ENSG00000235463",223
"ENSG00000235464",562
"ENSG00000235467",634
"ENSG00000235469",475
"ENSG00000235470",2968
"ENSG00000235472",1220
"ENSG00000235478",3438
"ENSG00000235479",609
"ENSG00000235480",501
"ENSG00000235481",3739
"ENSG00000235482",791
"ENSG00000235483",515
"ENSG00000235485",2194
"ENSG00000235486",831
"ENSG00000235488",455
"ENSG00000235489",1892
"ENSG00000235492",791
"ENSG00000235493",5611
"ENSG00000235494",980
"ENSG00000235495",779
"ENSG00000235497",1254
"ENSG00000235499",390
"ENSG00000235500",2971
"ENSG00000235501",5920
"ENSG00000235503",331
"ENSG00000235505",876
"ENSG00000235508",885
"ENSG00000235510",227
"ENSG00000235511",959
"ENSG00000235512",292
"ENSG00000235513",4540
"ENSG00000235514",396
"ENSG00000235518",715
"ENSG00000235519",1426
"ENSG00000235521",438
"ENSG00000235522",2166
"ENSG00000235523",361
"ENSG00000235524",1526
"ENSG00000235525",526
"ENSG00000235526",508
"ENSG00000235527",3630
"ENSG00000235529",765
"ENSG00000235530",3325
"ENSG00000235531",14046
"ENSG00000235532",8941
"ENSG00000235533",436
"ENSG00000235534",1214
"ENSG00000235535",11437
"ENSG00000235537",2505
"ENSG00000235538",7124
"ENSG00000235539",917
"ENSG00000235544",473
"ENSG00000235545",2066
"ENSG00000235546",1342
"ENSG00000235547",465
"ENSG00000235548",834
"ENSG00000235549",350
"ENSG00000235550",1710
"ENSG00000235552",867
"ENSG00000235554",1034
"ENSG00000235555",302
"ENSG00000235558",423
"ENSG00000235559",372
"ENSG00000235560",2824
"ENSG00000235563",1886
"ENSG00000235564",1373
"ENSG00000235568",5828
"ENSG00000235570",2304
"ENSG00000235571",574
"ENSG00000235572",692
"ENSG00000235573",380
"ENSG00000235574",1084
"ENSG00000235575",368
"ENSG00000235576",4885
"ENSG00000235579",197
"ENSG00000235581",210
"ENSG00000235582",472
"ENSG00000235583",517
"ENSG00000235584",2397
"ENSG00000235586",233
"ENSG00000235587",1006
"ENSG00000235590",5791
"ENSG00000235592",739
"ENSG00000235593",554
"ENSG00000235594",1095
"ENSG00000235595",993
"ENSG00000235597",9770
"ENSG00000235598",562
"ENSG00000235601",2616
"ENSG00000235602",1078
"ENSG00000235605",438
"ENSG00000235606",528
"ENSG00000235608",1347
"ENSG00000235610",1198
"ENSG00000235612",853
"ENSG00000235613",1693
"ENSG00000235615",2209
"ENSG00000235616",1109
"ENSG00000235617",277
"ENSG00000235618",1123
"ENSG00000235619",310
"ENSG00000235620",360
"ENSG00000235621",5891
"ENSG00000235623",574
"ENSG00000235625",342
"ENSG00000235626",1269
"ENSG00000235627",242
"ENSG00000235628",630
"ENSG00000235629",597
"ENSG00000235631",1255
"ENSG00000235635",520
"ENSG00000235636",882
"ENSG00000235637",221
"ENSG00000235638",522
"ENSG00000235639",1159
"ENSG00000235640",2095
"ENSG00000235641",9539
"ENSG00000235642",455
"ENSG00000235643",1351
"ENSG00000235644",639
"ENSG00000235645",699
"ENSG00000235646",821
"ENSG00000235647",1167
"ENSG00000235649",8000
"ENSG00000235651",1398
"ENSG00000235652",11033
"ENSG00000235653",889
"ENSG00000235655",411
"ENSG00000235656",318
"ENSG00000235659",3531
"ENSG00000235660",3818
"ENSG00000235661",5373
"ENSG00000235663",461
"ENSG00000235669",798
"ENSG00000235670",483
"ENSG00000235672",587
"ENSG00000235673",691
"ENSG00000235674",985
"ENSG00000235677",738
"ENSG00000235678",896
"ENSG00000235679",223
"ENSG00000235681",218
"ENSG00000235683",2061
"ENSG00000235685",221
"ENSG00000235686",135
"ENSG00000235687",540
"ENSG00000235688",3036
"ENSG00000235689",267
"ENSG00000235690",1784
"ENSG00000235695",309
"ENSG00000235698",1200
"ENSG00000235699",451
"ENSG00000235700",310
"ENSG00000235701",977
"ENSG00000235703",11839
"ENSG00000235705",139
"ENSG00000235706",5275
"ENSG00000235707",1104
"ENSG00000235710",1348
"ENSG00000235711",5506
"ENSG00000235713",654
"ENSG00000235716",1279
"ENSG00000235717",624
"ENSG00000235718",4096
"ENSG00000235720",1356
"ENSG00000235721",2324
"ENSG00000235724",3783
"ENSG00000235725",1656
"ENSG00000235726",10198
"ENSG00000235728",872
"ENSG00000235729",343
"ENSG00000235730",939
"ENSG00000235731",6689
"ENSG00000235734",298
"ENSG00000235735",768
"ENSG00000235737",1462
"ENSG00000235738",535
"ENSG00000235740",2115
"ENSG00000235741",939
"ENSG00000235742",178
"ENSG00000235743",2238
"ENSG00000235746",1334
"ENSG00000235748",560
"ENSG00000235749",5627
"ENSG00000235750",4767
"ENSG00000235756",1135
"ENSG00000235759",2508
"ENSG00000235760",1318
"ENSG00000235761",232
"ENSG00000235763",220
"ENSG00000235768",1822
"ENSG00000235770",14179
"ENSG00000235772",575
"ENSG00000235774",2127
"ENSG00000235775",163
"ENSG00000235776",801
"ENSG00000235777",974
"ENSG00000235778",1117
"ENSG00000235779",3754
"ENSG00000235780",1593
"ENSG00000235781",1306
"ENSG00000235782",1149
"ENSG00000235784",879
"ENSG00000235785",944
"ENSG00000235786",674
"ENSG00000235787",240
"ENSG00000235790",6632
"ENSG00000235794",331
"ENSG00000235797",471
"ENSG00000235802",1074
"ENSG00000235803",680
"ENSG00000235804",427
"ENSG00000235805",1576
"ENSG00000235806",3361
"ENSG00000235808",434
"ENSG00000235810",269
"ENSG00000235811",84
"ENSG00000235812",2170
"ENSG00000235813",938
"ENSG00000235816",643
"ENSG00000235817",404
"ENSG00000235818",1090
"ENSG00000235819",3031
"ENSG00000235820",473
"ENSG00000235821",420
"ENSG00000235823",14253
"ENSG00000235824",5309
"ENSG00000235827",1276
"ENSG00000235828",318
"ENSG00000235829",326
"ENSG00000235830",1294
"ENSG00000235831",8426
"ENSG00000235832",906
"ENSG00000235833",1028
"ENSG00000235834",1554
"ENSG00000235836",611
"ENSG00000235837",1057
"ENSG00000235838",2454
"ENSG00000235840",1747
"ENSG00000235843",485
"ENSG00000235845",569
"ENSG00000235847",965
"ENSG00000235848",3282
"ENSG00000235849",550
"ENSG00000235855",973
"ENSG00000235857",245
"ENSG00000235858",339
"ENSG00000235859",1234
"ENSG00000235861",219
"ENSG00000235862",2225
"ENSG00000235863",2365
"ENSG00000235864",1552
"ENSG00000235865",4763
"ENSG00000235868",1014
"ENSG00000235869",334
"ENSG00000235871",676
"ENSG00000235872",777
"ENSG00000235875",2240
"ENSG00000235876",1987
"ENSG00000235879",934
"ENSG00000235880",406
"ENSG00000235881",4395
"ENSG00000235885",8481
"ENSG00000235886",411
"ENSG00000235887",408
"ENSG00000235888",8594
"ENSG00000235890",5429
"ENSG00000235892",1677
"ENSG00000235893",541
"ENSG00000235895",269
"ENSG00000235897",2184
"ENSG00000235899",5113
"ENSG00000235901",3105
"ENSG00000235902",618
"ENSG00000235903",19820
"ENSG00000235904",6254
"ENSG00000235907",736
"ENSG00000235908",517
"ENSG00000235910",1197
"ENSG00000235911",758
"ENSG00000235912",192
"ENSG00000235914",2288
"ENSG00000235916",423
"ENSG00000235917",680
"ENSG00000235919",8036
"ENSG00000235920",978
"ENSG00000235922",542
"ENSG00000235924",374
"ENSG00000235926",171
"ENSG00000235927",2292
"ENSG00000235929",505
"ENSG00000235930",301
"ENSG00000235931",4607
"ENSG00000235932",353
"ENSG00000235933",2728
"ENSG00000235937",412
"ENSG00000235939",1420
"ENSG00000235940",285
"ENSG00000235942",640
"ENSG00000235943",470
"ENSG00000235944",1737
"ENSG00000235945",1954
"ENSG00000235946",465
"ENSG00000235947",1464
"ENSG00000235951",970
"ENSG00000235954",16845
"ENSG00000235955",2801
"ENSG00000235957",192
"ENSG00000235958",2335
"ENSG00000235959",424
"ENSG00000235961",2238
"ENSG00000235962",793
"ENSG00000235963",328
"ENSG00000235964",288
"ENSG00000235965",790
"ENSG00000235967",367
"ENSG00000235968",939
"ENSG00000235969",246
"ENSG00000235972",880
"ENSG00000235974",1958
"ENSG00000235975",718
"ENSG00000235976",392
"ENSG00000235978",5760
"ENSG00000235979",7189
"ENSG00000235981",512
"ENSG00000235984",461
"ENSG00000235988",331
"ENSG00000235989",3615
"ENSG00000235990",421
"ENSG00000235991",755
"ENSG00000235992",1097
"ENSG00000235993",355
"ENSG00000235995",422
"ENSG00000235996",366
"ENSG00000235997",4654
"ENSG00000235998",242
"ENSG00000236003",652
"ENSG00000236004",394
"ENSG00000236005",441
"ENSG00000236007",1491
"ENSG00000236009",761
"ENSG00000236012",281
"ENSG00000236013",5086
"ENSG00000236015",823
"ENSG00000236017",2143
"ENSG00000236018",766
"ENSG00000236021",7874
"ENSG00000236022",1259
"ENSG00000236024",546
"ENSG00000236025",209
"ENSG00000236026",229
"ENSG00000236027",1320
"ENSG00000236028",1226
"ENSG00000236031",751
"ENSG00000236032",7365
"ENSG00000236035",792
"ENSG00000236036",1831
"ENSG00000236039",4110
"ENSG00000236040",995
"ENSG00000236041",222
"ENSG00000236042",498
"ENSG00000236044",408
"ENSG00000236045",727
"ENSG00000236046",482
"ENSG00000236047",589
"ENSG00000236048",1194
"ENSG00000236049",2528
"ENSG00000236051",4087
"ENSG00000236052",4265
"ENSG00000236053",664
"ENSG00000236054",687
"ENSG00000236056",937
"ENSG00000236058",549
"ENSG00000236060",256
"ENSG00000236062",660
"ENSG00000236064",6325
"ENSG00000236065",3097
"ENSG00000236068",1100
"ENSG00000236069",2184
"ENSG00000236072",743
"ENSG00000236073",115
"ENSG00000236075",292
"ENSG00000236076",513
"ENSG00000236077",957
"ENSG00000236078",3940
"ENSG00000236079",452
"ENSG00000236080",610
"ENSG00000236081",1021
"ENSG00000236083",926
"ENSG00000236085",1122
"ENSG00000236086",262
"ENSG00000236088",14619
"ENSG00000236090",1008
"ENSG00000236091",1558
"ENSG00000236095",779
"ENSG00000236097",577
"ENSG00000236098",3905
"ENSG00000236099",263
"ENSG00000236101",377
"ENSG00000236102",1383
"ENSG00000236104",2737
"ENSG00000236105",584
"ENSG00000236106",4421
"ENSG00000236107",20534
"ENSG00000236108",305
"ENSG00000236109",2698
"ENSG00000236110",422
"ENSG00000236111",681
"ENSG00000236114",1962
"ENSG00000236115",423
"ENSG00000236116",540
"ENSG00000236117",1725
"ENSG00000236118",281
"ENSG00000236119",348
"ENSG00000236120",2104
"ENSG00000236121",2404
"ENSG00000236123",583
"ENSG00000236124",269
"ENSG00000236125",1593
"ENSG00000236126",1298
"ENSG00000236130",4089
"ENSG00000236131",171
"ENSG00000236132",477
"ENSG00000236133",4051
"ENSG00000236136",842
"ENSG00000236137",4071
"ENSG00000236138",1255
"ENSG00000236140",2414
"ENSG00000236141",4665
"ENSG00000236144",4926
"ENSG00000236145",544
"ENSG00000236146",335
"ENSG00000236148",549
"ENSG00000236151",534
"ENSG00000236152",307
"ENSG00000236153",525
"ENSG00000236154",3751
"ENSG00000236155",2108
"ENSG00000236156",410
"ENSG00000236158",682
"ENSG00000236159",539
"ENSG00000236160",217
"ENSG00000236162",1776
"ENSG00000236164",761
"ENSG00000236165",525
"ENSG00000236167",585
"ENSG00000236168",150
"ENSG00000236170",17
"ENSG00000236171",487
"ENSG00000236172",9023
"ENSG00000236173",694
"ENSG00000236175",488
"ENSG00000236176",685
"ENSG00000236179",891
"ENSG00000236180",421
"ENSG00000236182",754
"ENSG00000236184",844
"ENSG00000236185",380
"ENSG00000236187",1042
"ENSG00000236188",516
"ENSG00000236189",517
"ENSG00000236190",231
"ENSG00000236191",390
"ENSG00000236193",992
"ENSG00000236194",1496
"ENSG00000236195",951
"ENSG00000236197",4195
"ENSG00000236199",420
"ENSG00000236200",5009
"ENSG00000236202",509
"ENSG00000236204",17811
"ENSG00000236205",1005
"ENSG00000236206",2720
"ENSG00000236208",1054
"ENSG00000236209",763
"ENSG00000236211",1542
"ENSG00000236212",2290
"ENSG00000236213",15404
"ENSG00000236216",376
"ENSG00000236217",426
"ENSG00000236226",333
"ENSG00000236229",1541
"ENSG00000236230",2505
"ENSG00000236231",1900
"ENSG00000236232",1106
"ENSG00000236234",769
"ENSG00000236235",371
"ENSG00000236238",352
"ENSG00000236240",658
"ENSG00000236241",1715
"ENSG00000236242",580
"ENSG00000236243",865
"ENSG00000236244",906
"ENSG00000236246",775
"ENSG00000236248",235
"ENSG00000236252",381
"ENSG00000236253",931
"ENSG00000236254",1354
"ENSG00000236255",5922
"ENSG00000236256",4654
"ENSG00000236257",1076
"ENSG00000236258",211
"ENSG00000236259",483
"ENSG00000236261",334
"ENSG00000236264",435
"ENSG00000236266",1544
"ENSG00000236267",1004
"ENSG00000236268",4978
"ENSG00000236272",531
"ENSG00000236274",1003
"ENSG00000236276",2165
"ENSG00000236277",464
"ENSG00000236278",548
"ENSG00000236279",2699
"ENSG00000236281",507
"ENSG00000236283",12882
"ENSG00000236284",730
"ENSG00000236285",837
"ENSG00000236287",9029
"ENSG00000236289",4137
"ENSG00000236290",703
"ENSG00000236292",1095
"ENSG00000236295",3135
"ENSG00000236296",578
"ENSG00000236297",602
"ENSG00000236299",3030
"ENSG00000236300",295
"ENSG00000236301",3051
"ENSG00000236303",5105
"ENSG00000236304",1559
"ENSG00000236305",1036
"ENSG00000236306",3075
"ENSG00000236307",430
"ENSG00000236308",578
"ENSG00000236311",3654
"ENSG00000236312",354
"ENSG00000236313",957
"ENSG00000236316",855
"ENSG00000236317",192
"ENSG00000236318",1957
"ENSG00000236319",669
"ENSG00000236320",7169
"ENSG00000236323",679
"ENSG00000236324",492
"ENSG00000236325",373
"ENSG00000236326",421
"ENSG00000236327",271
"ENSG00000236330",886
"ENSG00000236332",1260
"ENSG00000236333",18092
"ENSG00000236334",755
"ENSG00000236335",787
"ENSG00000236336",709
"ENSG00000236337",343
"ENSG00000236339",380
"ENSG00000236340",1918
"ENSG00000236341",1583
"ENSG00000236343",1078
"ENSG00000236345",1956
"ENSG00000236347",1918
"ENSG00000236348",1327
"ENSG00000236349",1296
"ENSG00000236352",2556
"ENSG00000236354",3859
"ENSG00000236355",1109
"ENSG00000236356",464
"ENSG00000236357",867
"ENSG00000236358",410
"ENSG00000236359",769
"ENSG00000236360",502
"ENSG00000236362",693
"ENSG00000236364",2952
"ENSG00000236365",237
"ENSG00000236366",3002
"ENSG00000236371",1260
"ENSG00000236372",2241
"ENSG00000236373",2451
"ENSG00000236375",658
"ENSG00000236376",458
"ENSG00000236377",4076
"ENSG00000236378",1518
"ENSG00000236379",1243
"ENSG00000236380",772
"ENSG00000236382",571
"ENSG00000236383",3282
"ENSG00000236384",2417
"ENSG00000236385",1049
"ENSG00000236386",253
"ENSG00000236387",1452
"ENSG00000236388",299
"ENSG00000236389",1411
"ENSG00000236390",579
"ENSG00000236391",243
"ENSG00000236393",6504
"ENSG00000236394",580
"ENSG00000236395",385
"ENSG00000236396",1017
"ENSG00000236397",1398
"ENSG00000236398",1017
"ENSG00000236400",816
"ENSG00000236401",1259
"ENSG00000236403",3521
"ENSG00000236404",10672
"ENSG00000236405",1169
"ENSG00000236407",619
"ENSG00000236408",664
"ENSG00000236409",691
"ENSG00000236411",525
"ENSG00000236413",230
"ENSG00000236414",449
"ENSG00000236417",1002
"ENSG00000236420",676
"ENSG00000236423",7016
"ENSG00000236424",1941
"ENSG00000236425",366
"ENSG00000236426",1565
"ENSG00000236427",18687
"ENSG00000236429",144
"ENSG00000236430",1371
"ENSG00000236431",379
"ENSG00000236432",15378
"ENSG00000236433",276
"ENSG00000236434",435
"ENSG00000236435",868
"ENSG00000236436",1498
"ENSG00000236437",2284
"ENSG00000236438",405
"ENSG00000236439",254
"ENSG00000236440",529
"ENSG00000236442",471
"ENSG00000236444",3318
"ENSG00000236445",4237
"ENSG00000236446",1261
"ENSG00000236447",487
"ENSG00000236449",9788
"ENSG00000236450",307
"ENSG00000236452",555
"ENSG00000236456",585
"ENSG00000236457",357
"ENSG00000236459",946
"ENSG00000236460",323
"ENSG00000236461",2416
"ENSG00000236463",455
"ENSG00000236464",1153
"ENSG00000236466",7533
"ENSG00000236467",7061
"ENSG00000236468",1335
"ENSG00000236469",3047
"ENSG00000236471",446
"ENSG00000236472",468
"ENSG00000236473",910
"ENSG00000236474",1295
"ENSG00000236475",753
"ENSG00000236476",805
"ENSG00000236477",371
"ENSG00000236478",1137
"ENSG00000236480",1523
"ENSG00000236481",821
"ENSG00000236483",841
"ENSG00000236484",652
"ENSG00000236485",6944
"ENSG00000236487",416
"ENSG00000236489",299
"ENSG00000236491",730
"ENSG00000236493",999
"ENSG00000236494",3166
"ENSG00000236495",1248
"ENSG00000236496",986
"ENSG00000236497",2905
"ENSG00000236498",802
"ENSG00000236499",5015
"ENSG00000236500",225
"ENSG00000236502",2684
"ENSG00000236503",460
"ENSG00000236504",835
"ENSG00000236505",126
"ENSG00000236507",5166
"ENSG00000236508",476
"ENSG00000236509",476
"ENSG00000236510",856
"ENSG00000236511",5326
"ENSG00000236512",457
"ENSG00000236513",1184
"ENSG00000236514",826
"ENSG00000236516",1225
"ENSG00000236519",2756
"ENSG00000236520",698
"ENSG00000236521",3310
"ENSG00000236523",733
"ENSG00000236525",1200
"ENSG00000236526",2054
"ENSG00000236527",526
"ENSG00000236528",2293
"ENSG00000236529",2342
"ENSG00000236530",1591
"ENSG00000236531",758
"ENSG00000236532",5975
"ENSG00000236533",399
"ENSG00000236534",403
"ENSG00000236535",448
"ENSG00000236536",3020
"ENSG00000236538",417
"ENSG00000236539",9714
"ENSG00000236540",2267
"ENSG00000236541",953
"ENSG00000236542",530
"ENSG00000236543",1833
"ENSG00000236544",2222
"ENSG00000236545",587
"ENSG00000236546",1764
"ENSG00000236548",15620
"ENSG00000236549",455
"ENSG00000236550",246
"ENSG00000236552",612
"ENSG00000236554",1306
"ENSG00000236555",248
"ENSG00000236556",336
"ENSG00000236559",618
"ENSG00000236562",385
"ENSG00000236564",1382
"ENSG00000236565",833
"ENSG00000236567",1937
"ENSG00000236569",928
"ENSG00000236570",1227
"ENSG00000236571",180
"ENSG00000236572",384
"ENSG00000236574",192
"ENSG00000236576",1099
"ENSG00000236577",219
"ENSG00000236580",316
"ENSG00000236581",5800
"ENSG00000236582",851
"ENSG00000236583",1412
"ENSG00000236590",675
"ENSG00000236591",893
"ENSG00000236592",312
"ENSG00000236594",454
"ENSG00000236595",992
"ENSG00000236596",1284
"ENSG00000236597",11
"ENSG00000236599",329
"ENSG00000236601",1931
"ENSG00000236603",651
"ENSG00000236604",576
"ENSG00000236605",574
"ENSG00000236606",408
"ENSG00000236607",536
"ENSG00000236608",1210
"ENSG00000236609",3864
"ENSG00000236610",949
"ENSG00000236611",346
"ENSG00000236612",104
"ENSG00000236615",226
"ENSG00000236616",631
"ENSG00000236617",692
"ENSG00000236618",668
"ENSG00000236620",1116
"ENSG00000236626",1603
"ENSG00000236627",1122
"ENSG00000236634",588
"ENSG00000236635",1672
"ENSG00000236636",432
"ENSG00000236637",970
"ENSG00000236638",392
"ENSG00000236641",1280
"ENSG00000236643",1548
"ENSG00000236646",270
"ENSG00000236647",672
"ENSG00000236648",1328
"ENSG00000236651",2105
"ENSG00000236653",3971
"ENSG00000236654",207
"ENSG00000236655",462
"ENSG00000236656",2598
"ENSG00000236658",519
"ENSG00000236662",342
"ENSG00000236663",2429
"ENSG00000236664",254
"ENSG00000236665",536
"ENSG00000236666",2566
"ENSG00000236667",469
"ENSG00000236668",2416
"ENSG00000236670",1291
"ENSG00000236671",11769
"ENSG00000236674",1357
"ENSG00000236675",838
"ENSG00000236676",641
"ENSG00000236677",700
"ENSG00000236678",3977
"ENSG00000236679",385
"ENSG00000236680",1238
"ENSG00000236681",523
"ENSG00000236682",5430
"ENSG00000236683",1062
"ENSG00000236686",1240
"ENSG00000236687",1630
"ENSG00000236689",677
"ENSG00000236690",662
"ENSG00000236691",244
"ENSG00000236692",1546
"ENSG00000236695",931
"ENSG00000236698",435
"ENSG00000236699",7580
"ENSG00000236700",13193
"ENSG00000236701",1012
"ENSG00000236703",449
"ENSG00000236704",1199
"ENSG00000236708",3843
"ENSG00000236709",702
"ENSG00000236710",730
"ENSG00000236711",504
"ENSG00000236712",373
"ENSG00000236713",373
"ENSG00000236717",210
"ENSG00000236718",1147
"ENSG00000236719",2957
"ENSG00000236720",1904
"ENSG00000236722",367
"ENSG00000236723",1227
"ENSG00000236724",243
"ENSG00000236731",505
"ENSG00000236732",472
"ENSG00000236733",1314
"ENSG00000236735",375
"ENSG00000236736",1332
"ENSG00000236737",117
"ENSG00000236739",535
"ENSG00000236741",451
"ENSG00000236744",439
"ENSG00000236745",642
"ENSG00000236747",1426
"ENSG00000236748",583
"ENSG00000236750",347
"ENSG00000236751",4483
"ENSG00000236753",8881
"ENSG00000236754",2776
"ENSG00000236756",4977
"ENSG00000236758",1059
"ENSG00000236761",2577
"ENSG00000236762",588
"ENSG00000236763",379
"ENSG00000236764",250
"ENSG00000236768",547
"ENSG00000236769",1889
"ENSG00000236770",857
"ENSG00000236772",986
"ENSG00000236773",231
"ENSG00000236775",1256
"ENSG00000236776",460
"ENSG00000236777",473
"ENSG00000236778",15992
"ENSG00000236779",848
"ENSG00000236780",9087
"ENSG00000236782",2074
"ENSG00000236783",343
"ENSG00000236785",866
"ENSG00000236786",923
"ENSG00000236790",61541
"ENSG00000236791",932
"ENSG00000236792",443
"ENSG00000236794",255
"ENSG00000236795",2145
"ENSG00000236796",1184
"ENSG00000236797",452
"ENSG00000236799",344
"ENSG00000236800",335
"ENSG00000236801",474
"ENSG00000236803",1645
"ENSG00000236804",753
"ENSG00000236806",795
"ENSG00000236807",317
"ENSG00000236809",834
"ENSG00000236810",4758
"ENSG00000236811",998
"ENSG00000236813",526
"ENSG00000236814",1170
"ENSG00000236816",4266
"ENSG00000236817",2497
"ENSG00000236818",533
"ENSG00000236819",3973
"ENSG00000236822",222
"ENSG00000236823",741
"ENSG00000236824",200
"ENSG00000236825",641
"ENSG00000236827",3871
"ENSG00000236828",293
"ENSG00000236829",471
"ENSG00000236830",10939
"ENSG00000236831",297
"ENSG00000236832",405
"ENSG00000236833",1867
"ENSG00000236834",1829
"ENSG00000236836",275
"ENSG00000236837",639
"ENSG00000236838",624
"ENSG00000236841",4902
"ENSG00000236842",1935
"ENSG00000236844",474
"ENSG00000236846",1887
"ENSG00000236847",693
"ENSG00000236848",265
"ENSG00000236849",1804
"ENSG00000236852",1077
"ENSG00000236853",941
"ENSG00000236854",2122
"ENSG00000236857",553
"ENSG00000236858",3173
"ENSG00000236859",7298
"ENSG00000236860",157
"ENSG00000236861",2750
"ENSG00000236862",361
"ENSG00000236863",471
"ENSG00000236864",153
"ENSG00000236866",1380
"ENSG00000236867",465
"ENSG00000236869",10821
"ENSG00000236870",417
"ENSG00000236871",1106
"ENSG00000236872",325
"ENSG00000236874",807
"ENSG00000236875",654
"ENSG00000236876",135
"ENSG00000236877",317
"ENSG00000236878",662
"ENSG00000236880",335
"ENSG00000236882",4422
"ENSG00000236883",461
"ENSG00000236885",1821
"ENSG00000236887",434
"ENSG00000236888",360
"ENSG00000236889",271
"ENSG00000236890",210
"ENSG00000236892",1580
"ENSG00000236893",1226
"ENSG00000236894",1061
"ENSG00000236896",431
"ENSG00000236897",869
"ENSG00000236900",256
"ENSG00000236901",5984
"ENSG00000236905",479
"ENSG00000236907",412
"ENSG00000236908",6490
"ENSG00000236909",776
"ENSG00000236911",1506
"ENSG00000236913",450
"ENSG00000236914",2864
"ENSG00000236915",8476
"ENSG00000236917",1197
"ENSG00000236919",490
"ENSG00000236920",771
"ENSG00000236921",788
"ENSG00000236922",21232
"ENSG00000236924",14649
"ENSG00000236928",521
"ENSG00000236929",332
"ENSG00000236930",474
"ENSG00000236932",580
"ENSG00000236935",2167
"ENSG00000236936",930
"ENSG00000236937",356
"ENSG00000236939",778
"ENSG00000236940",462
"ENSG00000236941",1360
"ENSG00000236942",353
"ENSG00000236944",366
"ENSG00000236946",1087
"ENSG00000236950",858
"ENSG00000236951",4377
"ENSG00000236953",440
"ENSG00000236956",1596
"ENSG00000236957",894
"ENSG00000236958",650
"ENSG00000236959",882
"ENSG00000236960",228
"ENSG00000236961",838
"ENSG00000236963",7404
"ENSG00000236965",934
"ENSG00000236966",472
"ENSG00000236968",2092
"ENSG00000236969",532
"ENSG00000236972",411
"ENSG00000236973",1000
"ENSG00000236975",8105
"ENSG00000236976",864
"ENSG00000236977",2158
"ENSG00000236978",276
"ENSG00000236980",881
"ENSG00000236981",936
"ENSG00000236982",301
"ENSG00000236985",833
"ENSG00000236986",3028
"ENSG00000236987",346
"ENSG00000236988",1558
"ENSG00000236989",3346
"ENSG00000236990",4290
"ENSG00000236991",2403
"ENSG00000236992",501
"ENSG00000236993",1010
"ENSG00000236994",679
"ENSG00000236998",1248
"ENSG00000236999",472
"ENSG00000237000",327
"ENSG00000237001",3656
"ENSG00000237002",2273
"ENSG00000237003",321
"ENSG00000237004",443
"ENSG00000237005",280
"ENSG00000237007",846
"ENSG00000237008",690
"ENSG00000237009",738
"ENSG00000237011",850
"ENSG00000237013",828
"ENSG00000237014",1063
"ENSG00000237015",385
"ENSG00000237016",1232
"ENSG00000237017",4158
"ENSG00000237019",382
"ENSG00000237020",17
"ENSG00000237023",1766
"ENSG00000237024",484
"ENSG00000237025",707
"ENSG00000237026",312
"ENSG00000237027",1171
"ENSG00000237031",3357
"ENSG00000237032",885
"ENSG00000237033",609
"ENSG00000237035",618
"ENSG00000237036",4037
"ENSG00000237037",5206
"ENSG00000237038",1593
"ENSG00000237039",210
"ENSG00000237040",250
"ENSG00000237041",414
"ENSG00000237042",132
"ENSG00000237048",1279
"ENSG00000237049",354
"ENSG00000237053",1351
"ENSG00000237054",3194
"ENSG00000237055",1096
"ENSG00000237057",4300
"ENSG00000237058",1721
"ENSG00000237061",480
"ENSG00000237062",797
"ENSG00000237063",616
"ENSG00000237064",967
"ENSG00000237065",913
"ENSG00000237068",854
"ENSG00000237070",3743
"ENSG00000237072",530
"ENSG00000237073",574
"ENSG00000237074",1264
"ENSG00000237076",2585
"ENSG00000237077",205
"ENSG00000237080",2571
"ENSG00000237082",211
"ENSG00000237083",301
"ENSG00000237085",98
"ENSG00000237087",5035
"ENSG00000237088",788
"ENSG00000237089",517
"ENSG00000237090",1326
"ENSG00000237092",3391
"ENSG00000237094",183
"ENSG00000237099",1006
"ENSG00000237101",1555
"ENSG00000237106",214
"ENSG00000237107",313
"ENSG00000237109",477
"ENSG00000237110",1060
"ENSG00000237111",50
"ENSG00000237115",2433
"ENSG00000237118",1056
"ENSG00000237119",1234
"ENSG00000237121",2180
"ENSG00000237124",648
"ENSG00000237125",23048
"ENSG00000237126",4196
"ENSG00000237127",253
"ENSG00000237128",1160
"ENSG00000237129",670
"ENSG00000237130",370
"ENSG00000237131",248
"ENSG00000237135",1933
"ENSG00000237136",1094
"ENSG00000237137",127
"ENSG00000237138",616
"ENSG00000237139",284
"ENSG00000237140",348
"ENSG00000237141",319
"ENSG00000237148",280
"ENSG00000237149",4875
"ENSG00000237153",5956
"ENSG00000237154",300
"ENSG00000237158",517
"ENSG00000237159",2605
"ENSG00000237160",193
"ENSG00000237161",1549
"ENSG00000237162",367
"ENSG00000237163",303
"ENSG00000237164",338
"ENSG00000237166",5548
"ENSG00000237167",1988
"ENSG00000237169",496
"ENSG00000237170",584
"ENSG00000237171",756
"ENSG00000237172",2702
"ENSG00000237173",108
"ENSG00000237174",2362
"ENSG00000237175",382
"ENSG00000237176",475
"ENSG00000237178",394
"ENSG00000237179",2237
"ENSG00000237180",267
"ENSG00000237181",1578
"ENSG00000237182",250
"ENSG00000237183",207
"ENSG00000237185",916
"ENSG00000237186",623
"ENSG00000237187",23728
"ENSG00000237188",4649
"ENSG00000237190",1762
"ENSG00000237193",202
"ENSG00000237194",777
"ENSG00000237195",464
"ENSG00000237197",17
"ENSG00000237200",273
"ENSG00000237202",564
"ENSG00000237205",712
"ENSG00000237206",1534
"ENSG00000237207",1192
"ENSG00000237208",639
"ENSG00000237210",1435
"ENSG00000237211",868
"ENSG00000237212",2221
"ENSG00000237213",453
"ENSG00000237214",582
"ENSG00000237215",184
"ENSG00000237217",429
"ENSG00000237220",545
"ENSG00000237221",516
"ENSG00000237222",16049
"ENSG00000237223",459
"ENSG00000237224",2345
"ENSG00000237225",1118
"ENSG00000237226",775
"ENSG00000237227",307
"ENSG00000237230",396
"ENSG00000237232",9740
"ENSG00000237233",1967
"ENSG00000237234",1955
"ENSG00000237235",9
"ENSG00000237236",200
"ENSG00000237238",1120
"ENSG00000237242",336
"ENSG00000237243",577
"ENSG00000237247",778
"ENSG00000237248",7203
"ENSG00000237249",395
"ENSG00000237250",3700
"ENSG00000237251",771
"ENSG00000237252",461
"ENSG00000237254",447
"ENSG00000237256",427
"ENSG00000237257",1025
"ENSG00000237259",258
"ENSG00000237260",441
"ENSG00000237261",283
"ENSG00000237263",2162
"ENSG00000237264",551
"ENSG00000237265",1536
"ENSG00000237266",1595
"ENSG00000237267",2253
"ENSG00000237268",1621
"ENSG00000237269",947
"ENSG00000237271",1573
"ENSG00000237272",952
"ENSG00000237273",492
"ENSG00000237274",1004
"ENSG00000237275",271
"ENSG00000237276",1720
"ENSG00000237278",1563
"ENSG00000237279",395
"ENSG00000237280",688
"ENSG00000237281",2373
"ENSG00000237282",1386
"ENSG00000237283",2157
"ENSG00000237285",960
"ENSG00000237286",977
"ENSG00000237289",3310
"ENSG00000237290",2573
"ENSG00000237292",5547
"ENSG00000237293",336
"ENSG00000237294",1513
"ENSG00000237296",4223
"ENSG00000237297",747
"ENSG00000237298",26147
"ENSG00000237299",568
"ENSG00000237300",500
"ENSG00000237301",3725
"ENSG00000237302",1177
"ENSG00000237303",274
"ENSG00000237306",327
"ENSG00000237307",2678
"ENSG00000237308",510
"ENSG00000237309",1030
"ENSG00000237310",2248
"ENSG00000237311",1701
"ENSG00000237312",1290
"ENSG00000237314",496
"ENSG00000237316",891
"ENSG00000237317",935
"ENSG00000237319",230
"ENSG00000237320",499
"ENSG00000237321",649
"ENSG00000237322",463
"ENSG00000237323",146
"ENSG00000237324",1408
"ENSG00000237325",758
"ENSG00000237326",487
"ENSG00000237328",1303
"ENSG00000237329",507
"ENSG00000237330",1900
"ENSG00000237331",482
"ENSG00000237336",722
"ENSG00000237337",1077
"ENSG00000237338",500
"ENSG00000237339",2746
"ENSG00000237341",678
"ENSG00000237342",479
"ENSG00000237343",1298
"ENSG00000237345",617
"ENSG00000237346",994
"ENSG00000237347",403
"ENSG00000237349",283
"ENSG00000237350",576
"ENSG00000237351",1248
"ENSG00000237353",2885
"ENSG00000237354",937
"ENSG00000237357",6810
"ENSG00000237358",351
"ENSG00000237360",420
"ENSG00000237361",5081
"ENSG00000237363",395
"ENSG00000237365",349
"ENSG00000237370",693
"ENSG00000237371",188
"ENSG00000237372",8586
"ENSG00000237373",489
"ENSG00000237377",885
"ENSG00000237378",2034
"ENSG00000237379",527
"ENSG00000237380",3076
"ENSG00000237381",1423
"ENSG00000237382",465
"ENSG00000237383",262
"ENSG00000237385",641
"ENSG00000237387",660
"ENSG00000237388",930
"ENSG00000237389",411
"ENSG00000237390",5957
"ENSG00000237396",1122
"ENSG00000237398",229
"ENSG00000237399",4370
"ENSG00000237400",531
"ENSG00000237401",6994
"ENSG00000237402",806
"ENSG00000237406",1135
"ENSG00000237407",775
"ENSG00000237408",499
"ENSG00000237409",428
"ENSG00000237410",469
"ENSG00000237412",2462
"ENSG00000237413",3509
"ENSG00000237414",687
"ENSG00000237415",865
"ENSG00000237417",1805
"ENSG00000237418",155
"ENSG00000237419",1154
"ENSG00000237423",4449
"ENSG00000237424",2509
"ENSG00000237425",888
"ENSG00000237426",1459
"ENSG00000237427",312
"ENSG00000237428",1561
"ENSG00000237429",886
"ENSG00000237432",582
"ENSG00000237433",881
"ENSG00000237434",832
"ENSG00000237435",3066
"ENSG00000237436",745
"ENSG00000237437",1227
"ENSG00000237438",330
"ENSG00000237439",630
"ENSG00000237440",8978
"ENSG00000237441",4159
"ENSG00000237442",958
"ENSG00000237443",907
"ENSG00000237444",525
"ENSG00000237445",379
"ENSG00000237446",351
"ENSG00000237447",1922
"ENSG00000237449",1039
"ENSG00000237450",469
"ENSG00000237451",367
"ENSG00000237452",2568
"ENSG00000237453",475
"ENSG00000237456",405
"ENSG00000237457",4264
"ENSG00000237458",271
"ENSG00000237460",3397
"ENSG00000237463",7925
"ENSG00000237464",2596
"ENSG00000237466",328
"ENSG00000237467",412
"ENSG00000237468",2559
"ENSG00000237469",1279
"ENSG00000237470",470
"ENSG00000237471",3642
"ENSG00000237472",319
"ENSG00000237473",2964
"ENSG00000237475",739
"ENSG00000237476",725
"ENSG00000237477",552
"ENSG00000237478",262
"ENSG00000237479",702
"ENSG00000237480",9690
"ENSG00000237481",640
"ENSG00000237483",445
"ENSG00000237484",9999
"ENSG00000237487",1036
"ENSG00000237489",6811
"ENSG00000237490",455
"ENSG00000237491",8986
"ENSG00000237492",913
"ENSG00000237493",604
"ENSG00000237494",566
"ENSG00000237498",1337
"ENSG00000237499",11919
"ENSG00000237500",332
"ENSG00000237501",249
"ENSG00000237503",408
"ENSG00000237505",34219
"ENSG00000237506",861
"ENSG00000237510",1672
"ENSG00000237512",953
"ENSG00000237514",514
"ENSG00000237515",10180
"ENSG00000237517",862
"ENSG00000237520",1870
"ENSG00000237521",1870
"ENSG00000237522",1231
"ENSG00000237523",4573
"ENSG00000237524",1533
"ENSG00000237525",8301
"ENSG00000237527",480
"ENSG00000237528",189
"ENSG00000237529",1514
"ENSG00000237530",1822
"ENSG00000237531",786
"ENSG00000237532",357
"ENSG00000237539",611
"ENSG00000237540",301
"ENSG00000237541",1458
"ENSG00000237542",513
"ENSG00000237546",1116
"ENSG00000237547",60
"ENSG00000237549",693
"ENSG00000237550",579
"ENSG00000237551",448
"ENSG00000237552",755
"ENSG00000237553",220
"ENSG00000237555",400
"ENSG00000237556",777
"ENSG00000237557",727
"ENSG00000237558",1604
"ENSG00000237560",5644
"ENSG00000237566",235
"ENSG00000237567",734
"ENSG00000237568",324
"ENSG00000237569",1352
"ENSG00000237571",503
"ENSG00000237572",261
"ENSG00000237574",3758
"ENSG00000237575",282
"ENSG00000237576",804
"ENSG00000237579",1760
"ENSG00000237580",391
"ENSG00000237581",594
"ENSG00000237583",318
"ENSG00000237584",579
"ENSG00000237586",490
"ENSG00000237588",4122
"ENSG00000237589",256
"ENSG00000237590",841
"ENSG00000237592",329
"ENSG00000237593",559
"ENSG00000237594",822
"ENSG00000237595",2284
"ENSG00000237596",8227
"ENSG00000237601",156
"ENSG00000237603",556
"ENSG00000237604",821
"ENSG00000237605",1974
"ENSG00000237606",461
"ENSG00000237609",292
"ENSG00000237610",930
"ENSG00000237611",238
"ENSG00000237612",4437
"ENSG00000237613",1743
"ENSG00000237614",1892
"ENSG00000237616",430
"ENSG00000237617",201
"ENSG00000237618",620
"ENSG00000237619",903
"ENSG00000237620",682
"ENSG00000237621",945
"ENSG00000237622",337
"ENSG00000237623",635
"ENSG00000237624",1535
"ENSG00000237626",5221
"ENSG00000237628",598
"ENSG00000237629",288
"ENSG00000237630",221
"ENSG00000237631",569
"ENSG00000237632",312
"ENSG00000237633",1458
"ENSG00000237635",679
"ENSG00000237636",3007
"ENSG00000237637",1456
"ENSG00000237638",11318
"ENSG00000237639",334
"ENSG00000237640",4309
"ENSG00000237641",407
"ENSG00000237642",612
"ENSG00000237643",2547
"ENSG00000237645",481
"ENSG00000237646",531
"ENSG00000237649",3030
"ENSG00000237650",943
"ENSG00000237651",1517
"ENSG00000237653",478
"ENSG00000237654",5075
"ENSG00000237655",590
"ENSG00000237659",502
"ENSG00000237661",719
"ENSG00000237662",557
"ENSG00000237663",344
"ENSG00000237664",1391
"ENSG00000237665",520
"ENSG00000237666",530
"ENSG00000237667",11496
"ENSG00000237668",372
"ENSG00000237669",996
"ENSG00000237670",201
"ENSG00000237671",561
"ENSG00000237672",803
"ENSG00000237674",448
"ENSG00000237675",1577
"ENSG00000237676",333
"ENSG00000237679",852
"ENSG00000237682",1792
"ENSG00000237684",818
"ENSG00000237685",1475
"ENSG00000237686",8429
"ENSG00000237687",591
"ENSG00000237689",700
"ENSG00000237691",580
"ENSG00000237693",2306
"ENSG00000237699",999
"ENSG00000237700",1518
"ENSG00000237701",322
"ENSG00000237702",391
"ENSG00000237704",1457
"ENSG00000237705",619
"ENSG00000237706",1516
"ENSG00000237707",721
"ENSG00000237708",772
"ENSG00000237709",1403
"ENSG00000237711",774
"ENSG00000237713",842
"ENSG00000237714",1120
"ENSG00000237716",1786
"ENSG00000237717",250
"ENSG00000237718",1326
"ENSG00000237719",656
"ENSG00000237720",11769
"ENSG00000237722",647
"ENSG00000237728",1590
"ENSG00000237729",252
"ENSG00000237730",610
"ENSG00000237731",728
"ENSG00000237732",1142
"ENSG00000237734",708
"ENSG00000237735",569
"ENSG00000237737",4338
"ENSG00000237738",337
"ENSG00000237740",1586
"ENSG00000237741",388
"ENSG00000237742",6622
"ENSG00000237743",530
"ENSG00000237745",339
"ENSG00000237746",1720
"ENSG00000237747",721
"ENSG00000237748",336
"ENSG00000237749",253
"ENSG00000237750",3397
"ENSG00000237751",962
"ENSG00000237752",1447
"ENSG00000237753",3255
"ENSG00000237754",631
"ENSG00000237756",469
"ENSG00000237757",1315
"ENSG00000237758",261
"ENSG00000237759",2216
"ENSG00000237760",239
"ENSG00000237761",1691
"ENSG00000237763",2035
"ENSG00000237765",4766
"ENSG00000237766",1125
"ENSG00000237767",7065
"ENSG00000237768",291
"ENSG00000237770",4388
"ENSG00000237772",2713
"ENSG00000237773",12794
"ENSG00000237774",630
"ENSG00000237775",3994
"ENSG00000237781",665
"ENSG00000237782",469
"ENSG00000237783",864
"ENSG00000237784",356
"ENSG00000237786",332
"ENSG00000237787",1283
"ENSG00000237788",1653
"ENSG00000237790",597
"ENSG00000237793",531
"ENSG00000237797",2168
"ENSG00000237798",457
"ENSG00000237799",2827
"ENSG00000237801",992
"ENSG00000237802",2559
"ENSG00000237803",7629
"ENSG00000237804",960
"ENSG00000237806",401
"ENSG00000237807",14028
"ENSG00000237810",1459
"ENSG00000237813",3478
"ENSG00000237816",475
"ENSG00000237818",769
"ENSG00000237819",3108
"ENSG00000237821",1099
"ENSG00000237823",1613
"ENSG00000237824",452
"ENSG00000237827",400
"ENSG00000237828",1197
"ENSG00000237832",371
"ENSG00000237833",1432
"ENSG00000237835",359
"ENSG00000237836",1924
"ENSG00000237837",555
"ENSG00000237840",1131
"ENSG00000237841",191
"ENSG00000237842",1531
"ENSG00000237843",1091
"ENSG00000237844",1118
"ENSG00000237846",706
"ENSG00000237848",234
"ENSG00000237849",972
"ENSG00000237850",4304
"ENSG00000237851",444
"ENSG00000237852",423
"ENSG00000237853",873
"ENSG00000237854",160
"ENSG00000237856",801
"ENSG00000237859",1131
"ENSG00000237860",301
"ENSG00000237861",1034
"ENSG00000237862",4896
"ENSG00000237863",3151
"ENSG00000237864",699
"ENSG00000237868",479
"ENSG00000237870",2798
"ENSG00000237872",1085
"ENSG00000237873",453
"ENSG00000237874",2031
"ENSG00000237875",59
"ENSG00000237876",922
"ENSG00000237877",18693
"ENSG00000237879",9489
"ENSG00000237880",2735
"ENSG00000237882",478
"ENSG00000237883",4966
"ENSG00000237885",409
"ENSG00000237886",4680
"ENSG00000237887",459
"ENSG00000237888",468
"ENSG00000237891",251
"ENSG00000237892",655
"ENSG00000237896",1147
"ENSG00000237897",593
"ENSG00000237901",376
"ENSG00000237902",731
"ENSG00000237903",433
"ENSG00000237904",399
"ENSG00000237906",566
"ENSG00000237910",1419
"ENSG00000237911",344
"ENSG00000237913",394
"ENSG00000237914",2965
"ENSG00000237916",311
"ENSG00000237917",2337
"ENSG00000237919",948
"ENSG00000237920",317
"ENSG00000237921",369
"ENSG00000237922",656
"ENSG00000237923",3002
"ENSG00000237924",463
"ENSG00000237926",814
"ENSG00000237927",2002
"ENSG00000237928",6845
"ENSG00000237929",332
"ENSG00000237930",371
"ENSG00000237931",752
"ENSG00000237934",573
"ENSG00000237936",436
"ENSG00000237937",1104
"ENSG00000237938",1533
"ENSG00000237939",652
"ENSG00000237941",1093
"ENSG00000237943",5906
"ENSG00000237945",19945
"ENSG00000237947",613
"ENSG00000237948",562
"ENSG00000237949",7466
"ENSG00000237950",3430
"ENSG00000237951",499
"ENSG00000237952",353
"ENSG00000237953",267
"ENSG00000237955",472
"ENSG00000237956",225
"ENSG00000237957",1298
"ENSG00000237959",322
"ENSG00000237961",765
"ENSG00000237963",658
"ENSG00000237964",1148
"ENSG00000237968",701
"ENSG00000237970",1457
"ENSG00000237971",1362
"ENSG00000237972",1358
"ENSG00000237973",1543
"ENSG00000237974",193
"ENSG00000237976",1622
"ENSG00000237977",563
"ENSG00000237978",5165
"ENSG00000237979",793
"ENSG00000237980",5554
"ENSG00000237982",485
"ENSG00000237984",1215
"ENSG00000237986",4855
"ENSG00000237987",1059
"ENSG00000237988",5417
"ENSG00000237989",3853
"ENSG00000237990",2078
"ENSG00000237991",370
"ENSG00000237992",3067
"ENSG00000237993",705
"ENSG00000237994",465
"ENSG00000237997",918
"ENSG00000237999",1116
"ENSG00000238000",720
"ENSG00000238001",458
"ENSG00000238002",3857
"ENSG00000238003",308
"ENSG00000238004",511
"ENSG00000238005",3681
"ENSG00000238007",902
"ENSG00000238008",224
"ENSG00000238010",394
"ENSG00000238012",768
"ENSG00000238013",268
"ENSG00000238015",424
"ENSG00000238018",1236
"ENSG00000238019",143
"ENSG00000238020",515
"ENSG00000238021",707
"ENSG00000238022",803
"ENSG00000238024",258
"ENSG00000238025",1035
"ENSG00000238026",836
"ENSG00000238029",760
"ENSG00000238031",464
"ENSG00000238032",293
"ENSG00000238034",1369
"ENSG00000238035",1838
"ENSG00000238037",274
"ENSG00000238038",246
"ENSG00000238039",655
"ENSG00000238040",2910
"ENSG00000238041",259
"ENSG00000238043",1190
"ENSG00000238045",4822
"ENSG00000238046",195
"ENSG00000238047",901
"ENSG00000238048",822
"ENSG00000238049",268
"ENSG00000238051",448
"ENSG00000238054",1202
"ENSG00000238055",326
"ENSG00000238057",3138
"ENSG00000238058",2286
"ENSG00000238059",308
"ENSG00000238061",973
"ENSG00000238062",5495
"ENSG00000238063",4648
"ENSG00000238065",684
"ENSG00000238066",269
"ENSG00000238067",492
"ENSG00000238069",667
"ENSG00000238072",258
"ENSG00000238073",720
"ENSG00000238074",1179
"ENSG00000238075",526
"ENSG00000238076",636
"ENSG00000238077",888
"ENSG00000238078",962
"ENSG00000238079",156
"ENSG00000238081",662
"ENSG00000238082",713
"ENSG00000238083",12516
"ENSG00000238084",478
"ENSG00000238085",344
"ENSG00000238086",3613
"ENSG00000238087",1600
"ENSG00000238088",1155
"ENSG00000238090",923
"ENSG00000238092",574
"ENSG00000238094",319
"ENSG00000238097",8207
"ENSG00000238098",3478
"ENSG00000238099",10347
"ENSG00000238103",580
"ENSG00000238105",2395
"ENSG00000238107",13473
"ENSG00000238108",433
"ENSG00000238109",1393
"ENSG00000238110",748
"ENSG00000238111",457
"ENSG00000238113",10048
"ENSG00000238116",1873
"ENSG00000238117",1014
"ENSG00000238118",510
"ENSG00000238120",3502
"ENSG00000238121",6115
"ENSG00000238122",2731
"ENSG00000238123",5907
"ENSG00000238124",164
"ENSG00000238125",2021
"ENSG00000238129",3764
"ENSG00000238131",1027
"ENSG00000238132",1312
"ENSG00000238133",3049
"ENSG00000238135",628
"ENSG00000238137",533
"ENSG00000238138",105
"ENSG00000238139",374
"ENSG00000238140",678
"ENSG00000238141",1800
"ENSG00000238142",2744
"ENSG00000238143",486
"ENSG00000238145",1192
"ENSG00000238149",391
"ENSG00000238150",284
"ENSG00000238151",262
"ENSG00000238152",1026
"ENSG00000238153",380
"ENSG00000238154",1745
"ENSG00000238156",461
"ENSG00000238160",2406
"ENSG00000238161",1112
"ENSG00000238162",265
"ENSG00000238164",9357
"ENSG00000238165",237
"ENSG00000238166",195
"ENSG00000238168",395
"ENSG00000238169",4114
"ENSG00000238171",833
"ENSG00000238172",897
"ENSG00000238173",150
"ENSG00000238176",579
"ENSG00000238178",1693
"ENSG00000238180",485
"ENSG00000238181",1300
"ENSG00000238183",244
"ENSG00000238184",1542
"ENSG00000238185",374
"ENSG00000238186",546
"ENSG00000238188",603
"ENSG00000238189",888
"ENSG00000238190",435
"ENSG00000238191",1190
"ENSG00000238192",753
"ENSG00000238193",1415
"ENSG00000238194",2248
"ENSG00000238195",1770
"ENSG00000238197",10307
"ENSG00000238198",3086
"ENSG00000238199",437
"ENSG00000238200",797
"ENSG00000238201",3883
"ENSG00000238205",709
"ENSG00000238207",4534
"ENSG00000238210",651
"ENSG00000238211",187
"ENSG00000238212",4186
"ENSG00000238213",1231
"ENSG00000238215",1300
"ENSG00000238217",10781
"ENSG00000238220",390
"ENSG00000238221",3776
"ENSG00000238222",1521
"ENSG00000238223",859
"ENSG00000238224",271
"ENSG00000238225",228
"ENSG00000238227",3408
"ENSG00000238228",1012
"ENSG00000238230",7257
"ENSG00000238231",367
"ENSG00000238232",182
"ENSG00000238235",1045
"ENSG00000238236",715
"ENSG00000238241",1078
"ENSG00000238242",1432
"ENSG00000238243",945
"ENSG00000238244",354
"ENSG00000238245",1277
"ENSG00000238246",499
"ENSG00000238247",1545
"ENSG00000238249",743
"ENSG00000238250",388
"ENSG00000238251",514
"ENSG00000238254",295
"ENSG00000238256",143
"ENSG00000238257",201
"ENSG00000238258",1764
"ENSG00000238259",300
"ENSG00000238260",2313
"ENSG00000238262",373
"ENSG00000238263",436
"ENSG00000238265",612
"ENSG00000238267",476
"ENSG00000238269",540
"ENSG00000238270",414
"ENSG00000238271",566
"ENSG00000238272",677
"ENSG00000238273",2609
"ENSG00000238275",847
"ENSG00000238276",4911
"ENSG00000238277",693
"ENSG00000238278",758
"ENSG00000238279",2369
"ENSG00000238280",1940
"ENSG00000238282",168
"ENSG00000238283",1693
"ENSG00000238284",1181
"ENSG00000238285",482
"ENSG00000238286",864
"ENSG00000238287",2194
"ENSG00000238288",347
"ENSG00000238290",7929
"ENSG00000238291",831
"ENSG00000238295",104
"ENSG00000238297",192
"ENSG00000238300",81
"ENSG00000238302",63
"ENSG00000238304",62
"ENSG00000238311",104
"ENSG00000238316",104
"ENSG00000238317",84
"ENSG00000238324",306
"ENSG00000238326",104
"ENSG00000238344",77
"ENSG00000238357",62
"ENSG00000238363",133
"ENSG00000238364",60
"ENSG00000238365",60
"ENSG00000238366",101
"ENSG00000238367",91
"ENSG00000238370",60
"ENSG00000238371",104
"ENSG00000238372",105
"ENSG00000238374",63
"ENSG00000238379",118
"ENSG00000238380",60
"ENSG00000238382",105
"ENSG00000238386",63
"ENSG00000238387",104
"ENSG00000238390",177
"ENSG00000238391",113
"ENSG00000238399",91
"ENSG00000238405",116
"ENSG00000238406",62
"ENSG00000238410",135
"ENSG00000238417",62
"ENSG00000238419",63
"ENSG00000238420",95
"ENSG00000238423",67
"ENSG00000238426",102
"ENSG00000238427",69
"ENSG00000238431",66
"ENSG00000238440",104
"ENSG00000238441",62
"ENSG00000238443",95
"ENSG00000238444",100
"ENSG00000238446",60
"ENSG00000238447",64
"ENSG00000238452",76
"ENSG00000238456",103
"ENSG00000238457",61
"ENSG00000238468",62
"ENSG00000238478",107
"ENSG00000238482",107
"ENSG00000238485",104
"ENSG00000238489",107
"ENSG00000238490",113
"ENSG00000238493",99
"ENSG00000238498",104
"ENSG00000238500",62
"ENSG00000238503",70
"ENSG00000238509",107
"ENSG00000238516",101
"ENSG00000238517",83
"ENSG00000238519",133
"ENSG00000238523",61
"ENSG00000238529",107
"ENSG00000238531",79
"ENSG00000238540",61
"ENSG00000238542",79
"ENSG00000238551",107
"ENSG00000238554",128
"ENSG00000238558",62
"ENSG00000238560",102
"ENSG00000238561",118
"ENSG00000238562",62
"ENSG00000238570",103
"ENSG00000238575",135
"ENSG00000238578",72
"ENSG00000238584",62
"ENSG00000238585",114
"ENSG00000238590",62
"ENSG00000238594",103
"ENSG00000238597",72
"ENSG00000238606",62
"ENSG00000238609",63
"ENSG00000238610",63
"ENSG00000238616",104
"ENSG00000238619",96
"ENSG00000238622",142
"ENSG00000238627",109
"ENSG00000238628",104
"ENSG00000238632",62
"ENSG00000238645",103
"ENSG00000238649",64
"ENSG00000238650",67
"ENSG00000238653",62
"ENSG00000238658",107
"ENSG00000238669",107
"ENSG00000238680",107
"ENSG00000238685",127
"ENSG00000238694",104
"ENSG00000238697",102
"ENSG00000238698",62
"ENSG00000238704",62
"ENSG00000238705",52
"ENSG00000238707",69
"ENSG00000238709",62
"ENSG00000238711",96
"ENSG00000238713",113
"ENSG00000238719",64
"ENSG00000238721",63
"ENSG00000238723",102
"ENSG00000238724",104
"ENSG00000238728",77
"ENSG00000238730",62
"ENSG00000238731",62
"ENSG00000238735",62
"ENSG00000238741",330
"ENSG00000238745",104
"ENSG00000238749",112
"ENSG00000238750",62
"ENSG00000238754",135
"ENSG00000238755",2816
"ENSG00000238759",63
"ENSG00000238761",104
"ENSG00000238764",104
"ENSG00000238765",123
"ENSG00000238777",62
"ENSG00000238778",61
"ENSG00000238782",62
"ENSG00000238783",105
"ENSG00000238785",76
"ENSG00000238788",62
"ENSG00000238789",64
"ENSG00000238793",104
"ENSG00000238795",270
"ENSG00000238797",100
"ENSG00000238804",104
"ENSG00000238808",62
"ENSG00000238812",62
"ENSG00000238813",104
"ENSG00000238819",85
"ENSG00000238825",162
"ENSG00000238829",63
"ENSG00000238830",62
"ENSG00000238832",145
"ENSG00000238833",161
"ENSG00000238835",134
"ENSG00000238837",2263
"ENSG00000238840",133
"ENSG00000238842",67
"ENSG00000238845",113
"ENSG00000238854",75
"ENSG00000238862",84
"ENSG00000238875",261
"ENSG00000238880",61
"ENSG00000238882",107
"ENSG00000238884",63
"ENSG00000238886",82
"ENSG00000238898",161
"ENSG00000238901",104
"ENSG00000238902",104
"ENSG00000238904",64
"ENSG00000238906",105
"ENSG00000238908",111
"ENSG00000238912",102
"ENSG00000238913",62
"ENSG00000238917",142
"ENSG00000238923",63
"ENSG00000238924",62
"ENSG00000238926",101
"ENSG00000238933",112
"ENSG00000238934",129
"ENSG00000238936",73
"ENSG00000238941",107
"ENSG00000238942",69
"ENSG00000238943",110
"ENSG00000238949",62
"ENSG00000238950",76
"ENSG00000238959",66
"ENSG00000238961",138
"ENSG00000238962",62
"ENSG00000238963",131
"ENSG00000238964",62
"ENSG00000238965",109
"ENSG00000238966",72
"ENSG00000238987",62
"ENSG00000238998",68
"ENSG00000239001",107
"ENSG00000239002",330
"ENSG00000239003",63
"ENSG00000239005",127
"ENSG00000239007",64
"ENSG00000239008",127
"ENSG00000239010",62
"ENSG00000239014",71
"ENSG00000239021",119
"ENSG00000239023",160
"ENSG00000239030",103
"ENSG00000239035",104
"ENSG00000239039",104
"ENSG00000239040",103
"ENSG00000239041",104
"ENSG00000239043",86
"ENSG00000239053",64
"ENSG00000239057",79
"ENSG00000239069",102
"ENSG00000239075",107
"ENSG00000239078",62
"ENSG00000239079",104
"ENSG00000239080",104
"ENSG00000239081",62
"ENSG00000239082",61
"ENSG00000239093",105
"ENSG00000239096",104
"ENSG00000239099",62
"ENSG00000239102",60
"ENSG00000239105",63
"ENSG00000239106",103
"ENSG00000239108",107
"ENSG00000239112",70
"ENSG00000239115",62
"ENSG00000239118",77
"ENSG00000239119",63
"ENSG00000239122",187
"ENSG00000239127",96
"ENSG00000239128",104
"ENSG00000239129",104
"ENSG00000239137",104
"ENSG00000239142",136
"ENSG00000239143",102
"ENSG00000239148",133
"ENSG00000239149",152
"ENSG00000239151",62
"ENSG00000239152",116
"ENSG00000239153",104
"ENSG00000239168",62
"ENSG00000239169",67
"ENSG00000239175",108
"ENSG00000239180",95
"ENSG00000239182",128
"ENSG00000239183",133
"ENSG00000239184",137
"ENSG00000239185",61
"ENSG00000239189",106
"ENSG00000239190",104
"ENSG00000239194",160
"ENSG00000239195",73
"ENSG00000239197",143
"ENSG00000239198",884
"ENSG00000239199",504
"ENSG00000239200",377
"ENSG00000239201",478
"ENSG00000239202",276
"ENSG00000239203",477
"ENSG00000239205",2218
"ENSG00000239207",979
"ENSG00000239210",356
"ENSG00000239211",298
"ENSG00000239212",853
"ENSG00000239213",9101
"ENSG00000239215",394
"ENSG00000239218",357
"ENSG00000239219",8017
"ENSG00000239221",320
"ENSG00000239223",371
"ENSG00000239224",290
"ENSG00000239225",1478
"ENSG00000239226",385
"ENSG00000239227",167
"ENSG00000239228",283
"ENSG00000239238",302
"ENSG00000239246",447
"ENSG00000239247",310
"ENSG00000239249",301
"ENSG00000239250",295
"ENSG00000239253",237
"ENSG00000239254",1751
"ENSG00000239255",25
"ENSG00000239256",341
"ENSG00000239257",471
"ENSG00000239261",372
"ENSG00000239263",1081
"ENSG00000239264",4361
"ENSG00000239268",2789
"ENSG00000239269",888
"ENSG00000239272",490
"ENSG00000239279",297
"ENSG00000239280",432
"ENSG00000239281",136
"ENSG00000239282",2741
"ENSG00000239288",1619
"ENSG00000239291",803
"ENSG00000239293",281
"ENSG00000239300",1060
"ENSG00000239304",439
"ENSG00000239305",7594
"ENSG00000239306",6480
"ENSG00000239311",411
"ENSG00000239314",703
"ENSG00000239315",583
"ENSG00000239316",293
"ENSG00000239317",238
"ENSG00000239319",295
"ENSG00000239320",171
"ENSG00000239322",1139
"ENSG00000239323",577
"ENSG00000239327",348
"ENSG00000239333",303
"ENSG00000239335",623
"ENSG00000239344",749
"ENSG00000239345",1092
"ENSG00000239350",179
"ENSG00000239351",803
"ENSG00000239354",349
"ENSG00000239356",286
"ENSG00000239365",334
"ENSG00000239367",286
"ENSG00000239374",480
"ENSG00000239377",522
"ENSG00000239381",6097
"ENSG00000239382",4293
"ENSG00000239383",352
"ENSG00000239388",3219
"ENSG00000239389",5441
"ENSG00000239390",288
"ENSG00000239392",1540
"ENSG00000239393",354
"ENSG00000239395",453
"ENSG00000239396",294
"ENSG00000239397",648
"ENSG00000239398",294
"ENSG00000239402",524
"ENSG00000239405",612
"ENSG00000239408",363
"ENSG00000239412",459
"ENSG00000239413",251
"ENSG00000239415",2277
"ENSG00000239419",296
"ENSG00000239426",930
"ENSG00000239428",562
"ENSG00000239432",377
"ENSG00000239435",3389
"ENSG00000239437",287
"ENSG00000239438",339
"ENSG00000239439",477
"ENSG00000239440",6307
"ENSG00000239443",381
"ENSG00000239445",9489
"ENSG00000239453",465
"ENSG00000239454",1371
"ENSG00000239455",1776
"ENSG00000239464",301
"ENSG00000239465",485
"ENSG00000239466",276
"ENSG00000239468",288
"ENSG00000239470",483
"ENSG00000239471",297
"ENSG00000239472",281
"ENSG00000239473",739
"ENSG00000239474",2616
"ENSG00000239480",541
"ENSG00000239481",778
"ENSG00000239482",1506
"ENSG00000239483",361
"ENSG00000239486",338
"ENSG00000239490",763
"ENSG00000239494",297
"ENSG00000239503",952
"ENSG00000239504",287
"ENSG00000239508",1308
"ENSG00000239510",471
"ENSG00000239511",2404
"ENSG00000239513",5727
"ENSG00000239516",1874
"ENSG00000239517",156
"ENSG00000239519",2656
"ENSG00000239521",664
"ENSG00000239523",21825
"ENSG00000239524",400
"ENSG00000239525",336
"ENSG00000239527",444
"ENSG00000239528",369
"ENSG00000239532",478
"ENSG00000239533",1506
"ENSG00000239539",300
"ENSG00000239542",279
"ENSG00000239544",364
"ENSG00000239545",296
"ENSG00000239547",297
"ENSG00000239552",845
"ENSG00000239553",290
"ENSG00000239555",297
"ENSG00000239556",793
"ENSG00000239557",1231
"ENSG00000239559",287
"ENSG00000239560",300
"ENSG00000239568",166
"ENSG00000239569",13745
"ENSG00000239570",690
"ENSG00000239571",395
"ENSG00000239572",5559
"ENSG00000239576",174
"ENSG00000239577",339
"ENSG00000239579",283
"ENSG00000239580",297
"ENSG00000239586",898
"ENSG00000239589",7210
"ENSG00000239590",942
"ENSG00000239593",1285
"ENSG00000239595",290
"ENSG00000239600",387
"ENSG00000239602",321
"ENSG00000239605",3203
"ENSG00000239607",276
"ENSG00000239608",588
"ENSG00000239614",313
"ENSG00000239615",436
"ENSG00000239617",396
"ENSG00000239620",1085
"ENSG00000239622",380
"ENSG00000239625",236
"ENSG00000239626",860
"ENSG00000239627",479
"ENSG00000239628",469
"ENSG00000239632",276
"ENSG00000239636",1115
"ENSG00000239640",297
"ENSG00000239641",524
"ENSG00000239642",1674
"ENSG00000239648",952
"ENSG00000239649",951
"ENSG00000239650",672
"ENSG00000239653",2456
"ENSG00000239659",578
"ENSG00000239661",493
"ENSG00000239670",863
"ENSG00000239671",345
"ENSG00000239672",3415
"ENSG00000239677",3474
"ENSG00000239679",276
"ENSG00000239683",672
"ENSG00000239684",252
"ENSG00000239686",348
"ENSG00000239689",544
"ENSG00000239690",303
"ENSG00000239694",881
"ENSG00000239696",1441
"ENSG00000239697",4562
"ENSG00000239699",974
"ENSG00000239701",291
"ENSG00000239702",296
"ENSG00000239703",298
"ENSG00000239704",2744
"ENSG00000239705",2619
"ENSG00000239706",596
"ENSG00000239708",294
"ENSG00000239710",288
"ENSG00000239713",5375
"ENSG00000239715",568
"ENSG00000239716",466
"ENSG00000239718",415
"ENSG00000239719",181
"ENSG00000239722",475
"ENSG00000239726",275
"ENSG00000239731",295
"ENSG00000239732",3352
"ENSG00000239736",638
"ENSG00000239739",263
"ENSG00000239742",317
"ENSG00000239744",304
"ENSG00000239745",298
"ENSG00000239748",282
"ENSG00000239763",473
"ENSG00000239767",2289
"ENSG00000239774",3001
"ENSG00000239775",708
"ENSG00000239779",2367
"ENSG00000239780",909
"ENSG00000239783",372
"ENSG00000239789",2100
"ENSG00000239791",2294
"ENSG00000239792",555
"ENSG00000239793",252
"ENSG00000239794",293
"ENSG00000239797",483
"ENSG00000239799",395
"ENSG00000239804",259
"ENSG00000239805",360
"ENSG00000239808",296
"ENSG00000239809",348
"ENSG00000239810",1845
"ENSG00000239819",534
"ENSG00000239820",317
"ENSG00000239821",298
"ENSG00000239822",266
"ENSG00000239823",106
"ENSG00000239825",282
"ENSG00000239827",383
"ENSG00000239828",6078
"ENSG00000239829",1456
"ENSG00000239830",780
"ENSG00000239831",342
"ENSG00000239835",1129
"ENSG00000239839",494
"ENSG00000239840",435
"ENSG00000239855",380
"ENSG00000239856",298
"ENSG00000239857",5390
"ENSG00000239861",476
"ENSG00000239862",398
"ENSG00000239868",270
"ENSG00000239870",477
"ENSG00000239872",329
"ENSG00000239873",1020
"ENSG00000239877",1605
"ENSG00000239880",1953
"ENSG00000239881",248
"ENSG00000239883",2286
"ENSG00000239884",279
"ENSG00000239886",1005
"ENSG00000239887",4313
"ENSG00000239888",305
"ENSG00000239893",1345
"ENSG00000239899",275
"ENSG00000239900",12109
"ENSG00000239906",323
"ENSG00000239908",281
"ENSG00000239910",298
"ENSG00000239911",3230
"ENSG00000239912",156
"ENSG00000239917",496
"ENSG00000239919",227
"ENSG00000239920",5265
"ENSG00000239921",8609
"ENSG00000239922",4065
"ENSG00000239923",285
"ENSG00000239924",459
"ENSG00000239926",747
"ENSG00000239930",449
"ENSG00000239932",293
"ENSG00000239939",736
"ENSG00000239941",7980
"ENSG00000239942",291
"ENSG00000239944",270
"ENSG00000239945",1319
"ENSG00000239946",464
"ENSG00000239948",277
"ENSG00000239951",400
"ENSG00000239953",299
"ENSG00000239958",285
"ENSG00000239959",943
"ENSG00000239961",2183
"ENSG00000239964",311
"ENSG00000239967",105
"ENSG00000239969",250
"ENSG00000239975",440
"ENSG00000239978",904
"ENSG00000239981",900
"ENSG00000239983",353
"ENSG00000239984",298
"ENSG00000239985",194
"ENSG00000239986",330
"ENSG00000239988",367
"ENSG00000239989",391
"ENSG00000239991",951
"ENSG00000239992",316
"ENSG00000239994",584
"ENSG00000239995",498
"ENSG00000239997",590
"ENSG00000239998",5349
"ENSG00000240002",909
"ENSG00000240003",752
"ENSG00000240005",1069
"ENSG00000240006",5032
"ENSG00000240012",518
"ENSG00000240014",284
"ENSG00000240015",621
"ENSG00000240021",4007
"ENSG00000240023",949
"ENSG00000240024",421
"ENSG00000240027",255
"ENSG00000240031",878
"ENSG00000240032",709
"ENSG00000240033",789
"ENSG00000240034",263
"ENSG00000240036",376
"ENSG00000240038",7491
"ENSG00000240040",705
"ENSG00000240041",46
"ENSG00000240043",239
"ENSG00000240045",783
"ENSG00000240047",766
"ENSG00000240048",2193
"ENSG00000240051",466
"ENSG00000240052",437
"ENSG00000240053",3222
"ENSG00000240056",288
"ENSG00000240057",9693
"ENSG00000240058",961
"ENSG00000240063",3017
"ENSG00000240065",4221
"ENSG00000240068",464
"ENSG00000240069",931
"ENSG00000240074",574
"ENSG00000240083",769
"ENSG00000240084",291
"ENSG00000240086",11640
"ENSG00000240087",888
"ENSG00000240089",932
"ENSG00000240093",3854
"ENSG00000240095",569
"ENSG00000240096",542
"ENSG00000240097",1258
"ENSG00000240098",248
"ENSG00000240100",316
"ENSG00000240103",2247
"ENSG00000240106",297
"ENSG00000240107",1853
"ENSG00000240108",291
"ENSG00000240116",251
"ENSG00000240121",246
"ENSG00000240122",397
"ENSG00000240125",451
"ENSG00000240128",1281
"ENSG00000240131",156
"ENSG00000240132",1586
"ENSG00000240135",1366
"ENSG00000240137",7552
"ENSG00000240138",1307
"ENSG00000240143",326
"ENSG00000240151",288
"ENSG00000240152",829
"ENSG00000240156",228
"ENSG00000240159",822
"ENSG00000240160",290
"ENSG00000240163",312
"ENSG00000240167",571
"ENSG00000240173",298
"ENSG00000240174",573
"ENSG00000240175",591
"ENSG00000240179",453
"ENSG00000240180",489
"ENSG00000240183",293
"ENSG00000240184",5430
"ENSG00000240186",297
"ENSG00000240189",299
"ENSG00000240194",1263
"ENSG00000240197",170
"ENSG00000240198",864
"ENSG00000240199",286
"ENSG00000240201",745
"ENSG00000240202",294
"ENSG00000240203",303
"ENSG00000240204",969
"ENSG00000240205",289
"ENSG00000240207",6734
"ENSG00000240210",801
"ENSG00000240211",1508
"ENSG00000240215",374
"ENSG00000240216",3407
"ENSG00000240219",2219
"ENSG00000240225",1305
"ENSG00000240230",6715
"ENSG00000240231",252
"ENSG00000240233",281
"ENSG00000240235",280
"ENSG00000240236",1133
"ENSG00000240237",471
"ENSG00000240238",479
"ENSG00000240241",1263
"ENSG00000240244",1013
"ENSG00000240246",231
"ENSG00000240247",494
"ENSG00000240250",283
"ENSG00000240253",604
"ENSG00000240254",574
"ENSG00000240255",1319
"ENSG00000240265",1030
"ENSG00000240268",1590
"ENSG00000240270",495
"ENSG00000240271",462
"ENSG00000240280",1702
"ENSG00000240281",532
"ENSG00000240286",327
"ENSG00000240288",3166
"ENSG00000240291",1997
"ENSG00000240294",291
"ENSG00000240296",649
"ENSG00000240298",321
"ENSG00000240299",303
"ENSG00000240302",297
"ENSG00000240303",5033
"ENSG00000240305",838
"ENSG00000240306",293
"ENSG00000240309",1384
"ENSG00000240311",568
"ENSG00000240317",286
"ENSG00000240320",170
"ENSG00000240322",299
"ENSG00000240327",293
"ENSG00000240328",342
"ENSG00000240338",338
"ENSG00000240342",879
"ENSG00000240344",4391
"ENSG00000240347",292
"ENSG00000240350",1886
"ENSG00000240354",1125
"ENSG00000240356",469
"ENSG00000240359",231
"ENSG00000240361",939
"ENSG00000240364",332
"ENSG00000240366",318
"ENSG00000240370",618
"ENSG00000240371",789
"ENSG00000240373",346
"ENSG00000240374",303
"ENSG00000240375",979
"ENSG00000240376",629
"ENSG00000240382",378
"ENSG00000240385",171
"ENSG00000240386",726
"ENSG00000240388",457
"ENSG00000240392",575
"ENSG00000240393",803
"ENSG00000240395",868
"ENSG00000240399",283
"ENSG00000240403",1879
"ENSG00000240404",286
"ENSG00000240405",17983
"ENSG00000240409",207
"ENSG00000240411",790
"ENSG00000240412",897
"ENSG00000240416",315
"ENSG00000240418",893
"ENSG00000240419",347
"ENSG00000240423",4019
"ENSG00000240424",576
"ENSG00000240426",319
"ENSG00000240427",349
"ENSG00000240429",2246
"ENSG00000240432",547
"ENSG00000240435",337
"ENSG00000240436",321
"ENSG00000240438",2826
"ENSG00000240439",291
"ENSG00000240441",535
"ENSG00000240443",463
"ENSG00000240445",6240
"ENSG00000240449",2008
"ENSG00000240450",795
"ENSG00000240452",288
"ENSG00000240454",158
"ENSG00000240457",293
"ENSG00000240458",153
"ENSG00000240459",394
"ENSG00000240463",441
"ENSG00000240470",294
"ENSG00000240471",725
"ENSG00000240474",305
"ENSG00000240476",11909
"ENSG00000240477",728
"ENSG00000240478",477
"ENSG00000240480",460
"ENSG00000240481",296
"ENSG00000240484",348
"ENSG00000240486",419
"ENSG00000240487",1624
"ENSG00000240489",873
"ENSG00000240490",288
"ENSG00000240494",427
"ENSG00000240497",4336
"ENSG00000240498",23848
"ENSG00000240499",3458
"ENSG00000240502",287
"ENSG00000240505",3554
"ENSG00000240509",354
"ENSG00000240511",317
"ENSG00000240513",201
"ENSG00000240518",316
"ENSG00000240519",351
"ENSG00000240520",915
"ENSG00000240521",1414
"ENSG00000240522",791
"ENSG00000240527",587
"ENSG00000240531",407
"ENSG00000240533",272
"ENSG00000240534",347
"ENSG00000240535",4140
"ENSG00000240540",1183
"ENSG00000240541",3287
"ENSG00000240542",753
"ENSG00000240545",295
"ENSG00000240549",673
"ENSG00000240553",666
"ENSG00000240554",802
"ENSG00000240562",908
"ENSG00000240563",4367
"ENSG00000240566",727
"ENSG00000240567",2845
"ENSG00000240568",183
"ENSG00000240571",575
"ENSG00000240572",176
"ENSG00000240573",554
"ENSG00000240577",293
"ENSG00000240578",337
"ENSG00000240579",637
"ENSG00000240583",3261
"ENSG00000240584",290
"ENSG00000240589",300
"ENSG00000240590",889
"ENSG00000240591",2258
"ENSG00000240596",538
"ENSG00000240601",532
"ENSG00000240602",1193
"ENSG00000240606",250
"ENSG00000240611",836
"ENSG00000240613",300
"ENSG00000240616",748
"ENSG00000240621",403
"ENSG00000240622",712
"ENSG00000240624",536
"ENSG00000240625",305
"ENSG00000240626",262
"ENSG00000240627",482
"ENSG00000240631",353
"ENSG00000240632",4784
"ENSG00000240634",694
"ENSG00000240637",299
"ENSG00000240639",304
"ENSG00000240641",287
"ENSG00000240647",281
"ENSG00000240651",306
"ENSG00000240652",345
"ENSG00000240654",1891
"ENSG00000240661",651
"ENSG00000240663",281
"ENSG00000240665",133
"ENSG00000240666",828
"ENSG00000240667",568
"ENSG00000240668",1440
"ENSG00000240669",459
"ENSG00000240671",398
"ENSG00000240673",501
"ENSG00000240674",480
"ENSG00000240677",453
"ENSG00000240680",307
"ENSG00000240682",3872
"ENSG00000240687",8750
"ENSG00000240692",304
"ENSG00000240694",5564
"ENSG00000240695",730
"ENSG00000240698",668
"ENSG00000240704",1048
"ENSG00000240707",6159
"ENSG00000240708",4209
"ENSG00000240710",683
"ENSG00000240713",223
"ENSG00000240718",303
"ENSG00000240720",4450
"ENSG00000240721",795
"ENSG00000240723",282
"ENSG00000240724",385
"ENSG00000240729",476
"ENSG00000240731",386
"ENSG00000240733",290
"ENSG00000240738",744
"ENSG00000240739",315
"ENSG00000240747",2669
"ENSG00000240750",297
"ENSG00000240751",1053
"ENSG00000240752",401
"ENSG00000240755",578
"ENSG00000240758",871
"ENSG00000240759",252
"ENSG00000240760",368
"ENSG00000240761",641
"ENSG00000240764",5026
"ENSG00000240766",491
"ENSG00000240767",291
"ENSG00000240770",1002
"ENSG00000240771",3391
"ENSG00000240772",268
"ENSG00000240774",357
"ENSG00000240775",348
"ENSG00000240776",495
"ENSG00000240777",553
"ENSG00000240785",323
"ENSG00000240787",417
"ENSG00000240790",1544
"ENSG00000240791",294
"ENSG00000240792",1049
"ENSG00000240793",384
"ENSG00000240796",351
"ENSG00000240801",373
"ENSG00000240803",272
"ENSG00000240804",840
"ENSG00000240808",290
"ENSG00000240809",1411
"ENSG00000240813",476
"ENSG00000240821",579
"ENSG00000240823",275
"ENSG00000240824",343
"ENSG00000240827",554
"ENSG00000240828",479
"ENSG00000240837",294
"ENSG00000240842",505
"ENSG00000240846",319
"ENSG00000240847",301
"ENSG00000240849",7931
"ENSG00000240853",300
"ENSG00000240854",1310
"ENSG00000240857",1586
"ENSG00000240859",7334
"ENSG00000240861",496
"ENSG00000240863",269
"ENSG00000240864",378
"ENSG00000240868",470
"ENSG00000240869",305
"ENSG00000240870",574
"ENSG00000240871",995
"ENSG00000240873",168
"ENSG00000240874",429
"ENSG00000240877",297
"ENSG00000240881",881
"ENSG00000240882",1227
"ENSG00000240888",441
"ENSG00000240889",1674
"ENSG00000240890",2247
"ENSG00000240891",8985
"ENSG00000240893",2071
"ENSG00000240895",801
"ENSG00000240898",483
"ENSG00000240902",539
"ENSG00000240905",301
"ENSG00000240912",380
"ENSG00000240914",615
"ENSG00000240915",550
"ENSG00000240919",478
"ENSG00000240922",1791
"ENSG00000240925",332
"ENSG00000240927",276
"ENSG00000240934",413
"ENSG00000240935",449
"ENSG00000240936",292
"ENSG00000240940",292
"ENSG00000240950",633
"ENSG00000240951",685
"ENSG00000240954",1278
"ENSG00000240959",734
"ENSG00000240960",166
"ENSG00000240961",289
"ENSG00000240963",642
"ENSG00000240964",284
"ENSG00000240966",292
"ENSG00000240970",435
"ENSG00000240972",730
"ENSG00000240973",1311
"ENSG00000240974",208
"ENSG00000240975",515
"ENSG00000240977",303
"ENSG00000240980",546
"ENSG00000240983",249
"ENSG00000240990",3128
"ENSG00000240991",474
"ENSG00000240992",423
"ENSG00000240993",302
"ENSG00000240995",468
"ENSG00000240997",298
"ENSG00000241002",435
"ENSG00000241003",383
"ENSG00000241007",1143
"ENSG00000241008",711
"ENSG00000241011",357
"ENSG00000241014",926
"ENSG00000241015",745
"ENSG00000241018",1487
"ENSG00000241020",400
"ENSG00000241022",1083
"ENSG00000241026",483
"ENSG00000241030",453
"ENSG00000241032",300
"ENSG00000241035",358
"ENSG00000241037",304
"ENSG00000241042",3444
"ENSG00000241045",753
"ENSG00000241048",1052
"ENSG00000241052",460
"ENSG00000241054",564
"ENSG00000241057",1148
"ENSG00000241058",3463
"ENSG00000241059",647
"ENSG00000241061",894
"ENSG00000241064",283
"ENSG00000241067",413
"ENSG00000241069",156
"ENSG00000241073",384
"ENSG00000241074",283
"ENSG00000241081",374
"ENSG00000241082",253
"ENSG00000241088",550
"ENSG00000241095",1507
"ENSG00000241097",319
"ENSG00000241098",9478
"ENSG00000241101",496
"ENSG00000241102",359
"ENSG00000241103",331
"ENSG00000241104",496
"ENSG00000241105",568
"ENSG00000241106",1968
"ENSG00000241111",11262
"ENSG00000241112",428
"ENSG00000241114",307
"ENSG00000241119",2371
"ENSG00000241120",288
"ENSG00000241123",1150
"ENSG00000241127",2560
"ENSG00000241128",1791
"ENSG00000241129",373
"ENSG00000241130",282
"ENSG00000241131",5373
"ENSG00000241134",359
"ENSG00000241135",21758
"ENSG00000241136",1280
"ENSG00000241143",407
"ENSG00000241144",300
"ENSG00000241146",957
"ENSG00000241149",3429
"ENSG00000241151",2137
"ENSG00000241152",304
"ENSG00000241155",1715
"ENSG00000241156",279
"ENSG00000241157",360
"ENSG00000241158",7003
"ENSG00000241159",284
"ENSG00000241162",308
"ENSG00000241163",19922
"ENSG00000241168",1834
"ENSG00000241169",428
"ENSG00000241170",379
"ENSG00000241172",302
"ENSG00000241174",292
"ENSG00000241175",304
"ENSG00000241179",355
"ENSG00000241183",496
"ENSG00000241185",485
"ENSG00000241186",2489
"ENSG00000241187",464
"ENSG00000241188",291
"ENSG00000241198",305
"ENSG00000241200",820
"ENSG00000241202",431
"ENSG00000241203",339
"ENSG00000241204",452
"ENSG00000241207",284
"ENSG00000241211",728
"ENSG00000241213",3427
"ENSG00000241216",301
"ENSG00000241217",297
"ENSG00000241218",1368
"ENSG00000241219",4070
"ENSG00000241220",2141
"ENSG00000241221",293
"ENSG00000241223",297
"ENSG00000241224",3434
"ENSG00000241225",69
"ENSG00000241226",296
"ENSG00000241227",298
"ENSG00000241228",450
"ENSG00000241229",290
"ENSG00000241230",302
"ENSG00000241231",7613
"ENSG00000241233",1185
"ENSG00000241241",708
"ENSG00000241243",285
"ENSG00000241244",378
"ENSG00000241246",300
"ENSG00000241248",296
"ENSG00000241250",555
"ENSG00000241251",478
"ENSG00000241255",402
"ENSG00000241257",188
"ENSG00000241258",3540
"ENSG00000241261",552
"ENSG00000241269",583
"ENSG00000241278",1086
"ENSG00000241281",378
"ENSG00000241282",334
"ENSG00000241286",850
"ENSG00000241288",12573
"ENSG00000241291",295
"ENSG00000241293",1547
"ENSG00000241294",390
"ENSG00000241295",372
"ENSG00000241305",1043
"ENSG00000241307",601
"ENSG00000241313",2624
"ENSG00000241316",11556
"ENSG00000241318",928
"ENSG00000241319",568
"ENSG00000241322",8980
"ENSG00000241324",5222
"ENSG00000241326",436
"ENSG00000241328",1321
"ENSG00000241333",276
"ENSG00000241334",334
"ENSG00000241336",1607
"ENSG00000241343",3965
"ENSG00000241344",477
"ENSG00000241345",2064
"ENSG00000241346",205
"ENSG00000241347",295
"ENSG00000241350",574
"ENSG00000241351",392
"ENSG00000241352",759
"ENSG00000241353",595
"ENSG00000241354",388
"ENSG00000241356",944
"ENSG00000241357",333
"ENSG00000241358",637
"ENSG00000241359",3104
"ENSG00000241360",2205
"ENSG00000241361",1220
"ENSG00000241362",307
"ENSG00000241367",776
"ENSG00000241369",10861
"ENSG00000241370",1606
"ENSG00000241383",1194
"ENSG00000241385",517
"ENSG00000241388",4895
"ENSG00000241391",295
"ENSG00000241392",284
"ENSG00000241395",296
"ENSG00000241397",223
"ENSG00000241399",4077
"ENSG00000241400",362
"ENSG00000241404",2609
"ENSG00000241406",297
"ENSG00000241409",851
"ENSG00000241411",631
"ENSG00000241413",296
"ENSG00000241416",1010
"ENSG00000241418",511
"ENSG00000241420",293
"ENSG00000241423",488
"ENSG00000241429",1267
"ENSG00000241431",294
"ENSG00000241434",151
"ENSG00000241438",448
"ENSG00000241439",262
"ENSG00000241449",5814
"ENSG00000241451",241
"ENSG00000241456",564
"ENSG00000241457",450
"ENSG00000241458",618
"ENSG00000241461",300
"ENSG00000241462",383
"ENSG00000241464",153
"ENSG00000241468",2130
"ENSG00000241469",9693
"ENSG00000241472",13094
"ENSG00000241473",1069
"ENSG00000241476",1525
"ENSG00000241478",1943
"ENSG00000241479",535
"ENSG00000241484",4990
"ENSG00000241487",296
"ENSG00000241489",9702
"ENSG00000241490",4252
"ENSG00000241493",132
"ENSG00000241494",438
"ENSG00000241499",314
"ENSG00000241505",506
"ENSG00000241506",1320
"ENSG00000241511",396
"ENSG00000241524",266
"ENSG00000241525",1323
"ENSG00000241526",102
"ENSG00000241527",905
"ENSG00000241529",295
"ENSG00000241532",1213
"ENSG00000241535",561
"ENSG00000241537",933
"ENSG00000241539",436
"ENSG00000241542",299
"ENSG00000241544",3091
"ENSG00000241546",348
"ENSG00000241547",468
"ENSG00000241549",801
"ENSG00000241550",297
"ENSG00000241552",294
"ENSG00000241553",2607
"ENSG00000241556",465
"ENSG00000241560",6145
"ENSG00000241562",736
"ENSG00000241563",914
"ENSG00000241566",390
"ENSG00000241568",293
"ENSG00000241570",4421
"ENSG00000241571",1279
"ENSG00000241573",395
"ENSG00000241577",559
"ENSG00000241582",475
"ENSG00000241587",298
"ENSG00000241588",202
"ENSG00000241590",548
"ENSG00000241592",172
"ENSG00000241593",2519
"ENSG00000241595",967
"ENSG00000241596",562
"ENSG00000241597",579
"ENSG00000241598",1181
"ENSG00000241599",457
"ENSG00000241604",296
"ENSG00000241607",546
"ENSG00000241612",483
"ENSG00000241613",296
"ENSG00000241621",2049
"ENSG00000241622",481
"ENSG00000241625",291
"ENSG00000241627",1801
"ENSG00000241631",272
"ENSG00000241634",509
"ENSG00000241635",4446
"ENSG00000241640",467
"ENSG00000241641",431
"ENSG00000241644",3376
"ENSG00000241648",768
"ENSG00000241651",599
"ENSG00000241652",296
"ENSG00000241654",581
"ENSG00000241656",380
"ENSG00000241657",408
"ENSG00000241661",588
"ENSG00000241665",287
"ENSG00000241666",7797
"ENSG00000241667",749
"ENSG00000241668",589
"ENSG00000241669",535
"ENSG00000241671",567
"ENSG00000241673",258
"ENSG00000241678",479
"ENSG00000241679",2628
"ENSG00000241680",375
"ENSG00000241684",19915
"ENSG00000241685",2065
"ENSG00000241690",1866
"ENSG00000241693",274
"ENSG00000241695",521
"ENSG00000241696",4733
"ENSG00000241697",2575
"ENSG00000241709",300
"ENSG00000241717",2907
"ENSG00000241720",808
"ENSG00000241721",306
"ENSG00000241722",320
"ENSG00000241723",613
"ENSG00000241728",846
"ENSG00000241735",408
"ENSG00000241738",1951
"ENSG00000241739",480
"ENSG00000241741",796
"ENSG00000241743",348398
"ENSG00000241744",736
"ENSG00000241745",316
"ENSG00000241746",628
"ENSG00000241749",878
"ENSG00000241754",8074
"ENSG00000241755",409
"ENSG00000241756",297
"ENSG00000241757",298
"ENSG00000241764",4219
"ENSG00000241765",340
"ENSG00000241767",5371
"ENSG00000241769",3604
"ENSG00000241776",911
"ENSG00000241777",97
"ENSG00000241782",474
"ENSG00000241785",284
"ENSG00000241787",1367
"ENSG00000241788",230
"ENSG00000241789",287
"ENSG00000241790",1785
"ENSG00000241791",288
"ENSG00000241794",677
"ENSG00000241804",553
"ENSG00000241807",221
"ENSG00000241808",387
"ENSG00000241809",571
"ENSG00000241810",274
"ENSG00000241815",747
"ENSG00000241818",1029
"ENSG00000241821",295
"ENSG00000241825",679
"ENSG00000241828",328
"ENSG00000241829",464
"ENSG00000241832",2105
"ENSG00000241834",281
"ENSG00000241837",3170
"ENSG00000241838",1123
"ENSG00000241839",3721
"ENSG00000241846",153
"ENSG00000241852",3319
"ENSG00000241853",389
"ENSG00000241859",1816
"ENSG00000241860",14586
"ENSG00000241861",993
"ENSG00000241866",298
"ENSG00000241868",271
"ENSG00000241869",273
"ENSG00000241870",592
"ENSG00000241874",409
"ENSG00000241877",591
"ENSG00000241878",4791
"ENSG00000241879",268
"ENSG00000241881",930
"ENSG00000241882",545
"ENSG00000241884",2110
"ENSG00000241886",562
"ENSG00000241888",821
"ENSG00000241889",734
"ENSG00000241890",562
"ENSG00000241891",598
"ENSG00000241899",512
"ENSG00000241905",316
"ENSG00000241907",355
"ENSG00000241911",408
"ENSG00000241913",170
"ENSG00000241917",459
"ENSG00000241921",646
"ENSG00000241923",622
"ENSG00000241926",745
"ENSG00000241929",1020
"ENSG00000241932",324
"ENSG00000241933",2945
"ENSG00000241935",4148
"ENSG00000241939",305
"ENSG00000241941",403
"ENSG00000241942",340
"ENSG00000241943",285
"ENSG00000241945",6839
"ENSG00000241946",161
"ENSG00000241947",1046
"ENSG00000241950",442
"ENSG00000241954",444
"ENSG00000241956",16120
"ENSG00000241959",289
"ENSG00000241961",558
"ENSG00000241962",1993
"ENSG00000241963",298
"ENSG00000241964",278
"ENSG00000241965",580
"ENSG00000241973",11407
"ENSG00000241975",318
"ENSG00000241981",463
"ENSG00000241983",296
"ENSG00000241984",740
"ENSG00000241985",451
"ENSG00000241991",358
"ENSG00000241992",319
"ENSG00000241993",211
"ENSG00000241997",295
"ENSG00000242001",149
"ENSG00000242009",3251
"ENSG00000242012",1355
"ENSG00000242014",307
"ENSG00000242017",794
"ENSG00000242019",1824
"ENSG00000242020",310
"ENSG00000242028",7924
"ENSG00000242029",262
"ENSG00000242034",372
"ENSG00000242036",306
"ENSG00000242041",331
"ENSG00000242042",964
"ENSG00000242048",2390
"ENSG00000242049",2985
"ENSG00000242052",625
"ENSG00000242058",736
"ENSG00000242060",790
"ENSG00000242061",438
"ENSG00000242062",897
"ENSG00000242065",289
"ENSG00000242066",265
"ENSG00000242067",579
"ENSG00000242068",1165
"ENSG00000242070",602
"ENSG00000242071",801
"ENSG00000242072",737
"ENSG00000242073",523
"ENSG00000242076",382
"ENSG00000242078",305
"ENSG00000242079",297
"ENSG00000242080",300
"ENSG00000242082",6806
"ENSG00000242083",798
"ENSG00000242085",354
"ENSG00000242086",25580
"ENSG00000242087",306
"ENSG00000242088",252
"ENSG00000242094",3539
"ENSG00000242097",2265
"ENSG00000242100",620
"ENSG00000242101",298
"ENSG00000242102",298
"ENSG00000242103",950
"ENSG00000242104",1223
"ENSG00000242107",789
"ENSG00000242109",849
"ENSG00000242110",4335
"ENSG00000242111",2102
"ENSG00000242113",285
"ENSG00000242114",1604
"ENSG00000242118",296
"ENSG00000242119",168
"ENSG00000242120",3105
"ENSG00000242121",261
"ENSG00000242123",306
"ENSG00000242125",4088
"ENSG00000242134",709
"ENSG00000242135",451
"ENSG00000242136",2952
"ENSG00000242137",534
"ENSG00000242140",231
"ENSG00000242142",809
"ENSG00000242145",614
"ENSG00000242147",6710
"ENSG00000242151",270
"ENSG00000242152",947
"ENSG00000242153",2724
"ENSG00000242154",546
"ENSG00000242156",175
"ENSG00000242158",298
"ENSG00000242159",1867
"ENSG00000242162",442
"ENSG00000242163",401
"ENSG00000242165",299
"ENSG00000242169",649
"ENSG00000242170",299
"ENSG00000242173",1848
"ENSG00000242175",300
"ENSG00000242176",155
"ENSG00000242178",350
"ENSG00000242182",299
"ENSG00000242190",376
"ENSG00000242193",1047
"ENSG00000242195",1192
"ENSG00000242197",292
"ENSG00000242198",347
"ENSG00000242199",337
"ENSG00000242201",298
"ENSG00000242206",346
"ENSG00000242207",669
"ENSG00000242208",894
"ENSG00000242209",405
"ENSG00000242214",339
"ENSG00000242216",299
"ENSG00000242220",11573
"ENSG00000242221",2833
"ENSG00000242222",277
"ENSG00000242229",780
"ENSG00000242236",287
"ENSG00000242241",296
"ENSG00000242242",10125
"ENSG00000242244",410
"ENSG00000242246",201
"ENSG00000242247",3273
"ENSG00000242248",784
"ENSG00000242251",297
"ENSG00000242252",964
"ENSG00000242255",156
"ENSG00000242256",290
"ENSG00000242258",2463
"ENSG00000242259",6504
"ENSG00000242261",1030
"ENSG00000242262",616
"ENSG00000242265",6689
"ENSG00000242266",295
"ENSG00000242267",817
"ENSG00000242268",3187
"ENSG00000242272",405
"ENSG00000242276",889
"ENSG00000242278",781
"ENSG00000242279",794
"ENSG00000242280",1510
"ENSG00000242281",292
"ENSG00000242282",1694
"ENSG00000242285",843
"ENSG00000242288",3810
"ENSG00000242290",1855
"ENSG00000242291",318
"ENSG00000242292",156
"ENSG00000242293",159
"ENSG00000242294",179
"ENSG00000242295",340
"ENSG00000242296",264
"ENSG00000242299",459
"ENSG00000242307",348
"ENSG00000242308",159
"ENSG00000242314",494
"ENSG00000242315",298
"ENSG00000242317",563
"ENSG00000242318",474
"ENSG00000242320",478
"ENSG00000242321",390
"ENSG00000242324",1720
"ENSG00000242325",398
"ENSG00000242326",508
"ENSG00000242327",453
"ENSG00000242329",276
"ENSG00000242330",270
"ENSG00000242337",1573
"ENSG00000242338",1332
"ENSG00000242339",481
"ENSG00000242341",297
"ENSG00000242348",281
"ENSG00000242352",2544
"ENSG00000242353",499
"ENSG00000242358",248
"ENSG00000242360",289
"ENSG00000242362",1298
"ENSG00000242364",409
"ENSG00000242365",342
"ENSG00000242366",2409
"ENSG00000242370",456
"ENSG00000242371",398
"ENSG00000242372",1637
"ENSG00000242381",289
"ENSG00000242385",1452
"ENSG00000242387",370
"ENSG00000242389",1896
"ENSG00000242390",859
"ENSG00000242391",380
"ENSG00000242393",717
"ENSG00000242398",280
"ENSG00000242399",354
"ENSG00000242405",511
"ENSG00000242407",532
"ENSG00000242411",610
"ENSG00000242412",253
"ENSG00000242417",552
"ENSG00000242419",4970
"ENSG00000242423",478
"ENSG00000242428",4508
"ENSG00000242430",272
"ENSG00000242431",505
"ENSG00000242435",509
"ENSG00000242436",293
"ENSG00000242439",418
"ENSG00000242440",3776
"ENSG00000242441",2052
"ENSG00000242444",555
"ENSG00000242445",799
"ENSG00000242456",766
"ENSG00000242457",1264
"ENSG00000242461",374
"ENSG00000242472",49
"ENSG00000242473",1331
"ENSG00000242474",5044
"ENSG00000242477",651
"ENSG00000242479",2048
"ENSG00000242482",299
"ENSG00000242483",281
"ENSG00000242485",2767
"ENSG00000242488",958
"ENSG00000242493",307
"ENSG00000242498",8590
"ENSG00000242507",644
"ENSG00000242509",304
"ENSG00000242510",381
"ENSG00000242512",22414
"ENSG00000242515",3158
"ENSG00000242516",6653
"ENSG00000242520",942
"ENSG00000242522",590
"ENSG00000242524",960
"ENSG00000242525",1015
"ENSG00000242527",279
"ENSG00000242529",209
"ENSG00000242531",131
"ENSG00000242534",396
"ENSG00000242536",2211
"ENSG00000242537",2127
"ENSG00000242539",1941
"ENSG00000242540",2481
"ENSG00000242545",698
"ENSG00000242547",289
"ENSG00000242550",2155
"ENSG00000242551",990
"ENSG00000242552",443
"ENSG00000242553",9380
"ENSG00000242559",295
"ENSG00000242560",297
"ENSG00000242561",299
"ENSG00000242562",1330
"ENSG00000242565",298
"ENSG00000242568",2099
"ENSG00000242571",483
"ENSG00000242573",893
"ENSG00000242574",4613
"ENSG00000242575",1281
"ENSG00000242578",664
"ENSG00000242580",532
"ENSG00000242583",708
"ENSG00000242586",225
"ENSG00000242588",19922
"ENSG00000242590",402
"ENSG00000242593",23442
"ENSG00000242595",434
"ENSG00000242598",521
"ENSG00000242599",237
"ENSG00000242600",758
"ENSG00000242602",318
"ENSG00000242607",781
"ENSG00000242608",428
"ENSG00000242609",838
"ENSG00000242610",886
"ENSG00000242611",2401
"ENSG00000242612",4014
"ENSG00000242613",308
"ENSG00000242614",303
"ENSG00000242615",523
"ENSG00000242616",1201
"ENSG00000242618",969
"ENSG00000242622",5602
"ENSG00000242628",5065
"ENSG00000242634",392
"ENSG00000242635",448
"ENSG00000242636",478
"ENSG00000242638",295
"ENSG00000242640",171
"ENSG00000242641",8732
"ENSG00000242650",266
"ENSG00000242651",298
"ENSG00000242653",296
"ENSG00000242654",378
"ENSG00000242657",309
"ENSG00000242659",303
"ENSG00000242660",156
"ENSG00000242661",781
"ENSG00000242667",498
"ENSG00000242668",329
"ENSG00000242670",347
"ENSG00000242671",4232
"ENSG00000242673",302
"ENSG00000242675",427
"ENSG00000242683",518
"ENSG00000242686",2353
"ENSG00000242688",301
"ENSG00000242689",1902
"ENSG00000242692",471
"ENSG00000242696",342
"ENSG00000242697",851
"ENSG00000242699",297
"ENSG00000242703",1558
"ENSG00000242705",2787
"ENSG00000242706",438
"ENSG00000242707",267
"ENSG00000242709",330
"ENSG00000242715",8837
"ENSG00000242719",282
"ENSG00000242727",412
"ENSG00000242728",272
"ENSG00000242729",553
"ENSG00000242731",853
"ENSG00000242732",4806
"ENSG00000242735",741
"ENSG00000242736",284
"ENSG00000242737",359
"ENSG00000242741",1880
"ENSG00000242747",476
"ENSG00000242748",467
"ENSG00000242752",72
"ENSG00000242756",331
"ENSG00000242757",451
"ENSG00000242759",18617
"ENSG00000242764",297
"ENSG00000242766",532
"ENSG00000242767",675
"ENSG00000242768",359
"ENSG00000242769",298
"ENSG00000242770",826
"ENSG00000242771",273
"ENSG00000242775",3805
"ENSG00000242779",1966
"ENSG00000242781",2332
"ENSG00000242790",444
"ENSG00000242791",1276
"ENSG00000242793",479
"ENSG00000242794",280
"ENSG00000242795",513
"ENSG00000242797",1883
"ENSG00000242798",778
"ENSG00000242802",8398
"ENSG00000242807",433
"ENSG00000242808",39096
"ENSG00000242810",371
"ENSG00000242811",299
"ENSG00000242814",406
"ENSG00000242816",2565
"ENSG00000242818",292
"ENSG00000242828",5699
"ENSG00000242829",348
"ENSG00000242834",791
"ENSG00000242836",781
"ENSG00000242837",481
"ENSG00000242841",1338
"ENSG00000242849",1078
"ENSG00000242850",445
"ENSG00000242852",5695
"ENSG00000242853",290
"ENSG00000242854",490
"ENSG00000242855",290
"ENSG00000242856",910
"ENSG00000242858",602
"ENSG00000242860",294
"ENSG00000242861",348
"ENSG00000242863",319
"ENSG00000242865",297
"ENSG00000242866",8102
"ENSG00000242875",1921
"ENSG00000242876",279
"ENSG00000242880",11176
"ENSG00000242882",893
"ENSG00000242887",49
"ENSG00000242888",814
"ENSG00000242889",286
"ENSG00000242893",297
"ENSG00000242894",292
"ENSG00000242899",738
"ENSG00000242902",559
"ENSG00000242908",1227
"ENSG00000242911",361
"ENSG00000242912",298
"ENSG00000242915",106
"ENSG00000242922",478
"ENSG00000242925",520
"ENSG00000242928",303
"ENSG00000242931",708
"ENSG00000242936",342
"ENSG00000242941",494
"ENSG00000242943",582
"ENSG00000242945",472
"ENSG00000242948",336
"ENSG00000242950",6130
"ENSG00000242951",402
"ENSG00000242952",887
"ENSG00000242953",133
"ENSG00000242958",316
"ENSG00000242960",550
"ENSG00000242963",351
"ENSG00000242968",709
"ENSG00000242970",345
"ENSG00000242971",277
"ENSG00000242973",945
"ENSG00000242976",299
"ENSG00000242978",489
"ENSG00000242979",392
"ENSG00000242983",1045
"ENSG00000242985",298
"ENSG00000242986",423
"ENSG00000242989",254
"ENSG00000242990",586
"ENSG00000242991",745
"ENSG00000242992",553
"ENSG00000242993",406
"ENSG00000242995",321
"ENSG00000242998",293
"ENSG00000242999",300
"ENSG00000243004",8953
"ENSG00000243005",269
"ENSG00000243007",496
"ENSG00000243008",6759
"ENSG00000243011",289
"ENSG00000243014",342
"ENSG00000243015",282
"ENSG00000243016",688
"ENSG00000243018",911
"ENSG00000243020",744
"ENSG00000243022",727
"ENSG00000243023",382
"ENSG00000243024",465
"ENSG00000243025",819
"ENSG00000243027",294
"ENSG00000243029",296
"ENSG00000243033",999
"ENSG00000243035",276
"ENSG00000243038",713
"ENSG00000243040",1263
"ENSG00000243044",166
"ENSG00000243048",549
"ENSG00000243049",342
"ENSG00000243050",337
"ENSG00000243051",305
"ENSG00000243053",379
"ENSG00000243055",651
"ENSG00000243056",693
"ENSG00000243058",156
"ENSG00000243059",296
"ENSG00000243062",2098
"ENSG00000243063",445
"ENSG00000243064",3842
"ENSG00000243066",300
"ENSG00000243069",10670
"ENSG00000243071",480
"ENSG00000243072",209
"ENSG00000243073",1840
"ENSG00000243075",288
"ENSG00000243081",5162
"ENSG00000243083",13237
"ENSG00000243085",202
"ENSG00000243089",6359
"ENSG00000243094",404
"ENSG00000243095",1164
"ENSG00000243099",543
"ENSG00000243101",726
"ENSG00000243103",291
"ENSG00000243104",288
"ENSG00000243107",1589
"ENSG00000243115",295
"ENSG00000243116",878
"ENSG00000243122",413
"ENSG00000243124",291
"ENSG00000243125",297
"ENSG00000243129",347
"ENSG00000243130",4994
"ENSG00000243136",269
"ENSG00000243137",6274
"ENSG00000243141",479
"ENSG00000243144",3186
"ENSG00000243147",1532
"ENSG00000243149",1011
"ENSG00000243150",2402
"ENSG00000243154",768
"ENSG00000243155",2424
"ENSG00000243156",22444
"ENSG00000243160",792
"ENSG00000243164",374
"ENSG00000243165",194
"ENSG00000243167",498
"ENSG00000243171",536
"ENSG00000243173",285
"ENSG00000243175",869
"ENSG00000243181",475
"ENSG00000243187",571
"ENSG00000243188",924
"ENSG00000243193",3083
"ENSG00000243195",252
"ENSG00000243197",3324
"ENSG00000243199",870
"ENSG00000243207",2661
"ENSG00000243224",1602
"ENSG00000243225",463
"ENSG00000243227",297
"ENSG00000243230",535
"ENSG00000243232",6162
"ENSG00000243234",602
"ENSG00000243236",611
"ENSG00000243238",390
"ENSG00000243243",917
"ENSG00000243244",7709
"ENSG00000243250",655
"ENSG00000243254",299
"ENSG00000243256",348
"ENSG00000243257",189
"ENSG00000243260",299
"ENSG00000243264",390
"ENSG00000243265",452
"ENSG00000243267",280
"ENSG00000243273",986
"ENSG00000243274",295
"ENSG00000243276",7426
"ENSG00000243279",1662
"ENSG00000243280",313
"ENSG00000243284",1818
"ENSG00000243287",395
"ENSG00000243289",2061
"ENSG00000243290",398
"ENSG00000243295",7435
"ENSG00000243296",1270
"ENSG00000243297",376
"ENSG00000243302",1150
"ENSG00000243303",348
"ENSG00000243304",796
"ENSG00000243305",867
"ENSG00000243307",1826
"ENSG00000243312",861
"ENSG00000243313",264
"ENSG00000243314",374
"ENSG00000243316",3222
"ENSG00000243317",4934
"ENSG00000243319",2379
"ENSG00000243321",1971
"ENSG00000243323",5067
"ENSG00000243328",344
"ENSG00000243333",289
"ENSG00000243335",6560
"ENSG00000243338",295
"ENSG00000243339",297
"ENSG00000243345",1062
"ENSG00000243346",293
"ENSG00000243347",3395
"ENSG00000243349",5918
"ENSG00000243352",266
"ENSG00000243353",171
"ENSG00000243355",248
"ENSG00000243359",290
"ENSG00000243364",1257
"ENSG00000243365",296
"ENSG00000243366",299
"ENSG00000243368",765
"ENSG00000243370",336
"ENSG00000243373",292
"ENSG00000243374",269
"ENSG00000243378",358
"ENSG00000243383",283
"ENSG00000243384",350
"ENSG00000243385",584
"ENSG00000243388",1213
"ENSG00000243389",425
"ENSG00000243396",402
"ENSG00000243398",266
"ENSG00000243402",575
"ENSG00000243403",348
"ENSG00000243404",323
"ENSG00000243406",920
"ENSG00000243410",441
"ENSG00000243414",3398
"ENSG00000243415",807
"ENSG00000243417",777
"ENSG00000243420",298
"ENSG00000243422",468
"ENSG00000243423",271
"ENSG00000243424",283
"ENSG00000243426",243
"ENSG00000243429",907
"ENSG00000243431",891
"ENSG00000243433",511
"ENSG00000243437",295
"ENSG00000243438",519
"ENSG00000243439",277
"ENSG00000243445",420
"ENSG00000243446",275
"ENSG00000243449",532
"ENSG00000243455",454
"ENSG00000243466",532
"ENSG00000243468",846
"ENSG00000243469",749
"ENSG00000243477",2183
"ENSG00000243478",3284
"ENSG00000243479",2582
"ENSG00000243480",1599
"ENSG00000243483",425
"ENSG00000243485",1743
"ENSG00000243486",703
"ENSG00000243488",301
"ENSG00000243489",1237
"ENSG00000243491",3931
"ENSG00000243494",307
"ENSG00000243495",427
"ENSG00000243498",211
"ENSG00000243499",755
"ENSG00000243501",1636
"ENSG00000243503",436
"ENSG00000243504",432
"ENSG00000243505",286
"ENSG00000243507",347
"ENSG00000243508",713
"ENSG00000243509",1140
"ENSG00000243510",285
"ENSG00000243514",394
"ENSG00000243516",488
"ENSG00000243517",606
"ENSG00000243518",840
"ENSG00000243519",330
"ENSG00000243521",905
"ENSG00000243531",200
"ENSG00000243532",306
"ENSG00000243537",408
"ENSG00000243538",348
"ENSG00000243539",275
"ENSG00000243541",293
"ENSG00000243543",607
"ENSG00000243544",303
"ENSG00000243546",297
"ENSG00000243547",1386
"ENSG00000243548",279
"ENSG00000243549",294
"ENSG00000243550",7995
"ENSG00000243554",447
"ENSG00000243560",272
"ENSG00000243562",295
"ENSG00000243566",2564
"ENSG00000243568",796
"ENSG00000243572",474
"ENSG00000243574",1178
"ENSG00000243581",171
"ENSG00000243584",2426
"ENSG00000243591",297
"ENSG00000243592",553
"ENSG00000243593",5854
"ENSG00000243596",433
"ENSG00000243601",486
"ENSG00000243607",321
"ENSG00000243609",846
"ENSG00000243613",235
"ENSG00000243620",6897
"ENSG00000243621",169
"ENSG00000243627",2454
"ENSG00000243629",2510
"ENSG00000243633",294
"ENSG00000243635",567
"ENSG00000243636",3759
"ENSG00000243641",959
"ENSG00000243642",319
"ENSG00000243643",630
"ENSG00000243646",8025
"ENSG00000243648",498
"ENSG00000243649",5312
"ENSG00000243650",286
"ENSG00000243655",504
"ENSG00000243658",1703
"ENSG00000243659",282
"ENSG00000243660",5168
"ENSG00000243661",896
"ENSG00000243663",781
"ENSG00000243664",152
"ENSG00000243667",4066
"ENSG00000243669",358
"ENSG00000243671",278
"ENSG00000243672",781
"ENSG00000243674",955
"ENSG00000243675",323
"ENSG00000243678",2496
"ENSG00000243679",754
"ENSG00000243680",294
"ENSG00000243686",341
"ENSG00000243687",331
"ENSG00000243694",6213
"ENSG00000243695",720
"ENSG00000243696",6334
"ENSG00000243697",796
"ENSG00000243700",294
"ENSG00000243701",16147
"ENSG00000243702",290
"ENSG00000243704",299
"ENSG00000243705",153
"ENSG00000243708",4446
"ENSG00000243709",1891
"ENSG00000243710",5583
"ENSG00000243711",483
"ENSG00000243715",2669
"ENSG00000243716",12780
"ENSG00000243720",477
"ENSG00000243721",471
"ENSG00000243723",296
"ENSG00000243725",3488
"ENSG00000243729",2981
"ENSG00000243730",463
"ENSG00000243733",368
"ENSG00000243738",277
"ENSG00000243742",961
"ENSG00000243744",463
"ENSG00000243746",1390
"ENSG00000243749",1071
"ENSG00000243753",1011
"ENSG00000243758",339
"ENSG00000243759",1107
"ENSG00000243761",406
"ENSG00000243762",526
"ENSG00000243766",6301
"ENSG00000243770",315
"ENSG00000243771",477
"ENSG00000243772",1592
"ENSG00000243775",450
"ENSG00000243777",747
"ENSG00000243779",321
"ENSG00000243780",460
"ENSG00000243781",775
"ENSG00000243782",281
"ENSG00000243789",1964
"ENSG00000243792",822
"ENSG00000243794",210
"ENSG00000243795",2636
"ENSG00000243797",2872
"ENSG00000243799",827
"ENSG00000243801",282
"ENSG00000243802",362
"ENSG00000243806",734
"ENSG00000243810",568
"ENSG00000243811",2529
"ENSG00000243813",667
"ENSG00000243817",289
"ENSG00000243818",5877
"ENSG00000243819",1756
"ENSG00000243822",377
"ENSG00000243824",498
"ENSG00000243828",639
"ENSG00000243829",584
"ENSG00000243830",615
"ENSG00000243831",260
"ENSG00000243832",985
"ENSG00000243836",4405
"ENSG00000243838",1315
"ENSG00000243844",554
"ENSG00000243845",306
"ENSG00000243847",291
"ENSG00000243849",1417
"ENSG00000243853",345
"ENSG00000243854",296
"ENSG00000243855",392
"ENSG00000243856",298
"ENSG00000243859",877
"ENSG00000243861",279
"ENSG00000243864",803
"ENSG00000243870",284
"ENSG00000243871",344
"ENSG00000243872",297
"ENSG00000243873",576
"ENSG00000243877",577
"ENSG00000243883",287
"ENSG00000243885",1001
"ENSG00000243886",571
"ENSG00000243888",398
"ENSG00000243889",279
"ENSG00000243894",781
"ENSG00000243896",2152
"ENSG00000243900",295
"ENSG00000243902",2202
"ENSG00000243903",696
"ENSG00000243904",884
"ENSG00000243905",304
"ENSG00000243910",1687
"ENSG00000243911",242
"ENSG00000243914",878
"ENSG00000243915",2267
"ENSG00000243916",875
"ENSG00000243918",1826
"ENSG00000243920",331
"ENSG00000243925",388
"ENSG00000243926",11526
"ENSG00000243927",5687
"ENSG00000243929",294
"ENSG00000243930",395
"ENSG00000243939",416
"ENSG00000243943",4400
"ENSG00000243945",228
"ENSG00000243951",297
"ENSG00000243953",2654
"ENSG00000243954",298
"ENSG00000243955",1262
"ENSG00000243957",300
"ENSG00000243959",294
"ENSG00000243960",861
"ENSG00000243961",1036
"ENSG00000243964",468
"ENSG00000243967",1032
"ENSG00000243968",264
"ENSG00000243969",1040
"ENSG00000243970",680
"ENSG00000243974",700
"ENSG00000243976",298
"ENSG00000243977",707
"ENSG00000243978",5497
"ENSG00000243979",558
"ENSG00000243980",292
"ENSG00000243981",459
"ENSG00000243986",1224
"ENSG00000243988",423
"ENSG00000243989",4727
"ENSG00000243991",245
"ENSG00000243995",242
"ENSG00000244000",759
"ENSG00000244002",883
"ENSG00000244003",297
"ENSG00000244004",780
"ENSG00000244005",6023
"ENSG00000244006",298
"ENSG00000244009",806
"ENSG00000244018",372
"ENSG00000244019",870
"ENSG00000244020",339
"ENSG00000244021",481
"ENSG00000244024",878
"ENSG00000244025",552
"ENSG00000244026",995
"ENSG00000244031",777
"ENSG00000244033",303
"ENSG00000244034",289
"ENSG00000244036",2013
"ENSG00000244038",2721
"ENSG00000244039",1232
"ENSG00000244040",14519
"ENSG00000244041",2811
"ENSG00000244043",255
"ENSG00000244044",292
"ENSG00000244045",4559
"ENSG00000244048",458
"ENSG00000244050",277
"ENSG00000244052",885
"ENSG00000244053",530
"ENSG00000244055",6556
"ENSG00000244056",265
"ENSG00000244057",476
"ENSG00000244060",603
"ENSG00000244061",600
"ENSG00000244062",1917
"ENSG00000244065",841
"ENSG00000244066",279
"ENSG00000244067",1221
"ENSG00000244071",566
"ENSG00000244073",797
"ENSG00000244076",156
"ENSG00000244080",284
"ENSG00000244081",397
"ENSG00000244083",347
"ENSG00000244086",357
"ENSG00000244088",473
"ENSG00000244089",606
"ENSG00000244091",285
"ENSG00000244094",675
"ENSG00000244097",754
"ENSG00000244099",430
"ENSG00000244101",553
"ENSG00000244104",299
"ENSG00000244107",258
"ENSG00000244112",303
"ENSG00000244113",588
"ENSG00000244115",1448
"ENSG00000244116",390
"ENSG00000244119",720
"ENSG00000244122",4205
"ENSG00000244124",376
"ENSG00000244125",416
"ENSG00000244128",17570
"ENSG00000244130",202
"ENSG00000244131",645
"ENSG00000244134",380
"ENSG00000244137",1345
"ENSG00000244139",298
"ENSG00000244142",207
"ENSG00000244144",519
"ENSG00000244146",446
"ENSG00000244151",1230
"ENSG00000244153",2769
"ENSG00000244155",481
"ENSG00000244157",736
"ENSG00000244158",530
"ENSG00000244159",237
"ENSG00000244161",3709
"ENSG00000244165",2140
"ENSG00000244167",373
"ENSG00000244169",296
"ENSG00000244171",1291
"ENSG00000244176",852
"ENSG00000244183",493
"ENSG00000244184",1071
"ENSG00000244187",1514
"ENSG00000244192",532
"ENSG00000244193",768
"ENSG00000244194",299
"ENSG00000244196",484
"ENSG00000244197",309
"ENSG00000244198",14944
"ENSG00000244199",656
"ENSG00000244203",711
"ENSG00000244213",605
"ENSG00000244215",2362
"ENSG00000244217",731
"ENSG00000244218",261
"ENSG00000244219",1441
"ENSG00000244222",1022
"ENSG00000244226",1168
"ENSG00000244227",818
"ENSG00000244229",460
"ENSG00000244230",283
"ENSG00000244231",795
"ENSG00000244232",302
"ENSG00000244234",2867
"ENSG00000244235",519
"ENSG00000244236",296
"ENSG00000244237",452
"ENSG00000244239",1197
"ENSG00000244242",4792
"ENSG00000244244",784
"ENSG00000244245",359
"ENSG00000244246",669
"ENSG00000244249",685
"ENSG00000244251",564
"ENSG00000244253",171
"ENSG00000244255",4069
"ENSG00000244256",305
"ENSG00000244257",6805
"ENSG00000244259",606
"ENSG00000244264",296
"ENSG00000244265",9520
"ENSG00000244266",435
"ENSG00000244267",318
"ENSG00000244270",403
"ENSG00000244273",407
"ENSG00000244274",2482
"ENSG00000244278",479
"ENSG00000244280",757
"ENSG00000244281",1032
"ENSG00000244283",471
"ENSG00000244286",460
"ENSG00000244289",781
"ENSG00000244292",481
"ENSG00000244294",344
"ENSG00000244295",343
"ENSG00000244296",279
"ENSG00000244297",301
"ENSG00000244300",5595
"ENSG00000244301",2160
"ENSG00000244302",1002
"ENSG00000244306",616
"ENSG00000244307",291
"ENSG00000244308",289
"ENSG00000244310",1978
"ENSG00000244313",498
"ENSG00000244314",276
"ENSG00000244318",297
"ENSG00000244321",755
"ENSG00000244326",300
"ENSG00000244327",765
"ENSG00000244328",290
"ENSG00000244329",359
"ENSG00000244331",306
"ENSG00000244332",645
"ENSG00000244335",285
"ENSG00000244337",575
"ENSG00000244342",3783
"ENSG00000244345",3534
"ENSG00000244346",543
"ENSG00000244355",737
"ENSG00000244356",298
"ENSG00000244357",296
"ENSG00000244358",1118
"ENSG00000244361",323
"ENSG00000244362",440
"ENSG00000244363",747
"ENSG00000244371",543
"ENSG00000244372",304
"ENSG00000244376",294
"ENSG00000244378",847
"ENSG00000244380",1104
"ENSG00000244381",471
"ENSG00000244383",1812
"ENSG00000244384",288
"ENSG00000244389",297
"ENSG00000244390",726
"ENSG00000244391",307
"ENSG00000244392",300
"ENSG00000244395",1921
"ENSG00000244398",321
"ENSG00000244399",297
"ENSG00000244400",709
"ENSG00000244402",292
"ENSG00000244404",298
"ENSG00000244405",5773
"ENSG00000244411",1403
"ENSG00000244413",453
"ENSG00000244414",2821
"ENSG00000244422",213
"ENSG00000244425",298
"ENSG00000244427",781
"ENSG00000244429",598
"ENSG00000244432",155
"ENSG00000244436",304
"ENSG00000244437",442
"ENSG00000244441",339
"ENSG00000244451",287
"ENSG00000244456",246
"ENSG00000244457",1304
"ENSG00000244459",2539
"ENSG00000244461",732
"ENSG00000244462",6702
"ENSG00000244464",3749
"ENSG00000244468",793
"ENSG00000244470",838
"ENSG00000244471",1567
"ENSG00000244474",2565
"ENSG00000244476",3476
"ENSG00000244479",12756
"ENSG00000244480",1393
"ENSG00000244482",4011
"ENSG00000244485",569
"ENSG00000244486",3572
"ENSG00000244490",565
"ENSG00000244491",461
"ENSG00000244493",327
"ENSG00000244501",310
"ENSG00000244502",560
"ENSG00000244503",1336
"ENSG00000244509",2644
"ENSG00000244510",265
"ENSG00000244512",298
"ENSG00000244513",3979
"ENSG00000244514",294
"ENSG00000244515",1270
"ENSG00000244521",294
"ENSG00000244527",480
"ENSG00000244528",183
"ENSG00000244532",308
"ENSG00000244534",276
"ENSG00000244535",347
"ENSG00000244537",776
"ENSG00000244538",255
"ENSG00000244540",328
"ENSG00000244541",4691
"ENSG00000244544",296
"ENSG00000244550",1366
"ENSG00000244551",325
"ENSG00000244556",1639
"ENSG00000244558",3267
"ENSG00000244559",144
"ENSG00000244560",901
"ENSG00000244561",949
"ENSG00000244563",349
"ENSG00000244564",2115
"ENSG00000244565",408
"ENSG00000244568",292
"ENSG00000244571",758
"ENSG00000244573",339
"ENSG00000244575",382
"ENSG00000244578",3889
"ENSG00000244582",502
"ENSG00000244585",492
"ENSG00000244586",500
"ENSG00000244588",4117
"ENSG00000244593",644
"ENSG00000244604",347
"ENSG00000244607",7071
"ENSG00000244610",268
"ENSG00000244615",225
"ENSG00000244617",1543
"ENSG00000244618",279
"ENSG00000244619",1891
"ENSG00000244621",293
"ENSG00000244623",972
"ENSG00000244624",275
"ENSG00000244625",39742
"ENSG00000244627",500
"ENSG00000244630",337
"ENSG00000244632",296
"ENSG00000244640",651
"ENSG00000244641",299
"ENSG00000244642",295
"ENSG00000244646",1093
"ENSG00000244649",6156
"ENSG00000244652",557
"ENSG00000244653",814
"ENSG00000244657",139
"ENSG00000244661",344
"ENSG00000244662",480
"ENSG00000244668",476
"ENSG00000244669",768
"ENSG00000244671",288
"ENSG00000244674",781
"ENSG00000244675",2969
"ENSG00000244676",5198
"ENSG00000244677",292
"ENSG00000244681",871
"ENSG00000244682",3141
"ENSG00000244687",4779
"ENSG00000244691",643
"ENSG00000244692",271
"ENSG00000244694",28174
"ENSG00000244699",369
"ENSG00000244701",1695
"ENSG00000244703",763
"ENSG00000244705",938
"ENSG00000244706",4170
"ENSG00000244708",412
"ENSG00000244710",299
"ENSG00000244712",464
"ENSG00000244716",555
"ENSG00000244717",254
"ENSG00000244720",959
"ENSG00000244722",869
"ENSG00000244723",637
"ENSG00000244730",330
"ENSG00000244731",7158
"ENSG00000244732",296
"ENSG00000244733",1837
"ENSG00000244734",1304
"ENSG00000244738",3097
"ENSG00000244740",376
"ENSG00000244743",316
"ENSG00000244748",292
"ENSG00000244752",1047
"ENSG00000244753",567
"ENSG00000244754",21002
"ENSG00000244756",288
"ENSG00000244757",728
"ENSG00000244791",1708
"ENSG00000244879",17445
"ENSG00000244921",747
"ENSG00000244926",2784
"ENSG00000244932",517
"ENSG00000244945",1966
"ENSG00000244953",2045
"ENSG00000244968",7995
"ENSG00000244998",1782
"ENSG00000245008",10712
"ENSG00000245017",3543
"ENSG00000245025",6723
"ENSG00000245059",1088
"ENSG00000245060",6243
"ENSG00000245067",5140
"ENSG00000245080",2897
"ENSG00000245105",2948
"ENSG00000245112",1390
"ENSG00000245146",8074
"ENSG00000245148",1824
"ENSG00000245149",7262
"ENSG00000245156",2792
"ENSG00000245164",9619
"ENSG00000245205",1405
"ENSG00000245213",9093
"ENSG00000245248",28732
"ENSG00000245261",980
"ENSG00000245275",13991
"ENSG00000245281",7117
"ENSG00000245293",10646
"ENSG00000245311",1050
"ENSG00000245317",1525
"ENSG00000245322",8309
"ENSG00000245330",2039
"ENSG00000245384",14481
"ENSG00000245385",507
"ENSG00000245466",2941
"ENSG00000245468",5016
"ENSG00000245479",1504
"ENSG00000245482",2179
"ENSG00000245498",10474
"ENSG00000245522",2632
"ENSG00000245526",28171
"ENSG00000245532",23263
"ENSG00000245534",3095
"ENSG00000245552",14780
"ENSG00000245556",5316
"ENSG00000245571",4285
"ENSG00000245573",12443
"ENSG00000245598",4667
"ENSG00000245614",4240
"ENSG00000245648",6577
"ENSG00000245651",6658
"ENSG00000245662",9103
"ENSG00000245667",560
"ENSG00000245680",7538
"ENSG00000245685",14969
"ENSG00000245688",1458
"ENSG00000245694",28358
"ENSG00000245711",720
"ENSG00000245719",2631
"ENSG00000245729",9465
"ENSG00000245748",4507
"ENSG00000245750",35137
"ENSG00000245768",6272
"ENSG00000245812",5151
"ENSG00000245832",4713
"ENSG00000245848",2601
"ENSG00000245849",3454
"ENSG00000245857",4001
"ENSG00000245864",7296
"ENSG00000245869",1646
"ENSG00000245870",4266
"ENSG00000245888",4180
"ENSG00000245904",11849
"ENSG00000245910",3664
"ENSG00000245928",1685
"ENSG00000245937",18073
"ENSG00000245954",3077
"ENSG00000245958",336
"ENSG00000245970",1989
"ENSG00000245975",3623
"ENSG00000246022",3813
"ENSG00000246067",8780
"ENSG00000246082",620
"ENSG00000246084",6020
"ENSG00000246089",4583
"ENSG00000246090",13133
"ENSG00000246095",1315
"ENSG00000246100",5969
"ENSG00000246115",353
"ENSG00000246130",2690
"ENSG00000246145",10287
"ENSG00000246174",8532
"ENSG00000246211",2157
"ENSG00000246214",7055
"ENSG00000246223",9564
"ENSG00000246225",5550
"ENSG00000246228",3684
"ENSG00000246250",5900
"ENSG00000246263",3562
"ENSG00000246273",5902
"ENSG00000246283",2645
"ENSG00000246308",4549
"ENSG00000246316",1112
"ENSG00000246323",1259
"ENSG00000246334",3153
"ENSG00000246339",4964
"ENSG00000246350",2874
"ENSG00000246363",8633
"ENSG00000246366",6426
"ENSG00000246375",8173
"ENSG00000246379",13819
"ENSG00000246394",2074
"ENSG00000246422",2480
"ENSG00000246430",8123
"ENSG00000246451",1404
"ENSG00000246465",2484
"ENSG00000246477",5856
"ENSG00000246523",5337
"ENSG00000246526",2824
"ENSG00000246528",2243
"ENSG00000246541",1042
"ENSG00000246548",8923
"ENSG00000246560",3985
"ENSG00000246575",704
"ENSG00000246582",3695
"ENSG00000246596",1805
"ENSG00000246640",4777
"ENSG00000246662",13826
"ENSG00000246695",11798
"ENSG00000246705",3332
"ENSG00000246731",3591
"ENSG00000246740",3836
"ENSG00000246763",2592
"ENSG00000246774",1951
"ENSG00000246777",2894
"ENSG00000246790",5980
"ENSG00000246792",4472
"ENSG00000246820",4099
"ENSG00000246851",3084
"ENSG00000246859",9972
"ENSG00000246863",4851
"ENSG00000246876",5330
"ENSG00000246877",5594
"ENSG00000246889",4327
"ENSG00000246898",2234
"ENSG00000246922",8549
"ENSG00000246982",5259
"ENSG00000246985",5598
"ENSG00000247011",2058
"ENSG00000247033",1666
"ENSG00000247049",566
"ENSG00000247077",3952
"ENSG00000247081",17379
"ENSG00000247092",5732
"ENSG00000247095",2384
"ENSG00000247121",4776
"ENSG00000247130",5642
"ENSG00000247131",2843
"ENSG00000247134",2507
"ENSG00000247137",3564
"ENSG00000247151",7553
"ENSG00000247157",5720
"ENSG00000247193",4083
"ENSG00000247199",15921
"ENSG00000247213",4247
"ENSG00000247228",4412
"ENSG00000247240",10308
"ENSG00000247271",8730
"ENSG00000247287",6162
"ENSG00000247311",1197
"ENSG00000247315",2752
"ENSG00000247317",4856
"ENSG00000247324",2799
"ENSG00000247345",871
"ENSG00000247363",2922
"ENSG00000247372",846
"ENSG00000247373",9583
"ENSG00000247381",2518
"ENSG00000247400",5247
"ENSG00000247402",391
"ENSG00000247416",3168
"ENSG00000247473",2683
"ENSG00000247498",4538
"ENSG00000247516",7402
"ENSG00000247556",22370
"ENSG00000247570",885
"ENSG00000247572",9622
"ENSG00000247595",2283
"ENSG00000247596",4211
"ENSG00000247624",4699
"ENSG00000247626",3027
"ENSG00000247627",1377
"ENSG00000247675",2366
"ENSG00000247679",2860
"ENSG00000247699",2898
"ENSG00000247708",24940
"ENSG00000247728",12736
"ENSG00000247735",1762
"ENSG00000247746",4643
"ENSG00000247763",1362
"ENSG00000247765",2165
"ENSG00000247774",6769
"ENSG00000247775",3505
"ENSG00000247796",8074
"ENSG00000247809",25473
"ENSG00000247828",37074
"ENSG00000247853",2196
"ENSG00000247867",1693
"ENSG00000247872",656
"ENSG00000247877",10642
"ENSG00000247903",2549
"ENSG00000247911",195
"ENSG00000247925",1039
"ENSG00000247934",2728
"ENSG00000247950",9241
"ENSG00000247970",1107
"ENSG00000247982",4260
"ENSG00000247993",424
"ENSG00000248008",4164
"ENSG00000248015",3571
"ENSG00000248019",10457
"ENSG00000248027",1879
"ENSG00000248029",567
"ENSG00000248049",16210
"ENSG00000248050",3075
"ENSG00000248079",4289
"ENSG00000248092",7075
"ENSG00000248098",2251
"ENSG00000248099",923
"ENSG00000248100",2639
"ENSG00000248101",1130
"ENSG00000248104",2041
"ENSG00000248105",301
"ENSG00000248106",712
"ENSG00000248107",1462
"ENSG00000248109",1846
"ENSG00000248112",4147
"ENSG00000248113",1268
"ENSG00000248114",730
"ENSG00000248115",4975
"ENSG00000248117",318
"ENSG00000248118",5627
"ENSG00000248120",259
"ENSG00000248121",481
"ENSG00000248122",597
"ENSG00000248124",1284
"ENSG00000248125",2323
"ENSG00000248126",121
"ENSG00000248127",1973
"ENSG00000248128",297
"ENSG00000248131",4655
"ENSG00000248132",3832
"ENSG00000248133",276
"ENSG00000248134",262
"ENSG00000248136",522
"ENSG00000248137",560
"ENSG00000248138",3159
"ENSG00000248139",1863
"ENSG00000248143",582
"ENSG00000248144",1574
"ENSG00000248145",1891
"ENSG00000248148",820
"ENSG00000248150",2120
"ENSG00000248152",3435
"ENSG00000248155",277
"ENSG00000248156",183
"ENSG00000248159",1898
"ENSG00000248160",233
"ENSG00000248161",1098
"ENSG00000248162",1397
"ENSG00000248165",590
"ENSG00000248167",1698
"ENSG00000248170",380
"ENSG00000248172",904
"ENSG00000248174",10579
"ENSG00000248176",2177
"ENSG00000248180",995
"ENSG00000248184",4111
"ENSG00000248185",300
"ENSG00000248187",1662
"ENSG00000248188",387
"ENSG00000248191",1736
"ENSG00000248192",648
"ENSG00000248195",785
"ENSG00000248196",891
"ENSG00000248197",2673
"ENSG00000248199",909
"ENSG00000248200",571
"ENSG00000248203",771
"ENSG00000248205",321
"ENSG00000248206",2440
"ENSG00000248208",1082
"ENSG00000248209",324
"ENSG00000248210",4252
"ENSG00000248211",1582
"ENSG00000248213",2813
"ENSG00000248215",5149
"ENSG00000248216",1170
"ENSG00000248221",542
"ENSG00000248222",3124
"ENSG00000248223",1115
"ENSG00000248227",2434
"ENSG00000248228",720
"ENSG00000248229",523
"ENSG00000248231",1454
"ENSG00000248234",269
"ENSG00000248235",1198
"ENSG00000248236",412
"ENSG00000248237",582
"ENSG00000248238",1374
"ENSG00000248242",4896
"ENSG00000248243",2537
"ENSG00000248245",1194
"ENSG00000248249",425
"ENSG00000248254",601
"ENSG00000248256",265
"ENSG00000248257",1500
"ENSG00000248259",294
"ENSG00000248261",746
"ENSG00000248262",423
"ENSG00000248266",286
"ENSG00000248268",565
"ENSG00000248271",556
"ENSG00000248275",6560
"ENSG00000248278",285
"ENSG00000248279",2008
"ENSG00000248281",992
"ENSG00000248282",823
"ENSG00000248283",969
"ENSG00000248285",219
"ENSG00000248286",141
"ENSG00000248287",247
"ENSG00000248288",737
"ENSG00000248290",2038
"ENSG00000248293",177
"ENSG00000248295",1763
"ENSG00000248296",797
"ENSG00000248300",1632
"ENSG00000248302",571
"ENSG00000248305",842
"ENSG00000248307",7765
"ENSG00000248308",782
"ENSG00000248309",22930
"ENSG00000248313",494
"ENSG00000248315",285
"ENSG00000248317",1440
"ENSG00000248318",1973
"ENSG00000248319",8130
"ENSG00000248320",2360
"ENSG00000248322",342
"ENSG00000248323",18108
"ENSG00000248327",3529
"ENSG00000248328",515
"ENSG00000248329",2919
"ENSG00000248330",548
"ENSG00000248332",2021
"ENSG00000248333",3490
"ENSG00000248334",1603
"ENSG00000248335",402
"ENSG00000248336",303
"ENSG00000248337",271
"ENSG00000248338",1256
"ENSG00000248339",4949
"ENSG00000248340",743
"ENSG00000248343",948
"ENSG00000248347",1474
"ENSG00000248349",103
"ENSG00000248350",211
"ENSG00000248351",244
"ENSG00000248355",439
"ENSG00000248356",745
"ENSG00000248358",570
"ENSG00000248360",5095
"ENSG00000248362",793
"ENSG00000248363",581
"ENSG00000248364",990
"ENSG00000248365",541
"ENSG00000248366",63
"ENSG00000248367",1391
"ENSG00000248369",464
"ENSG00000248370",5541
"ENSG00000248373",4570
"ENSG00000248374",684
"ENSG00000248375",751
"ENSG00000248376",916
"ENSG00000248377",298
"ENSG00000248378",464
"ENSG00000248383",7016
"ENSG00000248385",1277
"ENSG00000248387",652
"ENSG00000248388",843
"ENSG00000248391",4664
"ENSG00000248393",449
"ENSG00000248394",816
"ENSG00000248396",336
"ENSG00000248397",2512
"ENSG00000248399",220
"ENSG00000248400",1094
"ENSG00000248401",1028
"ENSG00000248403",622
"ENSG00000248405",3264
"ENSG00000248406",1829
"ENSG00000248408",741
"ENSG00000248409",1202
"ENSG00000248415",1005
"ENSG00000248416",569
"ENSG00000248417",518
"ENSG00000248418",193
"ENSG00000248419",400
"ENSG00000248420",680
"ENSG00000248422",128
"ENSG00000248423",649
"ENSG00000248424",950
"ENSG00000248425",591
"ENSG00000248426",279
"ENSG00000248428",697
"ENSG00000248429",8165
"ENSG00000248430",287
"ENSG00000248431",3730
"ENSG00000248434",1121
"ENSG00000248439",302
"ENSG00000248440",566
"ENSG00000248441",26297
"ENSG00000248442",934
"ENSG00000248443",819
"ENSG00000248444",954
"ENSG00000248445",4080
"ENSG00000248447",1384
"ENSG00000248448",393
"ENSG00000248449",2873
"ENSG00000248452",1647
"ENSG00000248455",8931
"ENSG00000248456",2020
"ENSG00000248457",673
"ENSG00000248458",1156
"ENSG00000248459",406
"ENSG00000248462",313
"ENSG00000248464",1894
"ENSG00000248466",667
"ENSG00000248468",1374
"ENSG00000248469",2314
"ENSG00000248471",267
"ENSG00000248472",573
"ENSG00000248473",4957
"ENSG00000248474",2815
"ENSG00000248475",856
"ENSG00000248476",821
"ENSG00000248477",354
"ENSG00000248479",911
"ENSG00000248480",1050
"ENSG00000248482",757
"ENSG00000248483",8381
"ENSG00000248484",782
"ENSG00000248485",1406
"ENSG00000248487",2313
"ENSG00000248488",721
"ENSG00000248489",6275
"ENSG00000248490",1810
"ENSG00000248491",5199
"ENSG00000248492",939
"ENSG00000248493",786
"ENSG00000248494",2579
"ENSG00000248498",1939
"ENSG00000248503",337
"ENSG00000248505",3579
"ENSG00000248506",1371
"ENSG00000248507",923
"ENSG00000248508",8438
"ENSG00000248510",4745
"ENSG00000248511",635
"ENSG00000248514",456
"ENSG00000248515",6930
"ENSG00000248516",2190
"ENSG00000248517",911
"ENSG00000248521",998
"ENSG00000248522",5631
"ENSG00000248525",420
"ENSG00000248527",681
"ENSG00000248528",1094
"ENSG00000248529",4616
"ENSG00000248530",733
"ENSG00000248531",343
"ENSG00000248532",210
"ENSG00000248537",391
"ENSG00000248538",27274
"ENSG00000248539",1023
"ENSG00000248540",3549
"ENSG00000248542",598
"ENSG00000248543",831
"ENSG00000248544",2078
"ENSG00000248545",1136
"ENSG00000248546",705
"ENSG00000248547",556
"ENSG00000248548",1362
"ENSG00000248550",3956
"ENSG00000248551",3119
"ENSG00000248552",224
"ENSG00000248553",902
"ENSG00000248554",10628
"ENSG00000248555",5501
"ENSG00000248557",528
"ENSG00000248559",520
"ENSG00000248560",1569
"ENSG00000248564",487
"ENSG00000248565",928
"ENSG00000248567",583
"ENSG00000248568",1220
"ENSG00000248569",936
"ENSG00000248571",2371
"ENSG00000248572",2078
"ENSG00000248573",343
"ENSG00000248574",1273
"ENSG00000248576",403
"ENSG00000248577",584
"ENSG00000248578",762
"ENSG00000248583",670
"ENSG00000248585",791
"ENSG00000248586",2032
"ENSG00000248587",17982
"ENSG00000248588",2779
"ENSG00000248590",2678
"ENSG00000248591",383
"ENSG00000248592",6271
"ENSG00000248593",515
"ENSG00000248596",3632
"ENSG00000248597",1070
"ENSG00000248599",3126
"ENSG00000248600",1362
"ENSG00000248601",447
"ENSG00000248605",5689
"ENSG00000248607",444
"ENSG00000248608",1679
"ENSG00000248610",1920
"ENSG00000248611",778
"ENSG00000248613",260
"ENSG00000248616",715
"ENSG00000248618",241
"ENSG00000248621",175
"ENSG00000248624",543
"ENSG00000248625",711
"ENSG00000248626",1006
"ENSG00000248627",457
"ENSG00000248629",267
"ENSG00000248633",334
"ENSG00000248634",462
"ENSG00000248635",750
"ENSG00000248636",3662
"ENSG00000248637",460
"ENSG00000248639",800
"ENSG00000248640",954
"ENSG00000248641",324
"ENSG00000248642",961
"ENSG00000248643",2577
"ENSG00000248645",1346
"ENSG00000248647",781
"ENSG00000248648",247
"ENSG00000248651",484
"ENSG00000248652",207
"ENSG00000248654",541
"ENSG00000248656",3080
"ENSG00000248659",474
"ENSG00000248660",288
"ENSG00000248663",3240
"ENSG00000248664",4890
"ENSG00000248667",424
"ENSG00000248668",3928
"ENSG00000248669",360
"ENSG00000248672",5650
"ENSG00000248673",14377
"ENSG00000248674",202
"ENSG00000248676",722
"ENSG00000248677",4701
"ENSG00000248682",1062
"ENSG00000248684",1303
"ENSG00000248685",6868
"ENSG00000248687",263
"ENSG00000248690",7251
"ENSG00000248692",1242
"ENSG00000248693",1170
"ENSG00000248694",444
"ENSG00000248696",370
"ENSG00000248697",1862
"ENSG00000248698",326
"ENSG00000248699",1111
"ENSG00000248701",482
"ENSG00000248702",286
"ENSG00000248703",5013
"ENSG00000248704",1203
"ENSG00000248705",757
"ENSG00000248708",2458
"ENSG00000248709",1683
"ENSG00000248710",3360
"ENSG00000248711",1480
"ENSG00000248712",1944
"ENSG00000248713",10451
"ENSG00000248714",4629
"ENSG00000248715",209
"ENSG00000248716",280
"ENSG00000248717",3201
"ENSG00000248719",3738
"ENSG00000248720",504
"ENSG00000248722",583
"ENSG00000248724",6453
"ENSG00000248725",756
"ENSG00000248727",9975
"ENSG00000248729",580
"ENSG00000248730",1579
"ENSG00000248733",451
"ENSG00000248734",1001
"ENSG00000248735",1960
"ENSG00000248736",3959
"ENSG00000248738",4023
"ENSG00000248739",843
"ENSG00000248740",4718
"ENSG00000248744",672
"ENSG00000248745",840
"ENSG00000248746",3460
"ENSG00000248747",1037
"ENSG00000248748",1755
"ENSG00000248749",1549
"ENSG00000248750",445
"ENSG00000248751",2057
"ENSG00000248752",10947
"ENSG00000248755",734
"ENSG00000248757",564
"ENSG00000248758",193
"ENSG00000248761",720
"ENSG00000248762",1478
"ENSG00000248763",550
"ENSG00000248764",6103
"ENSG00000248765",1133
"ENSG00000248766",295
"ENSG00000248767",1087
"ENSG00000248769",1087
"ENSG00000248770",207
"ENSG00000248771",3190
"ENSG00000248772",108
"ENSG00000248773",393
"ENSG00000248774",1594
"ENSG00000248775",246
"ENSG00000248777",850
"ENSG00000248778",1045
"ENSG00000248779",591
"ENSG00000248780",601
"ENSG00000248781",1327
"ENSG00000248783",5487
"ENSG00000248785",282
"ENSG00000248789",759
"ENSG00000248790",273
"ENSG00000248791",1294
"ENSG00000248792",169
"ENSG00000248794",270
"ENSG00000248795",1238
"ENSG00000248796",545
"ENSG00000248799",2790
"ENSG00000248801",4668
"ENSG00000248802",853
"ENSG00000248803",310
"ENSG00000248807",532
"ENSG00000248809",6994
"ENSG00000248810",9037
"ENSG00000248813",495
"ENSG00000248816",518
"ENSG00000248817",1576
"ENSG00000248820",264
"ENSG00000248821",217
"ENSG00000248822",287
"ENSG00000248824",725
"ENSG00000248826",843
"ENSG00000248827",2157
"ENSG00000248830",1707
"ENSG00000248831",866
"ENSG00000248834",634
"ENSG00000248837",8091
"ENSG00000248838",754
"ENSG00000248839",947
"ENSG00000248840",324
"ENSG00000248842",312
"ENSG00000248843",786
"ENSG00000248844",1995
"ENSG00000248846",1941
"ENSG00000248847",724
"ENSG00000248848",346
"ENSG00000248850",1118
"ENSG00000248851",712
"ENSG00000248853",666
"ENSG00000248854",1225
"ENSG00000248858",10569
"ENSG00000248859",3206
"ENSG00000248863",657
"ENSG00000248866",1138
"ENSG00000248867",403
"ENSG00000248869",3389
"ENSG00000248870",636
"ENSG00000248871",1816
"ENSG00000248872",3670
"ENSG00000248873",932
"ENSG00000248874",2498
"ENSG00000248876",744
"ENSG00000248877",613
"ENSG00000248878",364
"ENSG00000248880",1849
"ENSG00000248881",754
"ENSG00000248883",307
"ENSG00000248884",9856
"ENSG00000248885",1271
"ENSG00000248886",734
"ENSG00000248890",2397
"ENSG00000248891",432
"ENSG00000248893",1693
"ENSG00000248895",195
"ENSG00000248896",3942
"ENSG00000248898",3964
"ENSG00000248901",2834
"ENSG00000248903",255
"ENSG00000248905",20270
"ENSG00000248907",1031
"ENSG00000248908",2313
"ENSG00000248909",581
"ENSG00000248911",1006
"ENSG00000248912",947
"ENSG00000248913",367
"ENSG00000248915",1104
"ENSG00000248916",388
"ENSG00000248918",762
"ENSG00000248919",2859
"ENSG00000248920",1593
"ENSG00000248921",420
"ENSG00000248923",1812
"ENSG00000248924",321
"ENSG00000248925",1780
"ENSG00000248926",781
"ENSG00000248927",3187
"ENSG00000248928",418
"ENSG00000248929",278
"ENSG00000248930",580
"ENSG00000248931",1135
"ENSG00000248932",16779
"ENSG00000248933",1593
"ENSG00000248935",741
"ENSG00000248936",534
"ENSG00000248939",606
"ENSG00000248943",1359
"ENSG00000248944",1394
"ENSG00000248946",243
"ENSG00000248949",1145
"ENSG00000248950",822
"ENSG00000248951",403
"ENSG00000248954",7263
"ENSG00000248955",160
"ENSG00000248956",572
"ENSG00000248958",2743
"ENSG00000248962",559
"ENSG00000248964",3965
"ENSG00000248965",1110
"ENSG00000248966",2752
"ENSG00000248967",481
"ENSG00000248968",688
"ENSG00000248969",830
"ENSG00000248971",1426
"ENSG00000248973",13431
"ENSG00000248975",2347
"ENSG00000248977",168
"ENSG00000248978",541
"ENSG00000248979",232
"ENSG00000248980",610
"ENSG00000248984",270
"ENSG00000248987",574
"ENSG00000248988",717
"ENSG00000248990",520
"ENSG00000248993",612
"ENSG00000248994",23201
"ENSG00000248995",2383
"ENSG00000248996",650
"ENSG00000248998",1603
"ENSG00000249000",489
"ENSG00000249001",4333
"ENSG00000249002",370
"ENSG00000249003",1343
"ENSG00000249004",598
"ENSG00000249005",1395
"ENSG00000249006",1900
"ENSG00000249007",987
"ENSG00000249012",486
"ENSG00000249013",511
"ENSG00000249014",381
"ENSG00000249016",441
"ENSG00000249017",593
"ENSG00000249018",988
"ENSG00000249019",287
"ENSG00000249020",137
"ENSG00000249021",706
"ENSG00000249022",1609
"ENSG00000249023",483
"ENSG00000249025",125
"ENSG00000249026",2728
"ENSG00000249028",2088
"ENSG00000249031",288
"ENSG00000249035",3587
"ENSG00000249036",571
"ENSG00000249038",453
"ENSG00000249041",525
"ENSG00000249042",9136
"ENSG00000249045",329
"ENSG00000249047",249
"ENSG00000249048",342
"ENSG00000249049",375
"ENSG00000249050",2035
"ENSG00000249051",425
"ENSG00000249052",577
"ENSG00000249053",792
"ENSG00000249054",1289
"ENSG00000249055",312
"ENSG00000249056",609
"ENSG00000249057",658
"ENSG00000249061",649
"ENSG00000249064",1278
"ENSG00000249065",709
"ENSG00000249066",1313
"ENSG00000249068",565
"ENSG00000249071",549
"ENSG00000249072",177
"ENSG00000249073",683
"ENSG00000249074",295
"ENSG00000249077",616
"ENSG00000249079",374
"ENSG00000249081",618
"ENSG00000249082",1217
"ENSG00000249084",753
"ENSG00000249085",6701
"ENSG00000249086",330
"ENSG00000249087",3042
"ENSG00000249089",148
"ENSG00000249092",499
"ENSG00000249094",941
"ENSG00000249096",6194
"ENSG00000249098",572
"ENSG00000249099",487
"ENSG00000249100",930
"ENSG00000249101",175
"ENSG00000249102",2053
"ENSG00000249104",1593
"ENSG00000249105",313
"ENSG00000249106",1213
"ENSG00000249109",2303
"ENSG00000249111",327
"ENSG00000249112",832
"ENSG00000249114",392
"ENSG00000249115",5090
"ENSG00000249116",1405
"ENSG00000249119",522
"ENSG00000249127",126
"ENSG00000249128",543
"ENSG00000249129",966
"ENSG00000249131",2888
"ENSG00000249135",523
"ENSG00000249138",380
"ENSG00000249139",1702
"ENSG00000249140",586
"ENSG00000249141",600
"ENSG00000249142",1108
"ENSG00000249145",2897
"ENSG00000249148",472
"ENSG00000249149",367
"ENSG00000249150",3637
"ENSG00000249152",4633
"ENSG00000249153",698
"ENSG00000249156",1720
"ENSG00000249157",300
"ENSG00000249158",6287
"ENSG00000249160",1109
"ENSG00000249162",2106
"ENSG00000249163",1234
"ENSG00000249167",4598
"ENSG00000249169",1365
"ENSG00000249170",978
"ENSG00000249171",791
"ENSG00000249173",4071
"ENSG00000249174",660
"ENSG00000249175",1940
"ENSG00000249176",698
"ENSG00000249177",1372
"ENSG00000249180",565
"ENSG00000249183",276
"ENSG00000249186",1768
"ENSG00000249188",979
"ENSG00000249189",219
"ENSG00000249191",474
"ENSG00000249192",135
"ENSG00000249193",1720
"ENSG00000249196",2291
"ENSG00000249197",987
"ENSG00000249198",526
"ENSG00000249199",2200
"ENSG00000249200",462
"ENSG00000249201",2608
"ENSG00000249206",595
"ENSG00000249207",5710
"ENSG00000249209",1078
"ENSG00000249210",1002
"ENSG00000249212",915
"ENSG00000249213",1399
"ENSG00000249215",1861
"ENSG00000249216",1014
"ENSG00000249219",508
"ENSG00000249222",799
"ENSG00000249225",729
"ENSG00000249226",1027
"ENSG00000249228",1604
"ENSG00000249229",1115
"ENSG00000249230",298
"ENSG00000249231",4136
"ENSG00000249234",414
"ENSG00000249235",279
"ENSG00000249236",1648
"ENSG00000249237",627
"ENSG00000249238",2561
"ENSG00000249239",933
"ENSG00000249240",1277
"ENSG00000249241",2452
"ENSG00000249242",3497
"ENSG00000249244",3505
"ENSG00000249245",1877
"ENSG00000249247",789
"ENSG00000249249",4456
"ENSG00000249252",2794
"ENSG00000249253",424
"ENSG00000249255",755
"ENSG00000249256",304
"ENSG00000249257",408
"ENSG00000249258",2293
"ENSG00000249259",1957
"ENSG00000249261",2182
"ENSG00000249262",745
"ENSG00000249263",317
"ENSG00000249264",1383
"ENSG00000249266",1022
"ENSG00000249267",8137
"ENSG00000249270",918
"ENSG00000249271",879
"ENSG00000249272",705
"ENSG00000249274",1006
"ENSG00000249275",1229
"ENSG00000249276",339
"ENSG00000249277",257
"ENSG00000249278",436
"ENSG00000249279",6481
"ENSG00000249282",253
"ENSG00000249283",1244
"ENSG00000249284",1458
"ENSG00000249285",678
"ENSG00000249286",994
"ENSG00000249287",1195
"ENSG00000249288",253
"ENSG00000249289",466
"ENSG00000249290",1059
"ENSG00000249293",556
"ENSG00000249295",561
"ENSG00000249297",2381
"ENSG00000249301",294
"ENSG00000249302",462
"ENSG00000249304",441
"ENSG00000249305",144
"ENSG00000249306",5850
"ENSG00000249307",13175
"ENSG00000249309",521
"ENSG00000249310",691
"ENSG00000249311",1227
"ENSG00000249312",471
"ENSG00000249316",564
"ENSG00000249317",1080
"ENSG00000249318",438
"ENSG00000249319",922
"ENSG00000249320",578
"ENSG00000249321",928
"ENSG00000249326",1635
"ENSG00000249328",4339
"ENSG00000249330",6052
"ENSG00000249332",3156
"ENSG00000249333",375
"ENSG00000249334",878
"ENSG00000249337",758
"ENSG00000249338",589
"ENSG00000249341",3095
"ENSG00000249343",3885
"ENSG00000249345",18019
"ENSG00000249346",9523
"ENSG00000249347",352
"ENSG00000249348",5001
"ENSG00000249349",415
"ENSG00000249351",818
"ENSG00000249352",9129
"ENSG00000249353",830
"ENSG00000249359",6477
"ENSG00000249360",1064
"ENSG00000249362",4762
"ENSG00000249363",876
"ENSG00000249364",7544
"ENSG00000249367",389
"ENSG00000249368",274
"ENSG00000249372",334
"ENSG00000249373",427
"ENSG00000249375",6918
"ENSG00000249378",13701
"ENSG00000249379",2082
"ENSG00000249380",823
"ENSG00000249382",1388
"ENSG00000249383",1992
"ENSG00000249386",694
"ENSG00000249387",121
"ENSG00000249388",8090
"ENSG00000249392",558
"ENSG00000249395",3835
"ENSG00000249396",3734
"ENSG00000249400",649
"ENSG00000249403",342
"ENSG00000249404",440
"ENSG00000249405",794
"ENSG00000249406",3631
"ENSG00000249407",562
"ENSG00000249409",552
"ENSG00000249410",670
"ENSG00000249411",2199
"ENSG00000249412",569
"ENSG00000249413",3178
"ENSG00000249416",346
"ENSG00000249417",422
"ENSG00000249418",432
"ENSG00000249419",1105
"ENSG00000249421",5919
"ENSG00000249425",1417
"ENSG00000249426",497
"ENSG00000249429",560
"ENSG00000249433",265
"ENSG00000249435",481
"ENSG00000249436",5363
"ENSG00000249437",10055
"ENSG00000249438",1333
"ENSG00000249439",517
"ENSG00000249441",239
"ENSG00000249443",367
"ENSG00000249444",134
"ENSG00000249446",57
"ENSG00000249448",1558
"ENSG00000249449",309
"ENSG00000249451",349
"ENSG00000249452",432
"ENSG00000249453",442
"ENSG00000249454",631
"ENSG00000249456",555
"ENSG00000249458",428
"ENSG00000249459",1612
"ENSG00000249460",1427
"ENSG00000249462",249
"ENSG00000249464",14472
"ENSG00000249465",1134
"ENSG00000249467",745
"ENSG00000249471",4035
"ENSG00000249472",595
"ENSG00000249474",360
"ENSG00000249476",5862
"ENSG00000249478",3546
"ENSG00000249479",1552
"ENSG00000249481",4591
"ENSG00000249482",1593
"ENSG00000249484",4927
"ENSG00000249485",1276
"ENSG00000249486",248
"ENSG00000249487",5361
"ENSG00000249488",636
"ENSG00000249489",1045
"ENSG00000249490",2725
"ENSG00000249491",519
"ENSG00000249493",492
"ENSG00000249494",6197
"ENSG00000249495",503
"ENSG00000249497",1754
"ENSG00000249500",2163
"ENSG00000249501",1000
"ENSG00000249502",2128
"ENSG00000249503",283
"ENSG00000249504",2298
"ENSG00000249505",1159
"ENSG00000249506",1141
"ENSG00000249509",4970
"ENSG00000249510",833
"ENSG00000249513",873
"ENSG00000249514",318
"ENSG00000249515",4776
"ENSG00000249516",571
"ENSG00000249518",1016
"ENSG00000249519",865
"ENSG00000249520",343
"ENSG00000249521",925
"ENSG00000249522",322
"ENSG00000249525",583
"ENSG00000249526",2975
"ENSG00000249531",868
"ENSG00000249532",3614
"ENSG00000249534",2848
"ENSG00000249539",299
"ENSG00000249540",322
"ENSG00000249541",1099
"ENSG00000249542",1344
"ENSG00000249545",527
"ENSG00000249547",571
"ENSG00000249550",13035
"ENSG00000249551",1329
"ENSG00000249553",447
"ENSG00000249555",951
"ENSG00000249557",1122
"ENSG00000249558",1042
"ENSG00000249562",268
"ENSG00000249563",541
"ENSG00000249564",133
"ENSG00000249565",1181
"ENSG00000249568",2840
"ENSG00000249572",2417
"ENSG00000249574",2146
"ENSG00000249577",297
"ENSG00000249579",571
"ENSG00000249580",598
"ENSG00000249581",823
"ENSG00000249582",707
"ENSG00000249584",4069
"ENSG00000249588",1640
"ENSG00000249590",1480
"ENSG00000249592",8285
"ENSG00000249593",2822
"ENSG00000249599",1316
"ENSG00000249600",500
"ENSG00000249601",2314
"ENSG00000249602",382
"ENSG00000249605",469
"ENSG00000249606",231
"ENSG00000249607",446
"ENSG00000249609",1235
"ENSG00000249610",428
"ENSG00000249613",971
"ENSG00000249614",1432
"ENSG00000249616",1431
"ENSG00000249617",312
"ENSG00000249618",6987
"ENSG00000249619",138
"ENSG00000249620",406
"ENSG00000249621",930
"ENSG00000249623",448
"ENSG00000249624",3943
"ENSG00000249626",1497
"ENSG00000249627",471
"ENSG00000249628",3355
"ENSG00000249631",8672
"ENSG00000249633",898
"ENSG00000249634",630
"ENSG00000249635",3526
"ENSG00000249637",2809
"ENSG00000249639",1112
"ENSG00000249641",2303
"ENSG00000249642",6614
"ENSG00000249646",374
"ENSG00000249647",3974
"ENSG00000249649",322
"ENSG00000249650",4138
"ENSG00000249654",1009
"ENSG00000249655",549
"ENSG00000249658",585
"ENSG00000249661",3650
"ENSG00000249662",2069
"ENSG00000249664",1179
"ENSG00000249667",4373
"ENSG00000249668",550
"ENSG00000249669",20209
"ENSG00000249673",8315
"ENSG00000249675",934
"ENSG00000249678",180
"ENSG00000249679",7440
"ENSG00000249680",1325
"ENSG00000249681",828
"ENSG00000249685",455
"ENSG00000249686",236
"ENSG00000249688",438
"ENSG00000249689",568
"ENSG00000249690",2209
"ENSG00000249691",883
"ENSG00000249692",349
"ENSG00000249693",1796
"ENSG00000249695",5439
"ENSG00000249697",1227
"ENSG00000249698",781
"ENSG00000249699",3081
"ENSG00000249700",6068
"ENSG00000249706",835
"ENSG00000249709",3619
"ENSG00000249710",1455
"ENSG00000249713",1588
"ENSG00000249715",10449
"ENSG00000249717",3341
"ENSG00000249721",389
"ENSG00000249722",558
"ENSG00000249725",1526
"ENSG00000249726",1300
"ENSG00000249727",1258
"ENSG00000249729",1023
"ENSG00000249730",935
"ENSG00000249735",545
"ENSG00000249736",1365
"ENSG00000249737",458
"ENSG00000249738",22888
"ENSG00000249740",10838
"ENSG00000249741",540
"ENSG00000249742",673
"ENSG00000249743",5183
"ENSG00000249744",535
"ENSG00000249745",552
"ENSG00000249746",1821
"ENSG00000249747",1843
"ENSG00000249748",590
"ENSG00000249751",1031
"ENSG00000249752",481
"ENSG00000249753",275
"ENSG00000249754",388
"ENSG00000249755",657
"ENSG00000249761",183
"ENSG00000249763",1415
"ENSG00000249764",168
"ENSG00000249766",142
"ENSG00000249767",933
"ENSG00000249768",558
"ENSG00000249770",519
"ENSG00000249771",3397
"ENSG00000249772",555
"ENSG00000249773",1732
"ENSG00000249774",166
"ENSG00000249776",7126
"ENSG00000249777",390
"ENSG00000249778",132
"ENSG00000249779",1103
"ENSG00000249780",340
"ENSG00000249781",2630
"ENSG00000249782",1234
"ENSG00000249784",125
"ENSG00000249785",1330
"ENSG00000249786",3671
"ENSG00000249787",2713
"ENSG00000249790",2322
"ENSG00000249791",370
"ENSG00000249792",657
"ENSG00000249795",481
"ENSG00000249797",2503
"ENSG00000249798",994
"ENSG00000249799",190
"ENSG00000249803",6147
"ENSG00000249806",1078
"ENSG00000249807",943
"ENSG00000249808",1314
"ENSG00000249811",1593
"ENSG00000249815",5484
"ENSG00000249816",12844
"ENSG00000249818",4676
"ENSG00000249819",394
"ENSG00000249820",889
"ENSG00000249825",5634
"ENSG00000249828",556
"ENSG00000249829",199
"ENSG00000249830",1630
"ENSG00000249831",2672
"ENSG00000249833",1988
"ENSG00000249834",581
"ENSG00000249835",877
"ENSG00000249838",285
"ENSG00000249839",3235
"ENSG00000249840",976
"ENSG00000249842",785
"ENSG00000249843",351
"ENSG00000249844",920
"ENSG00000249846",9818
"ENSG00000249847",1365
"ENSG00000249848",575
"ENSG00000249849",3414
"ENSG00000249850",1292
"ENSG00000249851",459
"ENSG00000249852",2004
"ENSG00000249853",4072
"ENSG00000249854",2623
"ENSG00000249855",1382
"ENSG00000249856",846
"ENSG00000249857",526
"ENSG00000249858",1041
"ENSG00000249859",37227
"ENSG00000249861",660
"ENSG00000249863",1058
"ENSG00000249865",1117
"ENSG00000249866",970
"ENSG00000249867",4492
"ENSG00000249868",369
"ENSG00000249869",360
"ENSG00000249870",332
"ENSG00000249873",2539
"ENSG00000249875",366
"ENSG00000249876",676
"ENSG00000249877",339
"ENSG00000249878",1078
"ENSG00000249881",2347
"ENSG00000249882",1158
"ENSG00000249883",529
"ENSG00000249884",1503
"ENSG00000249885",456
"ENSG00000249887",201
"ENSG00000249888",308
"ENSG00000249889",450
"ENSG00000249890",685
"ENSG00000249891",209
"ENSG00000249892",886
"ENSG00000249893",520
"ENSG00000249894",566
"ENSG00000249896",242
"ENSG00000249898",14769
"ENSG00000249899",2956
"ENSG00000249901",659
"ENSG00000249904",469
"ENSG00000249906",3080
"ENSG00000249908",239
"ENSG00000249909",315
"ENSG00000249910",1357
"ENSG00000249912",344
"ENSG00000249915",9294
"ENSG00000249916",563
"ENSG00000249917",5723
"ENSG00000249919",409
"ENSG00000249920",955
"ENSG00000249921",948
"ENSG00000249923",6587
"ENSG00000249924",552
"ENSG00000249926",3387
"ENSG00000249927",267
"ENSG00000249928",312
"ENSG00000249930",244
"ENSG00000249931",6414
"ENSG00000249934",1813
"ENSG00000249936",579
"ENSG00000249937",11348
"ENSG00000249941",2177
"ENSG00000249942",3524
"ENSG00000249943",210
"ENSG00000249944",298
"ENSG00000249945",1425
"ENSG00000249947",652
"ENSG00000249948",2932
"ENSG00000249950",448
"ENSG00000249951",215
"ENSG00000249955",1396
"ENSG00000249956",1597
"ENSG00000249958",1454
"ENSG00000249959",2891
"ENSG00000249960",362
"ENSG00000249961",3431
"ENSG00000249963",1386
"ENSG00000249965",563
"ENSG00000249966",4269
"ENSG00000249967",1848
"ENSG00000249970",192
"ENSG00000249971",411
"ENSG00000249973",452
"ENSG00000249975",919
"ENSG00000249976",539
"ENSG00000249977",384
"ENSG00000249978",353
"ENSG00000249981",1152
"ENSG00000249982",650
"ENSG00000249985",117
"ENSG00000249986",304
"ENSG00000249987",772
"ENSG00000249990",426
"ENSG00000249992",1822
"ENSG00000249993",3844
"ENSG00000249994",686
"ENSG00000249995",1577
"ENSG00000249996",965
"ENSG00000249997",774
"ENSG00000249998",451
"ENSG00000250001",543
"ENSG00000250006",715
"ENSG00000250007",6838
"ENSG00000250011",616
"ENSG00000250013",656
"ENSG00000250015",206
"ENSG00000250016",677
"ENSG00000250017",2023
"ENSG00000250020",718
"ENSG00000250021",2673
"ENSG00000250024",1070
"ENSG00000250025",1242
"ENSG00000250026",1262
"ENSG00000250027",918
"ENSG00000250030",308
"ENSG00000250031",1779
"ENSG00000250032",1297
"ENSG00000250033",6744
"ENSG00000250034",258
"ENSG00000250036",353
"ENSG00000250037",613
"ENSG00000250038",4342
"ENSG00000250039",4390
"ENSG00000250040",1696
"ENSG00000250041",4906
"ENSG00000250042",498
"ENSG00000250043",1485
"ENSG00000250045",532
"ENSG00000250048",936
"ENSG00000250049",14097
"ENSG00000250050",1346
"ENSG00000250053",484
"ENSG00000250056",7577
"ENSG00000250057",394
"ENSG00000250062",1337
"ENSG00000250064",1712
"ENSG00000250066",636
"ENSG00000250067",2959
"ENSG00000250068",260
"ENSG00000250069",3025
"ENSG00000250071",1107
"ENSG00000250072",9263
"ENSG00000250073",2896
"ENSG00000250074",337
"ENSG00000250075",3419
"ENSG00000250076",799
"ENSG00000250079",1201
"ENSG00000250080",1732
"ENSG00000250081",365
"ENSG00000250082",501
"ENSG00000250084",304
"ENSG00000250088",234
"ENSG00000250090",222
"ENSG00000250091",6003
"ENSG00000250092",1010
"ENSG00000250095",851
"ENSG00000250098",523
"ENSG00000250099",399
"ENSG00000250100",576
"ENSG00000250102",4939
"ENSG00000250103",6430
"ENSG00000250105",580
"ENSG00000250106",522
"ENSG00000250107",1817
"ENSG00000250111",1300
"ENSG00000250114",207
"ENSG00000250115",429
"ENSG00000250116",1799
"ENSG00000250118",280
"ENSG00000250120",15664
"ENSG00000250122",563
"ENSG00000250124",767
"ENSG00000250125",10823
"ENSG00000250126",8769
"ENSG00000250127",1184
"ENSG00000250129",2554
"ENSG00000250130",1002
"ENSG00000250131",6442
"ENSG00000250132",4182
"ENSG00000250133",2216
"ENSG00000250135",667
"ENSG00000250137",703
"ENSG00000250138",4320
"ENSG00000250140",425
"ENSG00000250141",706
"ENSG00000250144",1387
"ENSG00000250145",1265
"ENSG00000250147",858
"ENSG00000250148",1408
"ENSG00000250149",1434
"ENSG00000250150",589
"ENSG00000250151",2765
"ENSG00000250155",5466
"ENSG00000250159",19156
"ENSG00000250161",334
"ENSG00000250162",330
"ENSG00000250164",435
"ENSG00000250166",1755
"ENSG00000250167",2298
"ENSG00000250169",1079
"ENSG00000250170",612
"ENSG00000250173",2210
"ENSG00000250180",565
"ENSG00000250182",1389
"ENSG00000250183",819
"ENSG00000250185",1035
"ENSG00000250186",1214
"ENSG00000250189",2415
"ENSG00000250190",1852
"ENSG00000250191",286
"ENSG00000250192",1774
"ENSG00000250193",575
"ENSG00000250194",316
"ENSG00000250195",1758
"ENSG00000250197",295
"ENSG00000250198",10262
"ENSG00000250200",226
"ENSG00000250202",315
"ENSG00000250204",549
"ENSG00000250205",198
"ENSG00000250207",504
"ENSG00000250208",11729
"ENSG00000250210",183
"ENSG00000250213",188
"ENSG00000250214",297
"ENSG00000250215",1342
"ENSG00000250218",5570
"ENSG00000250219",1237
"ENSG00000250220",3977
"ENSG00000250221",1461
"ENSG00000250222",1734
"ENSG00000250223",824
"ENSG00000250227",1419
"ENSG00000250229",155
"ENSG00000250230",3487
"ENSG00000250231",1593
"ENSG00000250238",1156
"ENSG00000250240",2815
"ENSG00000250241",14556
"ENSG00000250242",584
"ENSG00000250243",794
"ENSG00000250244",1092
"ENSG00000250247",1162
"ENSG00000250249",353
"ENSG00000250250",3308
"ENSG00000250251",5097
"ENSG00000250252",948
"ENSG00000250253",584
"ENSG00000250254",731
"ENSG00000250256",2901
"ENSG00000250257",693
"ENSG00000250258",763
"ENSG00000250259",272
"ENSG00000250260",646
"ENSG00000250261",1123
"ENSG00000250263",1113
"ENSG00000250264",2705
"ENSG00000250266",3770
"ENSG00000250267",1643
"ENSG00000250268",434
"ENSG00000250271",353
"ENSG00000250272",351
"ENSG00000250273",177
"ENSG00000250274",2332
"ENSG00000250277",775
"ENSG00000250280",3457
"ENSG00000250282",430
"ENSG00000250286",1655
"ENSG00000250289",176
"ENSG00000250290",1814
"ENSG00000250292",1361
"ENSG00000250293",1049
"ENSG00000250295",8631
"ENSG00000250298",1516
"ENSG00000250299",926
"ENSG00000250300",658
"ENSG00000250302",1948
"ENSG00000250303",11552
"ENSG00000250304",1930
"ENSG00000250305",14669
"ENSG00000250306",313
"ENSG00000250307",803
"ENSG00000250308",1860
"ENSG00000250309",1374
"ENSG00000250312",5073
"ENSG00000250313",1348
"ENSG00000250315",371
"ENSG00000250316",2297
"ENSG00000250317",1342
"ENSG00000250318",612
"ENSG00000250319",677
"ENSG00000250320",12109
"ENSG00000250321",142
"ENSG00000250322",170
"ENSG00000250324",616
"ENSG00000250325",879
"ENSG00000250326",5623
"ENSG00000250327",864
"ENSG00000250328",5926
"ENSG00000250329",1509
"ENSG00000250330",359
"ENSG00000250331",11690
"ENSG00000250332",1579
"ENSG00000250333",2110
"ENSG00000250334",10773
"ENSG00000250337",23638
"ENSG00000250338",553
"ENSG00000250339",216
"ENSG00000250340",1180
"ENSG00000250341",1908
"ENSG00000250342",210
"ENSG00000250343",1841
"ENSG00000250344",621
"ENSG00000250345",1171
"ENSG00000250346",1243
"ENSG00000250347",419
"ENSG00000250348",1306
"ENSG00000250349",954
"ENSG00000250350",163
"ENSG00000250351",407
"ENSG00000250354",680
"ENSG00000250356",286
"ENSG00000250357",1768
"ENSG00000250358",6477
"ENSG00000250359",322
"ENSG00000250361",1907
"ENSG00000250362",4204
"ENSG00000250363",1272
"ENSG00000250365",4169
"ENSG00000250366",3726
"ENSG00000250371",2694
"ENSG00000250372",2380
"ENSG00000250374",1838
"ENSG00000250375",305
"ENSG00000250376",714
"ENSG00000250377",3684
"ENSG00000250378",2791
"ENSG00000250379",979
"ENSG00000250381",747
"ENSG00000250383",398
"ENSG00000250384",450
"ENSG00000250385",1373
"ENSG00000250386",409
"ENSG00000250387",11126
"ENSG00000250389",524
"ENSG00000250390",1180
"ENSG00000250391",1289
"ENSG00000250392",1095
"ENSG00000250393",289
"ENSG00000250397",2061
"ENSG00000250398",346
"ENSG00000250402",612
"ENSG00000250403",741
"ENSG00000250405",1912
"ENSG00000250406",3373
"ENSG00000250407",1070
"ENSG00000250409",275
"ENSG00000250410",587
"ENSG00000250412",521
"ENSG00000250413",2896
"ENSG00000250416",1939
"ENSG00000250417",1796
"ENSG00000250420",1095
"ENSG00000250421",2686
"ENSG00000250422",2068
"ENSG00000250423",7910
"ENSG00000250424",1531
"ENSG00000250425",881
"ENSG00000250426",471
"ENSG00000250427",1227
"ENSG00000250428",1228
"ENSG00000250430",684
"ENSG00000250432",4004
"ENSG00000250433",3977
"ENSG00000250436",1417
"ENSG00000250437",420
"ENSG00000250438",311
"ENSG00000250441",282
"ENSG00000250442",639
"ENSG00000250444",1618
"ENSG00000250447",2050
"ENSG00000250448",4364
"ENSG00000250451",666
"ENSG00000250453",7153
"ENSG00000250455",323
"ENSG00000250456",2216
"ENSG00000250458",156
"ENSG00000250461",744
"ENSG00000250462",714
"ENSG00000250464",553
"ENSG00000250467",7570
"ENSG00000250470",347
"ENSG00000250471",579
"ENSG00000250472",881
"ENSG00000250473",486
"ENSG00000250474",998
"ENSG00000250475",890
"ENSG00000250476",627
"ENSG00000250479",889
"ENSG00000250480",858
"ENSG00000250482",1109
"ENSG00000250483",1135
"ENSG00000250484",529
"ENSG00000250485",2059
"ENSG00000250486",2177
"ENSG00000250488",1458
"ENSG00000250490",2923
"ENSG00000250492",2530
"ENSG00000250493",6314
"ENSG00000250494",318
"ENSG00000250496",821
"ENSG00000250497",4781
"ENSG00000250500",1352
"ENSG00000250501",4693
"ENSG00000250503",434
"ENSG00000250504",746
"ENSG00000250505",748
"ENSG00000250506",1854
"ENSG00000250507",1067
"ENSG00000250508",3252
"ENSG00000250509",1250
"ENSG00000250510",3216
"ENSG00000250514",4654
"ENSG00000250515",249
"ENSG00000250516",936
"ENSG00000250517",1142
"ENSG00000250519",5980
"ENSG00000250522",1265
"ENSG00000250523",336
"ENSG00000250524",572
"ENSG00000250526",1593
"ENSG00000250529",1498
"ENSG00000250532",1128
"ENSG00000250535",211
"ENSG00000250536",1137
"ENSG00000250538",2832
"ENSG00000250539",1423
"ENSG00000250540",371
"ENSG00000250541",483
"ENSG00000250543",630
"ENSG00000250544",2118
"ENSG00000250546",6730
"ENSG00000250547",1009
"ENSG00000250548",7355
"ENSG00000250550",373
"ENSG00000250555",82
"ENSG00000250556",517
"ENSG00000250560",213
"ENSG00000250561",1000
"ENSG00000250562",214
"ENSG00000250563",1378
"ENSG00000250564",1360
"ENSG00000250565",5303
"ENSG00000250566",973
"ENSG00000250568",315
"ENSG00000250569",940
"ENSG00000250571",3057
"ENSG00000250572",1152
"ENSG00000250573",694
"ENSG00000250574",327
"ENSG00000250575",1239
"ENSG00000250576",859
"ENSG00000250577",303
"ENSG00000250579",7438
"ENSG00000250580",211
"ENSG00000250582",3118
"ENSG00000250583",917
"ENSG00000250584",3372
"ENSG00000250585",1348
"ENSG00000250587",544
"ENSG00000250590",5889
"ENSG00000250591",742
"ENSG00000250592",340
"ENSG00000250594",153
"ENSG00000250596",1067
"ENSG00000250597",545
"ENSG00000250600",1814
"ENSG00000250602",3613
"ENSG00000250603",388
"ENSG00000250604",3300
"ENSG00000250608",13387
"ENSG00000250609",1022
"ENSG00000250611",413
"ENSG00000250612",1426
"ENSG00000250613",329
"ENSG00000250614",1463
"ENSG00000250615",385
"ENSG00000250616",2794
"ENSG00000250618",202
"ENSG00000250619",805
"ENSG00000250620",1267
"ENSG00000250622",326
"ENSG00000250623",581
"ENSG00000250624",740
"ENSG00000250625",1139
"ENSG00000250626",4800
"ENSG00000250627",755
"ENSG00000250629",565
"ENSG00000250630",228
"ENSG00000250632",1365
"ENSG00000250634",17013
"ENSG00000250635",1964
"ENSG00000250636",823
"ENSG00000250637",643
"ENSG00000250640",1024
"ENSG00000250641",1266
"ENSG00000250642",438
"ENSG00000250643",3574
"ENSG00000250644",4807
"ENSG00000250645",407
"ENSG00000250646",455
"ENSG00000250650",132
"ENSG00000250651",1513
"ENSG00000250654",236
"ENSG00000250655",822
"ENSG00000250656",1014
"ENSG00000250657",681
"ENSG00000250658",8377
"ENSG00000250659",264
"ENSG00000250662",253
"ENSG00000250665",503
"ENSG00000250666",1421
"ENSG00000250667",169
"ENSG00000250668",1607
"ENSG00000250669",405
"ENSG00000250672",224
"ENSG00000250673",3649
"ENSG00000250674",561
"ENSG00000250677",142
"ENSG00000250678",483
"ENSG00000250681",466
"ENSG00000250682",4809
"ENSG00000250684",429
"ENSG00000250685",2870
"ENSG00000250687",354
"ENSG00000250688",57
"ENSG00000250692",469
"ENSG00000250693",896
"ENSG00000250694",487
"ENSG00000250696",4620
"ENSG00000250697",4148
"ENSG00000250698",1999
"ENSG00000250699",488
"ENSG00000250703",148
"ENSG00000250704",358
"ENSG00000250705",338
"ENSG00000250706",552
"ENSG00000250708",3986
"ENSG00000250709",2051
"ENSG00000250710",922
"ENSG00000250711",469
"ENSG00000250712",1393
"ENSG00000250714",1285
"ENSG00000250715",404
"ENSG00000250719",405
"ENSG00000250721",124
"ENSG00000250722",5502
"ENSG00000250723",7352
"ENSG00000250725",1045
"ENSG00000250726",637
"ENSG00000250727",1456
"ENSG00000250728",458
"ENSG00000250730",400
"ENSG00000250731",742
"ENSG00000250732",658
"ENSG00000250733",2771
"ENSG00000250734",535
"ENSG00000250735",800
"ENSG00000250739",1384
"ENSG00000250740",584
"ENSG00000250741",2150
"ENSG00000250742",4478
"ENSG00000250745",1593
"ENSG00000250746",2057
"ENSG00000250747",523
"ENSG00000250748",4512
"ENSG00000250749",459
"ENSG00000250750",366
"ENSG00000250751",1546
"ENSG00000250752",591
"ENSG00000250753",357
"ENSG00000250754",8192
"ENSG00000250756",109
"ENSG00000250761",522
"ENSG00000250762",266
"ENSG00000250764",834
"ENSG00000250765",169
"ENSG00000250767",681
"ENSG00000250768",2063
"ENSG00000250769",770
"ENSG00000250770",725
"ENSG00000250771",2292
"ENSG00000250772",866
"ENSG00000250775",2641
"ENSG00000250778",203
"ENSG00000250781",2406
"ENSG00000250782",594
"ENSG00000250786",5182
"ENSG00000250787",295
"ENSG00000250788",1324
"ENSG00000250790",3263
"ENSG00000250791",596
"ENSG00000250794",434
"ENSG00000250796",329
"ENSG00000250799",2731
"ENSG00000250801",1885
"ENSG00000250802",17200
"ENSG00000250803",1918
"ENSG00000250804",925
"ENSG00000250806",469
"ENSG00000250808",364
"ENSG00000250812",630
"ENSG00000250813",187
"ENSG00000250814",2309
"ENSG00000250815",640
"ENSG00000250816",555
"ENSG00000250819",2090
"ENSG00000250820",568
"ENSG00000250821",894
"ENSG00000250822",4597
"ENSG00000250825",748
"ENSG00000250826",1122
"ENSG00000250827",1552
"ENSG00000250828",489
"ENSG00000250829",3187
"ENSG00000250830",191
"ENSG00000250831",885
"ENSG00000250833",426
"ENSG00000250834",748
"ENSG00000250835",309
"ENSG00000250838",2190
"ENSG00000250839",158
"ENSG00000250842",848
"ENSG00000250844",1593
"ENSG00000250846",4655
"ENSG00000250847",231
"ENSG00000250848",1203
"ENSG00000250850",801
"ENSG00000250853",546
"ENSG00000250855",1094
"ENSG00000250857",712
"ENSG00000250858",1000
"ENSG00000250859",1379
"ENSG00000250860",1408
"ENSG00000250862",499
"ENSG00000250863",9266
"ENSG00000250865",564
"ENSG00000250866",454
"ENSG00000250868",1100
"ENSG00000250869",1740
"ENSG00000250874",2205
"ENSG00000250877",425
"ENSG00000250878",2371
"ENSG00000250882",457
"ENSG00000250884",985
"ENSG00000250885",335
"ENSG00000250886",456
"ENSG00000250887",747
"ENSG00000250888",561
"ENSG00000250890",157
"ENSG00000250891",7469
"ENSG00000250892",950
"ENSG00000250893",862
"ENSG00000250894",1371
"ENSG00000250895",478
"ENSG00000250896",918
"ENSG00000250897",574
"ENSG00000250899",3514
"ENSG00000250900",1380
"ENSG00000250902",481
"ENSG00000250903",33304
"ENSG00000250905",510
"ENSG00000250906",477
"ENSG00000250908",441
"ENSG00000250909",504
"ENSG00000250910",6499
"ENSG00000250913",551
"ENSG00000250914",1145
"ENSG00000250915",1151
"ENSG00000250917",478
"ENSG00000250919",1613
"ENSG00000250920",2772
"ENSG00000250921",1599
"ENSG00000250922",156
"ENSG00000250923",199
"ENSG00000250927",968
"ENSG00000250928",586
"ENSG00000250929",556
"ENSG00000250930",1892
"ENSG00000250933",967
"ENSG00000250934",9808
"ENSG00000250938",13649
"ENSG00000250939",202
"ENSG00000250940",177
"ENSG00000250942",627
"ENSG00000250945",648
"ENSG00000250946",1238
"ENSG00000250947",706
"ENSG00000250949",1696
"ENSG00000250950",573
"ENSG00000250951",1002
"ENSG00000250954",3955
"ENSG00000250955",571
"ENSG00000250956",145
"ENSG00000250958",593
"ENSG00000250959",200
"ENSG00000250961",4178
"ENSG00000250962",856
"ENSG00000250966",411
"ENSG00000250968",852
"ENSG00000250969",2491
"ENSG00000250971",3963
"ENSG00000250972",273
"ENSG00000250973",371
"ENSG00000250974",10077
"ENSG00000250976",156
"ENSG00000250977",563
"ENSG00000250978",2884
"ENSG00000250979",3048
"ENSG00000250980",769
"ENSG00000250981",1650
"ENSG00000250982",976
"ENSG00000250983",202
"ENSG00000250984",331
"ENSG00000250986",4525
"ENSG00000250988",7722
"ENSG00000250990",570
"ENSG00000250992",2863
"ENSG00000250993",539
"ENSG00000250994",2485
"ENSG00000250995",1062
"ENSG00000250997",483
"ENSG00000250999",3835
"ENSG00000251000",418
"ENSG00000251001",536
"ENSG00000251002",10701
"ENSG00000251003",5683
"ENSG00000251005",399
"ENSG00000251008",395
"ENSG00000251009",762
"ENSG00000251010",732
"ENSG00000251011",3269
"ENSG00000251012",246
"ENSG00000251013",990
"ENSG00000251014",533
"ENSG00000251015",1891
"ENSG00000251017",678
"ENSG00000251018",957
"ENSG00000251019",289
"ENSG00000251022",4397
"ENSG00000251023",3157
"ENSG00000251025",564
"ENSG00000251026",5359
"ENSG00000251027",1375
"ENSG00000251031",1636
"ENSG00000251032",2425
"ENSG00000251033",1292
"ENSG00000251034",6151
"ENSG00000251035",344
"ENSG00000251038",351
"ENSG00000251039",365
"ENSG00000251040",882
"ENSG00000251045",2141
"ENSG00000251046",2341
"ENSG00000251048",534
"ENSG00000251049",735
"ENSG00000251050",312
"ENSG00000251051",694
"ENSG00000251054",414
"ENSG00000251055",672
"ENSG00000251056",1330
"ENSG00000251058",482
"ENSG00000251059",867
"ENSG00000251061",429
"ENSG00000251062",156
"ENSG00000251066",544
"ENSG00000251072",1275
"ENSG00000251073",569
"ENSG00000251074",851
"ENSG00000251075",5505
"ENSG00000251076",2927
"ENSG00000251078",910
"ENSG00000251079",1333
"ENSG00000251080",482
"ENSG00000251081",1068
"ENSG00000251087",765
"ENSG00000251088",392
"ENSG00000251090",919
"ENSG00000251093",597
"ENSG00000251095",10652
"ENSG00000251099",163
"ENSG00000251101",745
"ENSG00000251102",920
"ENSG00000251105",224
"ENSG00000251106",541
"ENSG00000251107",312
"ENSG00000251108",847
"ENSG00000251111",597
"ENSG00000251112",632
"ENSG00000251113",1815
"ENSG00000251118",404
"ENSG00000251122",856
"ENSG00000251123",622
"ENSG00000251125",941
"ENSG00000251126",1135
"ENSG00000251127",2750
"ENSG00000251128",404
"ENSG00000251129",6712
"ENSG00000251131",4483
"ENSG00000251132",622
"ENSG00000251135",885
"ENSG00000251136",24241
"ENSG00000251137",724
"ENSG00000251138",16584
"ENSG00000251139",718
"ENSG00000251141",10103
"ENSG00000251142",324
"ENSG00000251143",4233
"ENSG00000251147",464
"ENSG00000251148",563
"ENSG00000251149",376
"ENSG00000251151",4139
"ENSG00000251152",4019
"ENSG00000251154",783
"ENSG00000251155",186
"ENSG00000251158",4317
"ENSG00000251159",266
"ENSG00000251161",2820
"ENSG00000251162",258
"ENSG00000251163",571
"ENSG00000251165",5064
"ENSG00000251166",894
"ENSG00000251168",295
"ENSG00000251169",1910
"ENSG00000251170",1755
"ENSG00000251171",637
"ENSG00000251172",330
"ENSG00000251173",880
"ENSG00000251174",1387
"ENSG00000251175",1128
"ENSG00000251176",404
"ENSG00000251177",1618
"ENSG00000251178",987
"ENSG00000251179",1623
"ENSG00000251182",760
"ENSG00000251183",537
"ENSG00000251184",378
"ENSG00000251185",2254
"ENSG00000251186",664
"ENSG00000251187",1351
"ENSG00000251188",550
"ENSG00000251189",554
"ENSG00000251191",9236
"ENSG00000251192",6205
"ENSG00000251193",1020
"ENSG00000251194",704
"ENSG00000251195",285
"ENSG00000251196",800
"ENSG00000251199",11069
"ENSG00000251200",951
"ENSG00000251201",3728
"ENSG00000251203",669
"ENSG00000251204",1666
"ENSG00000251205",3966
"ENSG00000251206",509
"ENSG00000251209",34515
"ENSG00000251210",1307
"ENSG00000251211",861
"ENSG00000251212",288
"ENSG00000251213",335
"ENSG00000251214",638
"ENSG00000251215",980
"ENSG00000251216",4313
"ENSG00000251219",3058
"ENSG00000251220",345
"ENSG00000251221",440
"ENSG00000251223",1534
"ENSG00000251224",466
"ENSG00000251226",6902
"ENSG00000251228",249
"ENSG00000251229",900
"ENSG00000251230",3768
"ENSG00000251234",686
"ENSG00000251235",475
"ENSG00000251236",733
"ENSG00000251237",289
"ENSG00000251239",738
"ENSG00000251243",440
"ENSG00000251244",6117
"ENSG00000251246",1042
"ENSG00000251247",8842
"ENSG00000251248",445
"ENSG00000251249",10057
"ENSG00000251250",203
"ENSG00000251252",616
"ENSG00000251253",1025
"ENSG00000251254",675
"ENSG00000251256",1002
"ENSG00000251257",2507
"ENSG00000251258",1898
"ENSG00000251259",2667
"ENSG00000251260",644
"ENSG00000251261",306
"ENSG00000251264",832
"ENSG00000251266",1096
"ENSG00000251270",392
"ENSG00000251271",768
"ENSG00000251273",5059
"ENSG00000251276",472
"ENSG00000251278",514
"ENSG00000251279",5156
"ENSG00000251281",425
"ENSG00000251283",2439
"ENSG00000251284",1178
"ENSG00000251285",251
"ENSG00000251286",1042
"ENSG00000251287",1538
"ENSG00000251288",1241
"ENSG00000251291",2330
"ENSG00000251292",639
"ENSG00000251293",1268
"ENSG00000251294",1791
"ENSG00000251296",607
"ENSG00000251297",1305
"ENSG00000251298",2323
"ENSG00000251299",290
"ENSG00000251300",793
"ENSG00000251301",9808
"ENSG00000251303",460
"ENSG00000251306",391
"ENSG00000251307",2431
"ENSG00000251308",322
"ENSG00000251309",603
"ENSG00000251310",1044
"ENSG00000251311",707
"ENSG00000251312",645
"ENSG00000251313",781
"ENSG00000251320",593
"ENSG00000251321",3397
"ENSG00000251322",14270
"ENSG00000251323",2264
"ENSG00000251324",440
"ENSG00000251325",965
"ENSG00000251326",969
"ENSG00000251329",984
"ENSG00000251330",514
"ENSG00000251332",710
"ENSG00000251333",711
"ENSG00000251334",299
"ENSG00000251338",1117
"ENSG00000251339",2948
"ENSG00000251340",1137
"ENSG00000251342",1098
"ENSG00000251345",993
"ENSG00000251347",2164
"ENSG00000251348",1702
"ENSG00000251349",2069
"ENSG00000251350",3293
"ENSG00000251352",707
"ENSG00000251353",333
"ENSG00000251354",779
"ENSG00000251356",637
"ENSG00000251357",788
"ENSG00000251359",3659
"ENSG00000251360",508
"ENSG00000251361",9292
"ENSG00000251363",4810
"ENSG00000251364",12805
"ENSG00000251365",7556
"ENSG00000251366",262
"ENSG00000251367",600
"ENSG00000251368",196
"ENSG00000251369",6960
"ENSG00000251370",1679
"ENSG00000251371",1144
"ENSG00000251372",22403
"ENSG00000251373",913
"ENSG00000251374",103
"ENSG00000251376",591
"ENSG00000251377",3162
"ENSG00000251378",516
"ENSG00000251380",3135
"ENSG00000251381",5770
"ENSG00000251383",1143
"ENSG00000251385",1129
"ENSG00000251387",553
"ENSG00000251388",1177
"ENSG00000251389",1646
"ENSG00000251391",4185
"ENSG00000251393",3537
"ENSG00000251395",355
"ENSG00000251396",15288
"ENSG00000251398",706
"ENSG00000251400",1533
"ENSG00000251401",128
"ENSG00000251402",1395
"ENSG00000251405",1992
"ENSG00000251407",951
"ENSG00000251408",4121
"ENSG00000251409",2796
"ENSG00000251410",4167
"ENSG00000251411",1110
"ENSG00000251412",764
"ENSG00000251413",597
"ENSG00000251414",528
"ENSG00000251417",1970
"ENSG00000251418",647
"ENSG00000251419",1510
"ENSG00000251421",935
"ENSG00000251423",3912
"ENSG00000251424",156
"ENSG00000251426",2170
"ENSG00000251427",709
"ENSG00000251429",919
"ENSG00000251430",196
"ENSG00000251431",356
"ENSG00000251432",12117
"ENSG00000251433",678
"ENSG00000251434",602
"ENSG00000251435",1104
"ENSG00000251436",1738
"ENSG00000251437",318
"ENSG00000251438",1109
"ENSG00000251439",193
"ENSG00000251440",439
"ENSG00000251441",3685
"ENSG00000251442",12584
"ENSG00000251443",6393
"ENSG00000251445",1119
"ENSG00000251446",553
"ENSG00000251447",115
"ENSG00000251448",2614
"ENSG00000251449",315
"ENSG00000251450",4350
"ENSG00000251451",301
"ENSG00000251452",452
"ENSG00000251453",832
"ENSG00000251455",2565
"ENSG00000251456",558
"ENSG00000251458",1606
"ENSG00000251459",1944
"ENSG00000251460",1553
"ENSG00000251461",1398
"ENSG00000251463",1347
"ENSG00000251464",739
"ENSG00000251467",723
"ENSG00000251468",1418
"ENSG00000251470",447
"ENSG00000251471",1252
"ENSG00000251473",1114
"ENSG00000251474",275
"ENSG00000251476",492
"ENSG00000251477",926
"ENSG00000251478",1562
"ENSG00000251482",352
"ENSG00000251483",691
"ENSG00000251484",609
"ENSG00000251485",788
"ENSG00000251487",1271
"ENSG00000251488",587
"ENSG00000251489",530
"ENSG00000251490",699
"ENSG00000251491",975
"ENSG00000251492",394
"ENSG00000251493",2863
"ENSG00000251495",493
"ENSG00000251497",2300
"ENSG00000251498",706
"ENSG00000251501",1770
"ENSG00000251503",2244
"ENSG00000251504",3459
"ENSG00000251508",324
"ENSG00000251510",1710
"ENSG00000251511",1192
"ENSG00000251513",2193
"ENSG00000251515",1162
"ENSG00000251516",372
"ENSG00000251517",1128
"ENSG00000251520",537
"ENSG00000251521",842
"ENSG00000251523",489
"ENSG00000251525",1254
"ENSG00000251526",2756
"ENSG00000251527",768
"ENSG00000251529",491
"ENSG00000251533",2767
"ENSG00000251535",529
"ENSG00000251536",2113
"ENSG00000251537",5514
"ENSG00000251538",5334
"ENSG00000251539",671
"ENSG00000251542",751
"ENSG00000251543",628
"ENSG00000251544",1449
"ENSG00000251545",1116
"ENSG00000251546",376
"ENSG00000251548",619
"ENSG00000251549",208
"ENSG00000251550",308
"ENSG00000251552",724
"ENSG00000251553",1966
"ENSG00000251555",3575
"ENSG00000251556",439
"ENSG00000251557",1321
"ENSG00000251562",10468
"ENSG00000251563",3173
"ENSG00000251566",598
"ENSG00000251567",1591
"ENSG00000251568",1114
"ENSG00000251569",1935
"ENSG00000251571",1994
"ENSG00000251572",903
"ENSG00000251573",3149
"ENSG00000251574",14360
"ENSG00000251575",1832
"ENSG00000251576",2890
"ENSG00000251577",927
"ENSG00000251578",348
"ENSG00000251579",523
"ENSG00000251580",4977
"ENSG00000251583",655
"ENSG00000251584",5369
"ENSG00000251585",496
"ENSG00000251586",1262
"ENSG00000251587",992
"ENSG00000251588",2827
"ENSG00000251590",834
"ENSG00000251591",289
"ENSG00000251593",1732
"ENSG00000251595",2110
"ENSG00000251596",2284
"ENSG00000251597",276
"ENSG00000251598",1802
"ENSG00000251599",449
"ENSG00000251600",27242
"ENSG00000251601",382
"ENSG00000251602",2487
"ENSG00000251604",2845
"ENSG00000251605",412
"ENSG00000251608",1712
"ENSG00000251609",805
"ENSG00000251610",328
"ENSG00000251611",4556
"ENSG00000251614",1517
"ENSG00000251615",3249
"ENSG00000251616",1185
"ENSG00000251618",723
"ENSG00000251619",3497
"ENSG00000251620",4218
"ENSG00000251621",560
"ENSG00000251623",401
"ENSG00000251624",705
"ENSG00000251627",904
"ENSG00000251629",10791
"ENSG00000251630",186
"ENSG00000251632",2290
"ENSG00000251633",698
"ENSG00000251634",2851
"ENSG00000251635",2496
"ENSG00000251636",481
"ENSG00000251637",5065
"ENSG00000251638",283
"ENSG00000251639",1204
"ENSG00000251642",1330
"ENSG00000251643",1223
"ENSG00000251644",657
"ENSG00000251647",639
"ENSG00000251648",682
"ENSG00000251649",1921
"ENSG00000251655",1174
"ENSG00000251656",460
"ENSG00000251660",614
"ENSG00000251661",4079
"ENSG00000251663",245
"ENSG00000251664",5541
"ENSG00000251665",3003
"ENSG00000251666",745
"ENSG00000251667",951
"ENSG00000251668",177
"ENSG00000251669",987
"ENSG00000251670",2664
"ENSG00000251675",664
"ENSG00000251676",6843
"ENSG00000251680",8992
"ENSG00000251682",591
"ENSG00000251685",1620
"ENSG00000251686",929
"ENSG00000251687",794
"ENSG00000251688",2005
"ENSG00000251689",310
"ENSG00000251691",705
"ENSG00000251692",1688
"ENSG00000251694",1593
"ENSG00000251697",284
"ENSG00000251698",115
"ENSG00000251702",110
"ENSG00000251703",101
"ENSG00000251704",93
"ENSG00000251705",152
"ENSG00000251706",61
"ENSG00000251707",60
"ENSG00000251711",64
"ENSG00000251712",62
"ENSG00000251714",235
"ENSG00000251715",83
"ENSG00000251717",135
"ENSG00000251718",113
"ENSG00000251719",100
"ENSG00000251720",60
"ENSG00000251722",68
"ENSG00000251724",61
"ENSG00000251726",61
"ENSG00000251727",99
"ENSG00000251728",96
"ENSG00000251729",127
"ENSG00000251730",135
"ENSG00000251732",296
"ENSG00000251733",131
"ENSG00000251735",124
"ENSG00000251739",101
"ENSG00000251741",126
"ENSG00000251742",244
"ENSG00000251744",105
"ENSG00000251745",62
"ENSG00000251746",99
"ENSG00000251747",62
"ENSG00000251748",126
"ENSG00000251750",111
"ENSG00000251751",234
"ENSG00000251752",174
"ENSG00000251753",104
"ENSG00000251754",105
"ENSG00000251756",110
"ENSG00000251757",107
"ENSG00000251759",94
"ENSG00000251760",117
"ENSG00000251761",107
"ENSG00000251763",104
"ENSG00000251764",82
"ENSG00000251766",119
"ENSG00000251767",62
"ENSG00000251768",91
"ENSG00000251770",83
"ENSG00000251773",104
"ENSG00000251774",102
"ENSG00000251775",143
"ENSG00000251776",289
"ENSG00000251778",96
"ENSG00000251779",98
"ENSG00000251781",94
"ENSG00000251783",106
"ENSG00000251785",84
"ENSG00000251787",62
"ENSG00000251788",116
"ENSG00000251789",135
"ENSG00000251791",265
"ENSG00000251792",102
"ENSG00000251794",71
"ENSG00000251796",138
"ENSG00000251798",104
"ENSG00000251799",97
"ENSG00000251802",133
"ENSG00000251803",113
"ENSG00000251804",81
"ENSG00000251805",128
"ENSG00000251807",96
"ENSG00000251809",329
"ENSG00000251810",208
"ENSG00000251811",120
"ENSG00000251812",99
"ENSG00000251813",103
"ENSG00000251814",275
"ENSG00000251815",96
"ENSG00000251816",43
"ENSG00000251818",138
"ENSG00000251819",103
"ENSG00000251821",92
"ENSG00000251822",114
"ENSG00000251823",44
"ENSG00000251825",252
"ENSG00000251828",134
"ENSG00000251829",115
"ENSG00000251830",102
"ENSG00000251831",107
"ENSG00000251834",108
"ENSG00000251835",76
"ENSG00000251837",97
"ENSG00000251838",96
"ENSG00000251839",62
"ENSG00000251840",288
"ENSG00000251841",105
"ENSG00000251842",103
"ENSG00000251843",102
"ENSG00000251844",92
"ENSG00000251850",107
"ENSG00000251851",105
"ENSG00000251852",101
"ENSG00000251854",100
"ENSG00000251856",92
"ENSG00000251857",118
"ENSG00000251858",129
"ENSG00000251859",104
"ENSG00000251861",116
"ENSG00000251862",84
"ENSG00000251864",107
"ENSG00000251865",96
"ENSG00000251866",140
"ENSG00000251867",1672
"ENSG00000251868",60
"ENSG00000251869",130
"ENSG00000251870",100
"ENSG00000251873",82
"ENSG00000251874",106
"ENSG00000251875",82
"ENSG00000251877",187
"ENSG00000251878",84
"ENSG00000251880",62
"ENSG00000251882",104
"ENSG00000251883",71
"ENSG00000251884",93
"ENSG00000251886",103
"ENSG00000251887",97
"ENSG00000251888",286
"ENSG00000251889",140
"ENSG00000251890",97
"ENSG00000251891",62
"ENSG00000251892",62
"ENSG00000251893",153
"ENSG00000251895",111
"ENSG00000251896",92
"ENSG00000251897",109
"ENSG00000251898",136
"ENSG00000251900",103
"ENSG00000251904",111
"ENSG00000251905",62
"ENSG00000251906",100
"ENSG00000251907",97
"ENSG00000251908",110
"ENSG00000251913",104
"ENSG00000251914",62
"ENSG00000251915",112
"ENSG00000251916",151
"ENSG00000251917",154
"ENSG00000251919",62
"ENSG00000251920",123
"ENSG00000251922",141
"ENSG00000251923",96
"ENSG00000251924",100
"ENSG00000251925",138
"ENSG00000251929",101
"ENSG00000251931",100
"ENSG00000251934",104
"ENSG00000251935",217
"ENSG00000251936",99
"ENSG00000251937",62
"ENSG00000251939",107
"ENSG00000251940",94
"ENSG00000251941",98
"ENSG00000251942",183
"ENSG00000251943",107
"ENSG00000251946",106
"ENSG00000251947",266
"ENSG00000251951",244
"ENSG00000251952",112
"ENSG00000251953",116
"ENSG00000251954",99
"ENSG00000251955",107
"ENSG00000251956",107
"ENSG00000251957",108
"ENSG00000251958",96
"ENSG00000251960",98
"ENSG00000251961",131
"ENSG00000251965",78
"ENSG00000251967",81
"ENSG00000251970",162
"ENSG00000251971",93
"ENSG00000251972",102
"ENSG00000251973",107
"ENSG00000251974",130
"ENSG00000251975",105
"ENSG00000251976",338
"ENSG00000251977",107
"ENSG00000251978",116
"ENSG00000251980",114
"ENSG00000251981",63
"ENSG00000251982",320
"ENSG00000251983",282
"ENSG00000251985",102
"ENSG00000251986",98
"ENSG00000251987",80
"ENSG00000251988",126
"ENSG00000251990",101
"ENSG00000251991",62
"ENSG00000251992",144
"ENSG00000251993",113
"ENSG00000251994",142
"ENSG00000251996",112
"ENSG00000251997",119
"ENSG00000251998",101
"ENSG00000251999",133
"ENSG00000252001",130
"ENSG00000252002",111
"ENSG00000252003",62
"ENSG00000252005",109
"ENSG00000252008",100
"ENSG00000252010",276
"ENSG00000252011",82
"ENSG00000252012",116
"ENSG00000252013",89
"ENSG00000252014",110
"ENSG00000252015",101
"ENSG00000252016",127
"ENSG00000252017",104
"ENSG00000252018",141
"ENSG00000252019",116
"ENSG00000252020",143
"ENSG00000252021",107
"ENSG00000252022",88
"ENSG00000252023",105
"ENSG00000252025",102
"ENSG00000252026",96
"ENSG00000252027",91
"ENSG00000252028",250
"ENSG00000252029",50
"ENSG00000252030",94
"ENSG00000252031",102
"ENSG00000252032",105
"ENSG00000252033",102
"ENSG00000252034",96
"ENSG00000252035",104
"ENSG00000252036",268
"ENSG00000252037",103
"ENSG00000252039",98
"ENSG00000252040",132
"ENSG00000252041",133
"ENSG00000252042",93
"ENSG00000252045",136
"ENSG00000252046",95
"ENSG00000252047",99
"ENSG00000252049",117
"ENSG00000252050",130
"ENSG00000252051",268
"ENSG00000252053",81
"ENSG00000252057",59
"ENSG00000252060",108
"ENSG00000252061",97
"ENSG00000252062",101
"ENSG00000252063",102
"ENSG00000252064",105
"ENSG00000252065",108
"ENSG00000252066",147
"ENSG00000252067",113
"ENSG00000252068",103
"ENSG00000252069",107
"ENSG00000252070",117
"ENSG00000252072",124
"ENSG00000252073",106
"ENSG00000252074",103
"ENSG00000252076",345
"ENSG00000252079",127
"ENSG00000252080",62
"ENSG00000252081",106
"ENSG00000252082",102
"ENSG00000252083",107
"ENSG00000252084",143
"ENSG00000252086",87
"ENSG00000252087",305
"ENSG00000252089",125
"ENSG00000252091",102
"ENSG00000252094",106
"ENSG00000252096",135
"ENSG00000252097",111
"ENSG00000252098",104
"ENSG00000252101",89
"ENSG00000252103",104
"ENSG00000252104",94
"ENSG00000252105",146
"ENSG00000252106",97
"ENSG00000252107",104
"ENSG00000252108",86
"ENSG00000252112",64
"ENSG00000252113",54
"ENSG00000252115",88
"ENSG00000252116",126
"ENSG00000252117",104
"ENSG00000252118",149
"ENSG00000252119",117
"ENSG00000252121",107
"ENSG00000252122",135
"ENSG00000252125",100
"ENSG00000252126",112
"ENSG00000252128",72
"ENSG00000252129",180
"ENSG00000252130",107
"ENSG00000252132",103
"ENSG00000252133",95
"ENSG00000252135",135
"ENSG00000252136",108
"ENSG00000252137",91
"ENSG00000252138",111
"ENSG00000252139",83
"ENSG00000252141",98
"ENSG00000252143",143
"ENSG00000252145",65
"ENSG00000252147",101
"ENSG00000252148",103
"ENSG00000252149",116
"ENSG00000252151",103
"ENSG00000252153",96
"ENSG00000252155",108
"ENSG00000252156",100
"ENSG00000252157",105
"ENSG00000252158",94
"ENSG00000252161",92
"ENSG00000252162",107
"ENSG00000252163",278
"ENSG00000252164",108
"ENSG00000252166",160
"ENSG00000252167",103
"ENSG00000252169",103
"ENSG00000252170",72
"ENSG00000252171",113
"ENSG00000252172",108
"ENSG00000252173",107
"ENSG00000252174",62
"ENSG00000252178",62
"ENSG00000252179",107
"ENSG00000252182",109
"ENSG00000252183",107
"ENSG00000252184",211
"ENSG00000252185",102
"ENSG00000252186",101
"ENSG00000252188",120
"ENSG00000252190",125
"ENSG00000252191",101
"ENSG00000252192",129
"ENSG00000252193",125
"ENSG00000252198",149
"ENSG00000252199",95
"ENSG00000252200",75
"ENSG00000252202",96
"ENSG00000252204",103
"ENSG00000252205",105
"ENSG00000252206",64
"ENSG00000252207",107
"ENSG00000252209",162
"ENSG00000252210",85
"ENSG00000252211",125
"ENSG00000252212",183
"ENSG00000252213",141
"ENSG00000252214",103
"ENSG00000252217",96
"ENSG00000252218",127
"ENSG00000252219",77
"ENSG00000252220",103
"ENSG00000252222",62
"ENSG00000252223",107
"ENSG00000252224",126
"ENSG00000252225",91
"ENSG00000252228",162
"ENSG00000252230",86
"ENSG00000252231",131
"ENSG00000252233",309
"ENSG00000252236",141
"ENSG00000252237",129
"ENSG00000252238",84
"ENSG00000252242",55
"ENSG00000252243",106
"ENSG00000252244",62
"ENSG00000252246",110
"ENSG00000252247",60
"ENSG00000252249",124
"ENSG00000252250",93
"ENSG00000252252",89
"ENSG00000252254",113
"ENSG00000252255",142
"ENSG00000252257",223
"ENSG00000252258",133
"ENSG00000252259",115
"ENSG00000252260",104
"ENSG00000252261",126
"ENSG00000252262",100
"ENSG00000252263",104
"ENSG00000252264",62
"ENSG00000252266",100
"ENSG00000252267",110
"ENSG00000252268",108
"ENSG00000252269",113
"ENSG00000252271",101
"ENSG00000252272",106
"ENSG00000252273",97
"ENSG00000252274",137
"ENSG00000252275",61
"ENSG00000252277",85
"ENSG00000252279",107
"ENSG00000252282",104
"ENSG00000252283",102
"ENSG00000252284",68
"ENSG00000252287",95
"ENSG00000252288",104
"ENSG00000252289",119
"ENSG00000252290",132
"ENSG00000252291",106
"ENSG00000252292",249
"ENSG00000252294",107
"ENSG00000252296",89
"ENSG00000252297",106
"ENSG00000252301",96
"ENSG00000252302",109
"ENSG00000252305",180
"ENSG00000252307",76
"ENSG00000252311",125
"ENSG00000252312",220
"ENSG00000252313",135
"ENSG00000252315",113
"ENSG00000252316",96
"ENSG00000252317",93
"ENSG00000252319",99
"ENSG00000252320",106
"ENSG00000252321",178
"ENSG00000252322",307
"ENSG00000252323",107
"ENSG00000252325",104
"ENSG00000252326",92
"ENSG00000252328",98
"ENSG00000252329",172
"ENSG00000252332",104
"ENSG00000252333",69
"ENSG00000252334",95
"ENSG00000252335",102
"ENSG00000252336",94
"ENSG00000252337",139
"ENSG00000252338",105
"ENSG00000252339",99
"ENSG00000252341",108
"ENSG00000252342",110
"ENSG00000252343",121
"ENSG00000252346",101
"ENSG00000252347",107
"ENSG00000252348",103
"ENSG00000252349",91
"ENSG00000252350",322
"ENSG00000252351",115
"ENSG00000252352",86
"ENSG00000252353",62
"ENSG00000252355",266
"ENSG00000252357",134
"ENSG00000252358",247
"ENSG00000252361",102
"ENSG00000252362",94
"ENSG00000252363",64
"ENSG00000252364",118
"ENSG00000252366",118
"ENSG00000252367",91
"ENSG00000252368",110
"ENSG00000252369",62
"ENSG00000252370",112
"ENSG00000252371",102
"ENSG00000252373",75
"ENSG00000252374",95
"ENSG00000252376",118
"ENSG00000252377",104
"ENSG00000252383",104
"ENSG00000252385",104
"ENSG00000252386",106
"ENSG00000252390",114
"ENSG00000252391",104
"ENSG00000252393",111
"ENSG00000252395",107
"ENSG00000252396",303
"ENSG00000252397",111
"ENSG00000252398",107
"ENSG00000252400",104
"ENSG00000252401",126
"ENSG00000252404",184
"ENSG00000252407",62
"ENSG00000252408",73
"ENSG00000252409",166
"ENSG00000252410",115
"ENSG00000252411",101
"ENSG00000252412",95
"ENSG00000252413",62
"ENSG00000252414",106
"ENSG00000252415",109
"ENSG00000252416",104
"ENSG00000252417",68
"ENSG00000252420",103
"ENSG00000252421",133
"ENSG00000252422",103
"ENSG00000252423",102
"ENSG00000252424",116
"ENSG00000252425",101
"ENSG00000252426",154
"ENSG00000252427",108
"ENSG00000252428",119
"ENSG00000252429",64
"ENSG00000252431",98
"ENSG00000252433",135
"ENSG00000252436",105
"ENSG00000252437",100
"ENSG00000252438",73
"ENSG00000252441",81
"ENSG00000252443",120
"ENSG00000252444",111
"ENSG00000252446",110
"ENSG00000252448",81
"ENSG00000252449",110
"ENSG00000252450",110
"ENSG00000252451",112
"ENSG00000252452",102
"ENSG00000252454",80
"ENSG00000252456",121
"ENSG00000252457",62
"ENSG00000252458",129
"ENSG00000252459",95
"ENSG00000252460",102
"ENSG00000252461",128
"ENSG00000252462",101
"ENSG00000252464",271
"ENSG00000252466",100
"ENSG00000252467",105
"ENSG00000252468",191
"ENSG00000252469",62
"ENSG00000252470",103
"ENSG00000252472",105
"ENSG00000252473",135
"ENSG00000252474",103
"ENSG00000252475",104
"ENSG00000252479",106
"ENSG00000252480",104
"ENSG00000252481",275
"ENSG00000252482",61
"ENSG00000252483",107
"ENSG00000252484",260
"ENSG00000252485",95
"ENSG00000252486",117
"ENSG00000252487",93
"ENSG00000252489",100
"ENSG00000252490",231
"ENSG00000252491",145
"ENSG00000252494",103
"ENSG00000252496",98
"ENSG00000252497",293
"ENSG00000252498",94
"ENSG00000252499",95
"ENSG00000252501",156
"ENSG00000252503",104
"ENSG00000252505",98
"ENSG00000252506",61
"ENSG00000252507",64
"ENSG00000252508",126
"ENSG00000252509",88
"ENSG00000252510",125
"ENSG00000252512",121
"ENSG00000252513",160
"ENSG00000252514",60
"ENSG00000252515",101
"ENSG00000252516",92
"ENSG00000252517",68
"ENSG00000252519",105
"ENSG00000252521",50
"ENSG00000252523",103
"ENSG00000252524",107
"ENSG00000252526",90
"ENSG00000252530",96
"ENSG00000252532",65
"ENSG00000252533",80
"ENSG00000252534",107
"ENSG00000252535",50
"ENSG00000252537",116
"ENSG00000252539",112
"ENSG00000252540",104
"ENSG00000252542",66
"ENSG00000252544",96
"ENSG00000252545",90
"ENSG00000252546",108
"ENSG00000252548",59
"ENSG00000252549",103
"ENSG00000252550",121
"ENSG00000252552",106
"ENSG00000252553",108
"ENSG00000252554",106
"ENSG00000252555",107
"ENSG00000252556",97
"ENSG00000252558",109
"ENSG00000252560",149
"ENSG00000252561",129
"ENSG00000252562",99
"ENSG00000252563",92
"ENSG00000252568",62
"ENSG00000252569",105
"ENSG00000252574",68
"ENSG00000252577",131
"ENSG00000252578",101
"ENSG00000252580",132
"ENSG00000252581",96
"ENSG00000252582",139
"ENSG00000252583",80
"ENSG00000252585",113
"ENSG00000252587",111
"ENSG00000252590",65
"ENSG00000252591",93
"ENSG00000252593",99
"ENSG00000252594",107
"ENSG00000252595",223
"ENSG00000252597",62
"ENSG00000252598",100
"ENSG00000252599",107
"ENSG00000252601",115
"ENSG00000252603",89
"ENSG00000252604",194
"ENSG00000252606",99
"ENSG00000252607",118
"ENSG00000252608",107
"ENSG00000252611",109
"ENSG00000252612",93
"ENSG00000252614",107
"ENSG00000252615",100
"ENSG00000252618",88
"ENSG00000252619",97
"ENSG00000252620",135
"ENSG00000252621",110
"ENSG00000252622",102
"ENSG00000252623",122
"ENSG00000252624",109
"ENSG00000252625",164
"ENSG00000252626",103
"ENSG00000252627",107
"ENSG00000252628",85
"ENSG00000252633",299
"ENSG00000252634",296
"ENSG00000252635",190
"ENSG00000252636",104
"ENSG00000252637",124
"ENSG00000252639",143
"ENSG00000252640",118
"ENSG00000252641",109
"ENSG00000252642",135
"ENSG00000252643",104
"ENSG00000252644",62
"ENSG00000252645",62
"ENSG00000252647",111
"ENSG00000252649",109
"ENSG00000252650",111
"ENSG00000252651",110
"ENSG00000252652",96
"ENSG00000252653",106
"ENSG00000252654",62
"ENSG00000252655",111
"ENSG00000252656",250
"ENSG00000252657",126
"ENSG00000252658",90
"ENSG00000252659",104
"ENSG00000252660",102
"ENSG00000252661",104
"ENSG00000252667",113
"ENSG00000252671",110
"ENSG00000252673",134
"ENSG00000252674",106
"ENSG00000252677",170
"ENSG00000252680",130
"ENSG00000252681",164
"ENSG00000252682",68
"ENSG00000252684",80
"ENSG00000252685",104
"ENSG00000252686",103
"ENSG00000252688",102
"ENSG00000252689",132
"ENSG00000252691",84
"ENSG00000252692",86
"ENSG00000252693",107
"ENSG00000252695",89
"ENSG00000252696",130
"ENSG00000252697",304
"ENSG00000252699",136
"ENSG00000252700",62
"ENSG00000252704",283
"ENSG00000252705",107
"ENSG00000252707",142
"ENSG00000252710",104
"ENSG00000252711",319
"ENSG00000252712",136
"ENSG00000252713",67
"ENSG00000252714",112
"ENSG00000252716",149
"ENSG00000252717",107
"ENSG00000252718",102
"ENSG00000252719",131
"ENSG00000252720",111
"ENSG00000252721",103
"ENSG00000252722",131
"ENSG00000252723",101
"ENSG00000252724",95
"ENSG00000252725",99
"ENSG00000252726",108
"ENSG00000252727",132
"ENSG00000252729",106
"ENSG00000252734",103
"ENSG00000252735",100
"ENSG00000252739",53
"ENSG00000252742",99
"ENSG00000252743",103
"ENSG00000252744",124
"ENSG00000252745",115
"ENSG00000252746",96
"ENSG00000252747",78
"ENSG00000252749",62
"ENSG00000252750",66
"ENSG00000252751",93
"ENSG00000252752",95
"ENSG00000252755",107
"ENSG00000252756",98
"ENSG00000252757",297
"ENSG00000252758",107
"ENSG00000252759",96
"ENSG00000252760",92
"ENSG00000252761",92
"ENSG00000252762",127
"ENSG00000252763",155
"ENSG00000252764",87
"ENSG00000252765",187
"ENSG00000252766",105
"ENSG00000252767",103
"ENSG00000252768",98
"ENSG00000252769",98
"ENSG00000252770",62
"ENSG00000252772",103
"ENSG00000252774",160
"ENSG00000252776",122
"ENSG00000252777",130
"ENSG00000252778",131
"ENSG00000252779",105
"ENSG00000252780",106
"ENSG00000252782",96
"ENSG00000252783",104
"ENSG00000252784",110
"ENSG00000252787",73
"ENSG00000252794",239
"ENSG00000252795",93
"ENSG00000252796",62
"ENSG00000252797",232
"ENSG00000252798",238
"ENSG00000252800",142
"ENSG00000252802",102
"ENSG00000252804",106
"ENSG00000252806",137
"ENSG00000252807",103
"ENSG00000252810",107
"ENSG00000252812",319
"ENSG00000252814",110
"ENSG00000252815",107
"ENSG00000252816",109
"ENSG00000252820",92
"ENSG00000252821",105
"ENSG00000252822",96
"ENSG00000252823",94
"ENSG00000252824",89
"ENSG00000252826",135
"ENSG00000252827",287
"ENSG00000252828",125
"ENSG00000252830",110
"ENSG00000252832",104
"ENSG00000252833",94
"ENSG00000252835",139
"ENSG00000252837",307
"ENSG00000252839",63
"ENSG00000252840",108
"ENSG00000252845",108
"ENSG00000252847",113
"ENSG00000252848",122
"ENSG00000252850",158
"ENSG00000252852",134
"ENSG00000252854",272
"ENSG00000252856",117
"ENSG00000252857",105
"ENSG00000252858",105
"ENSG00000252859",100
"ENSG00000252860",105
"ENSG00000252861",107
"ENSG00000252863",60
"ENSG00000252864",102
"ENSG00000252866",35
"ENSG00000252867",107
"ENSG00000252868",112
"ENSG00000252870",156
"ENSG00000252872",64
"ENSG00000252874",90
"ENSG00000252877",116
"ENSG00000252879",156
"ENSG00000252881",102
"ENSG00000252882",99
"ENSG00000252884",94
"ENSG00000252886",297
"ENSG00000252887",107
"ENSG00000252888",126
"ENSG00000252889",99
"ENSG00000252890",110
"ENSG00000252891",110
"ENSG00000252892",115
"ENSG00000252894",113
"ENSG00000252897",95
"ENSG00000252898",102
"ENSG00000252900",106
"ENSG00000252902",50
"ENSG00000252903",105
"ENSG00000252904",137
"ENSG00000252905",96
"ENSG00000252906",143
"ENSG00000252908",105
"ENSG00000252909",61
"ENSG00000252913",100
"ENSG00000252914",102
"ENSG00000252915",92
"ENSG00000252916",102
"ENSG00000252917",154
"ENSG00000252919",102
"ENSG00000252920",133
"ENSG00000252922",106
"ENSG00000252923",183
"ENSG00000252927",132
"ENSG00000252928",105
"ENSG00000252929",105
"ENSG00000252930",99
"ENSG00000252931",103
"ENSG00000252933",104
"ENSG00000252934",64
"ENSG00000252935",108
"ENSG00000252936",109
"ENSG00000252937",108
"ENSG00000252941",107
"ENSG00000252942",127
"ENSG00000252943",104
"ENSG00000252944",105
"ENSG00000252945",88
"ENSG00000252947",166
"ENSG00000252948",104
"ENSG00000252950",136
"ENSG00000252951",115
"ENSG00000252952",103
"ENSG00000252953",64
"ENSG00000252955",126
"ENSG00000252956",110
"ENSG00000252957",110
"ENSG00000252959",101
"ENSG00000252960",304
"ENSG00000252962",95
"ENSG00000252963",244
"ENSG00000252964",111
"ENSG00000252965",106
"ENSG00000252969",124
"ENSG00000252970",103
"ENSG00000252971",102
"ENSG00000252973",93
"ENSG00000252975",92
"ENSG00000252977",79
"ENSG00000252978",324
"ENSG00000252979",99
"ENSG00000252980",100
"ENSG00000252982",224
"ENSG00000252983",62
"ENSG00000252984",102
"ENSG00000252985",78
"ENSG00000252987",101
"ENSG00000252988",105
"ENSG00000252989",77
"ENSG00000252990",120
"ENSG00000252991",106
"ENSG00000252992",154
"ENSG00000252993",124
"ENSG00000252994",103
"ENSG00000252995",102
"ENSG00000252996",99
"ENSG00000252998",103
"ENSG00000252999",98
"ENSG00000253000",141
"ENSG00000253001",314
"ENSG00000253003",104
"ENSG00000253005",105
"ENSG00000253006",270
"ENSG00000253007",135
"ENSG00000253008",87
"ENSG00000253010",314
"ENSG00000253013",135
"ENSG00000253015",328
"ENSG00000253016",102
"ENSG00000253019",151
"ENSG00000253020",242
"ENSG00000253021",91
"ENSG00000253022",111
"ENSG00000253023",74
"ENSG00000253024",102
"ENSG00000253025",168
"ENSG00000253026",104
"ENSG00000253027",151
"ENSG00000253028",133
"ENSG00000253030",80
"ENSG00000253031",105
"ENSG00000253032",100
"ENSG00000253035",126
"ENSG00000253038",104
"ENSG00000253039",109
"ENSG00000253040",127
"ENSG00000253041",57
"ENSG00000253042",118
"ENSG00000253043",74
"ENSG00000253047",121
"ENSG00000253048",135
"ENSG00000253049",103
"ENSG00000253051",134
"ENSG00000253053",295
"ENSG00000253054",60
"ENSG00000253055",115
"ENSG00000253056",62
"ENSG00000253057",293
"ENSG00000253058",129
"ENSG00000253059",137
"ENSG00000253060",106
"ENSG00000253063",90
"ENSG00000253064",106
"ENSG00000253065",115
"ENSG00000253066",104
"ENSG00000253067",68
"ENSG00000253070",64
"ENSG00000253072",86
"ENSG00000253073",153
"ENSG00000253074",104
"ENSG00000253075",244
"ENSG00000253077",117
"ENSG00000253078",99
"ENSG00000253079",370
"ENSG00000253080",95
"ENSG00000253081",120
"ENSG00000253083",100
"ENSG00000253084",65
"ENSG00000253085",130
"ENSG00000253086",103
"ENSG00000253087",101
"ENSG00000253088",114
"ENSG00000253089",175
"ENSG00000253090",115
"ENSG00000253092",198
"ENSG00000253093",121
"ENSG00000253094",80
"ENSG00000253096",98
"ENSG00000253097",84
"ENSG00000253098",62
"ENSG00000253099",128
"ENSG00000253100",4049
"ENSG00000253102",1962
"ENSG00000253103",3782
"ENSG00000253104",501
"ENSG00000253105",2367
"ENSG00000253106",2355
"ENSG00000253107",1111
"ENSG00000253108",582
"ENSG00000253109",490
"ENSG00000253110",705
"ENSG00000253111",3334
"ENSG00000253112",407
"ENSG00000253114",730
"ENSG00000253116",625
"ENSG00000253117",1788
"ENSG00000253118",237
"ENSG00000253119",982
"ENSG00000253120",283
"ENSG00000253121",667
"ENSG00000253122",607
"ENSG00000253123",4854
"ENSG00000253124",409
"ENSG00000253125",2191
"ENSG00000253126",342
"ENSG00000253127",226
"ENSG00000253130",4143
"ENSG00000253131",351
"ENSG00000253132",340
"ENSG00000253133",4033
"ENSG00000253134",346
"ENSG00000253135",476
"ENSG00000253137",1045
"ENSG00000253138",6309
"ENSG00000253140",826
"ENSG00000253141",2350
"ENSG00000253142",1152
"ENSG00000253143",736
"ENSG00000253144",515
"ENSG00000253146",1133
"ENSG00000253147",1050
"ENSG00000253148",1794
"ENSG00000253149",253
"ENSG00000253152",244
"ENSG00000253153",481
"ENSG00000253154",6992
"ENSG00000253155",435
"ENSG00000253156",340
"ENSG00000253158",329
"ENSG00000253159",4893
"ENSG00000253160",535
"ENSG00000253161",17455
"ENSG00000253162",463
"ENSG00000253163",1660
"ENSG00000253164",3552
"ENSG00000253165",1041
"ENSG00000253166",164
"ENSG00000253167",587
"ENSG00000253168",860
"ENSG00000253169",302
"ENSG00000253170",525
"ENSG00000253171",647
"ENSG00000253172",496
"ENSG00000253173",382
"ENSG00000253174",1189
"ENSG00000253175",375
"ENSG00000253176",717
"ENSG00000253177",3946
"ENSG00000253178",205
"ENSG00000253179",212
"ENSG00000253180",436
"ENSG00000253181",2212
"ENSG00000253182",3093
"ENSG00000253183",1360
"ENSG00000253184",622
"ENSG00000253186",300
"ENSG00000253187",2459
"ENSG00000253188",344
"ENSG00000253189",331
"ENSG00000253190",3678
"ENSG00000253191",318
"ENSG00000253194",2759
"ENSG00000253195",311
"ENSG00000253196",2120
"ENSG00000253198",322
"ENSG00000253199",3424
"ENSG00000253200",2750
"ENSG00000253202",253
"ENSG00000253203",423
"ENSG00000253204",276
"ENSG00000253205",3256
"ENSG00000253206",407
"ENSG00000253207",1584
"ENSG00000253208",795
"ENSG00000253209",341
"ENSG00000253210",3490
"ENSG00000253213",1117
"ENSG00000253214",3624
"ENSG00000253215",529
"ENSG00000253216",204
"ENSG00000253217",2192
"ENSG00000253218",1022
"ENSG00000253219",1277
"ENSG00000253220",1571
"ENSG00000253223",2053
"ENSG00000253224",814
"ENSG00000253225",172
"ENSG00000253226",662
"ENSG00000253227",2973
"ENSG00000253228",850
"ENSG00000253229",279
"ENSG00000253230",7434
"ENSG00000253231",226
"ENSG00000253232",138
"ENSG00000253233",186
"ENSG00000253234",277
"ENSG00000253236",1940
"ENSG00000253237",285
"ENSG00000253238",7416
"ENSG00000253239",390
"ENSG00000253240",401
"ENSG00000253241",317
"ENSG00000253242",301
"ENSG00000253244",289
"ENSG00000253245",936
"ENSG00000253247",295
"ENSG00000253250",1041
"ENSG00000253251",1739
"ENSG00000253252",366
"ENSG00000253257",130
"ENSG00000253258",777
"ENSG00000253259",474
"ENSG00000253260",1069
"ENSG00000253261",339
"ENSG00000253262",225
"ENSG00000253263",533
"ENSG00000253265",347
"ENSG00000253266",1132
"ENSG00000253267",2266
"ENSG00000253269",283
"ENSG00000253270",1128
"ENSG00000253271",328
"ENSG00000253273",805
"ENSG00000253274",357
"ENSG00000253275",328
"ENSG00000253276",6799
"ENSG00000253278",351
"ENSG00000253279",4341
"ENSG00000253280",362
"ENSG00000253281",3077
"ENSG00000253282",1441
"ENSG00000253283",572
"ENSG00000253284",5391
"ENSG00000253286",3984
"ENSG00000253287",894
"ENSG00000253288",5933
"ENSG00000253290",267
"ENSG00000253291",347
"ENSG00000253292",835
"ENSG00000253293",3707
"ENSG00000253294",58
"ENSG00000253295",1989
"ENSG00000253297",1704
"ENSG00000253298",2730
"ENSG00000253299",253
"ENSG00000253300",3481
"ENSG00000253301",13845
"ENSG00000253302",2279
"ENSG00000253303",250
"ENSG00000253304",2606
"ENSG00000253305",6778
"ENSG00000253307",397
"ENSG00000253308",786
"ENSG00000253309",2608
"ENSG00000253310",286
"ENSG00000253311",9162
"ENSG00000253312",148
"ENSG00000253313",1522
"ENSG00000253314",8607
"ENSG00000253315",4565
"ENSG00000253317",798
"ENSG00000253318",1980
"ENSG00000253319",214
"ENSG00000253320",9501
"ENSG00000253321",841
"ENSG00000253322",1004
"ENSG00000253325",350
"ENSG00000253326",1243
"ENSG00000253327",2010
"ENSG00000253328",295
"ENSG00000253329",298
"ENSG00000253330",1108
"ENSG00000253331",674
"ENSG00000253332",307
"ENSG00000253333",371
"ENSG00000253334",478
"ENSG00000253335",545
"ENSG00000253336",2149
"ENSG00000253338",244
"ENSG00000253339",2459
"ENSG00000253340",533
"ENSG00000253341",1001
"ENSG00000253342",465
"ENSG00000253343",397
"ENSG00000253344",836
"ENSG00000253345",265
"ENSG00000253346",317
"ENSG00000253347",513
"ENSG00000253348",5426
"ENSG00000253349",255
"ENSG00000253351",1520
"ENSG00000253352",10151
"ENSG00000253354",1464
"ENSG00000253355",3399
"ENSG00000253356",562
"ENSG00000253357",474
"ENSG00000253358",1169
"ENSG00000253359",340
"ENSG00000253361",5865
"ENSG00000253362",381
"ENSG00000253363",4461
"ENSG00000253364",548
"ENSG00000253365",324
"ENSG00000253366",640
"ENSG00000253367",241
"ENSG00000253368",3005
"ENSG00000253370",110
"ENSG00000253372",1018
"ENSG00000253373",453
"ENSG00000253374",3940
"ENSG00000253376",2319
"ENSG00000253377",3654
"ENSG00000253380",351
"ENSG00000253382",823
"ENSG00000253383",310
"ENSG00000253384",1119
"ENSG00000253385",770
"ENSG00000253386",224
"ENSG00000253387",99
"ENSG00000253388",169
"ENSG00000253389",2513
"ENSG00000253390",630
"ENSG00000253391",505
"ENSG00000253392",3040
"ENSG00000253393",271
"ENSG00000253394",14872
"ENSG00000253395",2033
"ENSG00000253396",2089
"ENSG00000253397",590
"ENSG00000253398",325
"ENSG00000253399",441
"ENSG00000253401",911
"ENSG00000253403",449
"ENSG00000253404",986
"ENSG00000253405",1396
"ENSG00000253406",4533
"ENSG00000253407",1185
"ENSG00000253408",3006
"ENSG00000253409",347
"ENSG00000253410",58
"ENSG00000253412",291
"ENSG00000253413",217
"ENSG00000253415",1069
"ENSG00000253416",651
"ENSG00000253417",2323
"ENSG00000253418",779
"ENSG00000253420",649
"ENSG00000253421",444
"ENSG00000253422",666
"ENSG00000253423",1480
"ENSG00000253424",548
"ENSG00000253425",472
"ENSG00000253427",729
"ENSG00000253428",3564
"ENSG00000253429",293
"ENSG00000253430",508
"ENSG00000253431",1100
"ENSG00000253432",485
"ENSG00000253433",6696
"ENSG00000253434",4222
"ENSG00000253435",340
"ENSG00000253437",107
"ENSG00000253438",22264
"ENSG00000253439",553
"ENSG00000253440",346
"ENSG00000253441",351
"ENSG00000253445",2954
"ENSG00000253447",1721
"ENSG00000253448",250
"ENSG00000253449",771
"ENSG00000253451",304
"ENSG00000253452",14665
"ENSG00000253454",344
"ENSG00000253455",1216
"ENSG00000253456",542
"ENSG00000253457",925
"ENSG00000253458",220
"ENSG00000253460",360
"ENSG00000253461",285
"ENSG00000253462",250
"ENSG00000253463",577
"ENSG00000253465",338
"ENSG00000253467",296
"ENSG00000253468",587
"ENSG00000253469",630
"ENSG00000253470",769
"ENSG00000253471",771
"ENSG00000253472",638
"ENSG00000253474",3233
"ENSG00000253475",283
"ENSG00000253476",528
"ENSG00000253477",1358
"ENSG00000253479",3116
"ENSG00000253480",1015
"ENSG00000253481",360
"ENSG00000253482",325
"ENSG00000253483",519
"ENSG00000253485",5799
"ENSG00000253487",223
"ENSG00000253488",632
"ENSG00000253489",191
"ENSG00000253490",5541
"ENSG00000253491",301
"ENSG00000253492",295
"ENSG00000253493",361
"ENSG00000253495",313
"ENSG00000253496",4122
"ENSG00000253497",347
"ENSG00000253499",512
"ENSG00000253500",2921
"ENSG00000253501",302
"ENSG00000253502",346
"ENSG00000253503",3073
"ENSG00000253504",1124
"ENSG00000253505",1676
"ENSG00000253506",799
"ENSG00000253507",1463
"ENSG00000253508",556
"ENSG00000253509",255
"ENSG00000253510",3059
"ENSG00000253512",330
"ENSG00000253513",503
"ENSG00000253515",1193
"ENSG00000253516",440
"ENSG00000253517",2067
"ENSG00000253519",2962
"ENSG00000253520",290
"ENSG00000253521",3103
"ENSG00000253522",4024
"ENSG00000253523",877
"ENSG00000253524",1023
"ENSG00000253525",1464
"ENSG00000253526",445
"ENSG00000253527",527
"ENSG00000253528",281
"ENSG00000253530",746
"ENSG00000253532",595
"ENSG00000253534",341
"ENSG00000253535",4012
"ENSG00000253536",556
"ENSG00000253537",5439
"ENSG00000253538",389
"ENSG00000253539",648
"ENSG00000253540",959
"ENSG00000253541",1162
"ENSG00000253542",955
"ENSG00000253543",376
"ENSG00000253544",819
"ENSG00000253545",353
"ENSG00000253546",211
"ENSG00000253547",1342
"ENSG00000253548",294
"ENSG00000253549",4347
"ENSG00000253550",444
"ENSG00000253551",1438
"ENSG00000253552",5431
"ENSG00000253553",13649
"ENSG00000253554",12164
"ENSG00000253555",1406
"ENSG00000253556",1409
"ENSG00000253557",7432
"ENSG00000253558",2249
"ENSG00000253559",997
"ENSG00000253560",310
"ENSG00000253561",566
"ENSG00000253562",493
"ENSG00000253563",3898
"ENSG00000253564",699
"ENSG00000253567",859
"ENSG00000253568",160
"ENSG00000253569",775
"ENSG00000253570",540
"ENSG00000253571",996
"ENSG00000253572",1196
"ENSG00000253573",1913
"ENSG00000253574",687
"ENSG00000253576",410
"ENSG00000253577",3027
"ENSG00000253578",326
"ENSG00000253579",264
"ENSG00000253580",943
"ENSG00000253581",476
"ENSG00000253582",1071
"ENSG00000253583",1649
"ENSG00000253585",668
"ENSG00000253586",356
"ENSG00000253587",355
"ENSG00000253590",223
"ENSG00000253591",1771
"ENSG00000253592",247
"ENSG00000253593",782
"ENSG00000253595",870
"ENSG00000253596",979
"ENSG00000253598",1428
"ENSG00000253600",451
"ENSG00000253602",282
"ENSG00000253603",1456
"ENSG00000253604",550
"ENSG00000253605",957
"ENSG00000253606",1763
"ENSG00000253607",625
"ENSG00000253608",4313
"ENSG00000253610",120
"ENSG00000253611",850
"ENSG00000253612",208
"ENSG00000253613",872
"ENSG00000253614",2971
"ENSG00000253615",150
"ENSG00000253616",881
"ENSG00000253617",174
"ENSG00000253618",758
"ENSG00000253619",776
"ENSG00000253620",137
"ENSG00000253621",393
"ENSG00000253622",497
"ENSG00000253623",839
"ENSG00000253625",323
"ENSG00000253626",3908
"ENSG00000253627",426
"ENSG00000253628",765
"ENSG00000253629",361
"ENSG00000253630",204
"ENSG00000253631",340
"ENSG00000253632",4084
"ENSG00000253633",3719
"ENSG00000253634",5510
"ENSG00000253635",232
"ENSG00000253636",3559
"ENSG00000253637",304
"ENSG00000253638",480
"ENSG00000253639",252
"ENSG00000253641",3195
"ENSG00000253642",8055
"ENSG00000253643",1985
"ENSG00000253644",605
"ENSG00000253645",650
"ENSG00000253646",851
"ENSG00000253647",1218
"ENSG00000253648",389
"ENSG00000253649",3075
"ENSG00000253650",241
"ENSG00000253651",454
"ENSG00000253652",2081
"ENSG00000253653",911
"ENSG00000253654",669
"ENSG00000253655",475
"ENSG00000253656",2982
"ENSG00000253657",532
"ENSG00000253658",7131
"ENSG00000253659",2289
"ENSG00000253660",663
"ENSG00000253661",12121
"ENSG00000253663",846
"ENSG00000253664",519
"ENSG00000253665",7678
"ENSG00000253666",7629
"ENSG00000253667",2479
"ENSG00000253668",200
"ENSG00000253669",3830
"ENSG00000253670",575
"ENSG00000253672",555
"ENSG00000253673",1934
"ENSG00000253674",269
"ENSG00000253675",502
"ENSG00000253676",587
"ENSG00000253677",360
"ENSG00000253678",2102
"ENSG00000253679",2828
"ENSG00000253680",169
"ENSG00000253681",339
"ENSG00000253682",1657
"ENSG00000253683",192
"ENSG00000253684",359
"ENSG00000253685",206
"ENSG00000253686",6521
"ENSG00000253687",731
"ENSG00000253688",1579
"ENSG00000253690",1136
"ENSG00000253691",367
"ENSG00000253692",651
"ENSG00000253693",2896
"ENSG00000253695",3210
"ENSG00000253696",3659
"ENSG00000253697",144
"ENSG00000253698",666
"ENSG00000253699",733
"ENSG00000253702",3819
"ENSG00000253703",352
"ENSG00000253704",6005
"ENSG00000253706",5389
"ENSG00000253707",181
"ENSG00000253708",583
"ENSG00000253709",241
"ENSG00000253710",15689
"ENSG00000253711",680
"ENSG00000253712",490
"ENSG00000253713",490
"ENSG00000253714",255
"ENSG00000253715",602
"ENSG00000253716",1567
"ENSG00000253717",476
"ENSG00000253719",7596
"ENSG00000253720",2438
"ENSG00000253721",283
"ENSG00000253722",696
"ENSG00000253723",310
"ENSG00000253725",1038
"ENSG00000253726",1722
"ENSG00000253728",378
"ENSG00000253729",29073
"ENSG00000253730",3560
"ENSG00000253731",7929
"ENSG00000253732",283
"ENSG00000253733",892
"ENSG00000253734",5024
"ENSG00000253736",4151
"ENSG00000253738",9834
"ENSG00000253739",107
"ENSG00000253740",475
"ENSG00000253741",8029
"ENSG00000253742",354
"ENSG00000253743",1670
"ENSG00000253744",481
"ENSG00000253745",2689
"ENSG00000253746",578
"ENSG00000253747",235
"ENSG00000253748",412
"ENSG00000253749",478
"ENSG00000253750",240
"ENSG00000253752",384
"ENSG00000253754",447
"ENSG00000253755",1178
"ENSG00000253756",277
"ENSG00000253759",280
"ENSG00000253760",457
"ENSG00000253763",347
"ENSG00000253764",2897
"ENSG00000253765",262
"ENSG00000253767",8657
"ENSG00000253768",4216
"ENSG00000253770",568
"ENSG00000253771",593
"ENSG00000253772",701
"ENSG00000253773",11229
"ENSG00000253775",3313
"ENSG00000253776",567
"ENSG00000253777",525
"ENSG00000253778",2181
"ENSG00000253779",249
"ENSG00000253780",291
"ENSG00000253781",1027
"ENSG00000253782",1177
"ENSG00000253783",552
"ENSG00000253784",488
"ENSG00000253785",864
"ENSG00000253786",244
"ENSG00000253787",1651
"ENSG00000253789",679
"ENSG00000253790",631
"ENSG00000253792",608
"ENSG00000253793",863
"ENSG00000253794",325
"ENSG00000253795",940
"ENSG00000253796",4487
"ENSG00000253797",5529
"ENSG00000253798",945
"ENSG00000253799",7498
"ENSG00000253800",420
"ENSG00000253801",334
"ENSG00000253802",3743
"ENSG00000253803",1144
"ENSG00000253806",340
"ENSG00000253807",6886
"ENSG00000253808",37
"ENSG00000253809",254
"ENSG00000253810",1106
"ENSG00000253811",563
"ENSG00000253813",484
"ENSG00000253814",130
"ENSG00000253816",497
"ENSG00000253817",292
"ENSG00000253818",406
"ENSG00000253819",12151
"ENSG00000253820",46
"ENSG00000253821",4748
"ENSG00000253822",197
"ENSG00000253823",441
"ENSG00000253824",4212
"ENSG00000253825",474
"ENSG00000253826",364
"ENSG00000253828",667
"ENSG00000253829",387
"ENSG00000253831",2100
"ENSG00000253832",6674
"ENSG00000253833",391
"ENSG00000253834",939
"ENSG00000253836",814
"ENSG00000253837",4834
"ENSG00000253838",102
"ENSG00000253840",274
"ENSG00000253841",487
"ENSG00000253843",778
"ENSG00000253845",253
"ENSG00000253846",6639
"ENSG00000253848",673
"ENSG00000253849",438
"ENSG00000253851",583
"ENSG00000253852",617
"ENSG00000253853",10599
"ENSG00000253854",939
"ENSG00000253855",2681
"ENSG00000253857",845
"ENSG00000253858",567
"ENSG00000253860",293
"ENSG00000253861",1451
"ENSG00000253862",331
"ENSG00000253865",2377
"ENSG00000253866",403
"ENSG00000253868",5133
"ENSG00000253869",653
"ENSG00000253870",311
"ENSG00000253871",3431
"ENSG00000253873",5810
"ENSG00000253874",460
"ENSG00000253875",3800
"ENSG00000253877",13052
"ENSG00000253879",1737
"ENSG00000253880",934
"ENSG00000253881",349
"ENSG00000253882",625
"ENSG00000253883",291
"ENSG00000253884",181
"ENSG00000253885",511
"ENSG00000253886",1168
"ENSG00000253887",2472
"ENSG00000253888",1147
"ENSG00000253889",385
"ENSG00000253892",594
"ENSG00000253893",12433
"ENSG00000253894",6610
"ENSG00000253895",250
"ENSG00000253896",1083
"ENSG00000253897",1176
"ENSG00000253898",1540
"ENSG00000253899",1283
"ENSG00000253900",295
"ENSG00000253901",2523
"ENSG00000253903",815
"ENSG00000253906",281
"ENSG00000253907",476
"ENSG00000253908",687
"ENSG00000253910",4813
"ENSG00000253911",301
"ENSG00000253912",183
"ENSG00000253913",302
"ENSG00000253915",797
"ENSG00000253916",802
"ENSG00000253917",7978
"ENSG00000253919",2290
"ENSG00000253920",297
"ENSG00000253921",1145
"ENSG00000253923",975
"ENSG00000253924",3038
"ENSG00000253925",2866
"ENSG00000253926",3102
"ENSG00000253927",771
"ENSG00000253930",637
"ENSG00000253931",544
"ENSG00000253932",3488
"ENSG00000253934",465
"ENSG00000253935",367
"ENSG00000253936",341
"ENSG00000253937",878
"ENSG00000253939",502
"ENSG00000253940",163
"ENSG00000253941",259
"ENSG00000253942",633
"ENSG00000253943",1282
"ENSG00000253944",6341
"ENSG00000253945",93
"ENSG00000253946",483
"ENSG00000253947",489
"ENSG00000253948",6199
"ENSG00000253949",382
"ENSG00000253951",616
"ENSG00000253952",278
"ENSG00000253953",6902
"ENSG00000253954",303
"ENSG00000253955",4449
"ENSG00000253956",773
"ENSG00000253957",359
"ENSG00000253958",2160
"ENSG00000253959",1197
"ENSG00000253961",758
"ENSG00000253963",229
"ENSG00000253964",373
"ENSG00000253965",2510
"ENSG00000253966",1337
"ENSG00000253967",2943
"ENSG00000253968",4026
"ENSG00000253970",640
"ENSG00000253971",633
"ENSG00000253972",2010
"ENSG00000253973",6466
"ENSG00000253974",2526
"ENSG00000253975",1614
"ENSG00000253976",813
"ENSG00000253977",247
"ENSG00000253978",2283
"ENSG00000253979",360
"ENSG00000253980",569
"ENSG00000253981",584
"ENSG00000253982",4813
"ENSG00000253986",3006
"ENSG00000253989",282
"ENSG00000253991",539
"ENSG00000253992",825
"ENSG00000253993",300
"ENSG00000253994",501
"ENSG00000253995",309
"ENSG00000253997",385
"ENSG00000253998",372
"ENSG00000253999",281
"ENSG00000254000",331
"ENSG00000254001",734
"ENSG00000254002",2794
"ENSG00000254003",5770
"ENSG00000254004",5571
"ENSG00000254006",1646
"ENSG00000254007",2195
"ENSG00000254008",3671
"ENSG00000254009",240
"ENSG00000254011",436
"ENSG00000254012",313
"ENSG00000254013",1188
"ENSG00000254014",183
"ENSG00000254015",282
"ENSG00000254016",430
"ENSG00000254017",1256
"ENSG00000254019",584
"ENSG00000254020",270
"ENSG00000254021",489
"ENSG00000254023",306
"ENSG00000254024",5338
"ENSG00000254025",908
"ENSG00000254026",550
"ENSG00000254027",1992
"ENSG00000254029",248
"ENSG00000254030",293
"ENSG00000254031",2671
"ENSG00000254033",430
"ENSG00000254034",2625
"ENSG00000254035",674
"ENSG00000254036",88
"ENSG00000254037",497
"ENSG00000254038",639
"ENSG00000254040",2161
"ENSG00000254041",1031
"ENSG00000254042",5280
"ENSG00000254043",738
"ENSG00000254044",770
"ENSG00000254045",28
"ENSG00000254046",334
"ENSG00000254047",935
"ENSG00000254048",752
"ENSG00000254049",800
"ENSG00000254050",513
"ENSG00000254051",454
"ENSG00000254052",296
"ENSG00000254053",261
"ENSG00000254054",1468
"ENSG00000254055",2969
"ENSG00000254056",359
"ENSG00000254057",528
"ENSG00000254060",545
"ENSG00000254061",433
"ENSG00000254063",589
"ENSG00000254064",917
"ENSG00000254065",463
"ENSG00000254066",3610
"ENSG00000254067",1362
"ENSG00000254069",826
"ENSG00000254070",88
"ENSG00000254073",151
"ENSG00000254075",341
"ENSG00000254076",1744
"ENSG00000254077",271
"ENSG00000254079",453
"ENSG00000254080",1213
"ENSG00000254081",2905
"ENSG00000254083",1341
"ENSG00000254084",578
"ENSG00000254086",1879
"ENSG00000254087",6164
"ENSG00000254088",1471
"ENSG00000254089",3615
"ENSG00000254090",1038
"ENSG00000254091",437
"ENSG00000254092",15383
"ENSG00000254093",2804
"ENSG00000254094",527
"ENSG00000254097",235
"ENSG00000254098",343
"ENSG00000254099",344
"ENSG00000254101",30436
"ENSG00000254102",3683
"ENSG00000254103",481
"ENSG00000254104",358
"ENSG00000254105",314
"ENSG00000254106",936
"ENSG00000254109",3041
"ENSG00000254111",3835
"ENSG00000254112",319
"ENSG00000254113",537
"ENSG00000254114",364
"ENSG00000254118",1129
"ENSG00000254119",7696
"ENSG00000254122",4962
"ENSG00000254123",1177
"ENSG00000254124",715
"ENSG00000254126",5157
"ENSG00000254127",316
"ENSG00000254129",1182
"ENSG00000254130",566
"ENSG00000254131",420
"ENSG00000254132",542
"ENSG00000254134",241
"ENSG00000254135",2938
"ENSG00000254136",470
"ENSG00000254139",2484
"ENSG00000254141",716
"ENSG00000254145",336
"ENSG00000254146",610
"ENSG00000254150",328
"ENSG00000254151",1341
"ENSG00000254152",482
"ENSG00000254153",1710
"ENSG00000254154",8058
"ENSG00000254156",418
"ENSG00000254157",343
"ENSG00000254158",847
"ENSG00000254160",446
"ENSG00000254161",360
"ENSG00000254162",3766
"ENSG00000254163",460
"ENSG00000254164",457
"ENSG00000254165",708
"ENSG00000254166",23480
"ENSG00000254167",307
"ENSG00000254170",791
"ENSG00000254171",582
"ENSG00000254172",114
"ENSG00000254174",205
"ENSG00000254175",381
"ENSG00000254176",358
"ENSG00000254177",431
"ENSG00000254178",524
"ENSG00000254181",889
"ENSG00000254182",568
"ENSG00000254183",751
"ENSG00000254185",987
"ENSG00000254186",17740
"ENSG00000254187",1178
"ENSG00000254189",871
"ENSG00000254190",145
"ENSG00000254192",810
"ENSG00000254193",145
"ENSG00000254194",1190
"ENSG00000254195",354
"ENSG00000254197",294
"ENSG00000254198",403
"ENSG00000254200",588
"ENSG00000254201",681
"ENSG00000254202",3853
"ENSG00000254203",280
"ENSG00000254204",469
"ENSG00000254205",591
"ENSG00000254206",7124
"ENSG00000254207",316
"ENSG00000254208",468
"ENSG00000254209",1109
"ENSG00000254211",6237
"ENSG00000254212",240
"ENSG00000254213",683
"ENSG00000254215",267
"ENSG00000254216",376
"ENSG00000254219",656
"ENSG00000254220",375
"ENSG00000254221",4772
"ENSG00000254222",1145
"ENSG00000254224",2074
"ENSG00000254225",495
"ENSG00000254226",5728
"ENSG00000254227",204
"ENSG00000254228",361
"ENSG00000254229",1395
"ENSG00000254230",958
"ENSG00000254231",5547
"ENSG00000254233",3873
"ENSG00000254236",414
"ENSG00000254237",5606
"ENSG00000254238",590
"ENSG00000254239",414
"ENSG00000254240",130
"ENSG00000254241",1271
"ENSG00000254242",2659
"ENSG00000254244",1253
"ENSG00000254245",4872
"ENSG00000254246",275
"ENSG00000254247",297
"ENSG00000254248",794
"ENSG00000254249",327
"ENSG00000254251",1844
"ENSG00000254252",745
"ENSG00000254253",663
"ENSG00000254254",9040
"ENSG00000254255",469
"ENSG00000254256",872
"ENSG00000254258",1037
"ENSG00000254260",568
"ENSG00000254261",1291
"ENSG00000254263",467
"ENSG00000254264",313
"ENSG00000254265",927
"ENSG00000254266",9777
"ENSG00000254268",215
"ENSG00000254270",310
"ENSG00000254271",434
"ENSG00000254272",414
"ENSG00000254273",379
"ENSG00000254274",453
"ENSG00000254275",5627
"ENSG00000254277",3745
"ENSG00000254278",1427
"ENSG00000254279",180
"ENSG00000254283",191
"ENSG00000254285",1449
"ENSG00000254287",605
"ENSG00000254288",3445
"ENSG00000254289",355
"ENSG00000254291",849
"ENSG00000254292",355
"ENSG00000254293",2019
"ENSG00000254294",1514
"ENSG00000254295",489
"ENSG00000254297",648
"ENSG00000254298",305
"ENSG00000254299",2740
"ENSG00000254300",1663
"ENSG00000254302",2630
"ENSG00000254303",1352
"ENSG00000254305",613
"ENSG00000254307",1091
"ENSG00000254308",250
"ENSG00000254309",286
"ENSG00000254310",278
"ENSG00000254311",205
"ENSG00000254312",258
"ENSG00000254313",176
"ENSG00000254314",635
"ENSG00000254315",491
"ENSG00000254316",591
"ENSG00000254317",917
"ENSG00000254319",15800
"ENSG00000254320",300
"ENSG00000254321",2790
"ENSG00000254324",90
"ENSG00000254325",673
"ENSG00000254326",330
"ENSG00000254328",182
"ENSG00000254329",256
"ENSG00000254330",769
"ENSG00000254331",235
"ENSG00000254332",748
"ENSG00000254333",601
"ENSG00000254334",2681
"ENSG00000254335",295
"ENSG00000254336",306
"ENSG00000254337",1824
"ENSG00000254338",943
"ENSG00000254339",3676
"ENSG00000254340",738
"ENSG00000254341",89
"ENSG00000254342",119
"ENSG00000254343",752
"ENSG00000254344",2313
"ENSG00000254345",286
"ENSG00000254346",946
"ENSG00000254347",252
"ENSG00000254348",256
"ENSG00000254349",16437
"ENSG00000254350",2049
"ENSG00000254351",481
"ENSG00000254352",341
"ENSG00000254355",345
"ENSG00000254357",673
"ENSG00000254358",339
"ENSG00000254361",6782
"ENSG00000254362",568
"ENSG00000254363",6926
"ENSG00000254365",523
"ENSG00000254366",2660
"ENSG00000254367",2829
"ENSG00000254369",6142
"ENSG00000254370",511
"ENSG00000254372",962
"ENSG00000254373",333
"ENSG00000254376",1127
"ENSG00000254377",9645
"ENSG00000254380",1648
"ENSG00000254381",1351
"ENSG00000254383",494
"ENSG00000254384",524
"ENSG00000254387",515
"ENSG00000254388",463
"ENSG00000254389",2216
"ENSG00000254391",458
"ENSG00000254392",671
"ENSG00000254394",7214
"ENSG00000254395",368
"ENSG00000254396",564
"ENSG00000254397",597
"ENSG00000254398",546
"ENSG00000254399",906
"ENSG00000254400",399
"ENSG00000254401",2009
"ENSG00000254402",1762
"ENSG00000254403",974
"ENSG00000254404",353
"ENSG00000254406",826
"ENSG00000254407",541
"ENSG00000254408",920
"ENSG00000254409",2681
"ENSG00000254411",653
"ENSG00000254412",3006
"ENSG00000254413",5022
"ENSG00000254415",5181
"ENSG00000254416",4001
"ENSG00000254417",2273
"ENSG00000254418",240
"ENSG00000254419",577
"ENSG00000254422",628
"ENSG00000254423",1181
"ENSG00000254424",171
"ENSG00000254425",550
"ENSG00000254428",523
"ENSG00000254429",506
"ENSG00000254430",700
"ENSG00000254431",2009
"ENSG00000254432",301
"ENSG00000254433",1247
"ENSG00000254434",585
"ENSG00000254436",397
"ENSG00000254437",318
"ENSG00000254438",1382
"ENSG00000254440",2506
"ENSG00000254441",915
"ENSG00000254442",307
"ENSG00000254443",3971
"ENSG00000254444",816
"ENSG00000254445",2058
"ENSG00000254447",3610
"ENSG00000254449",1507
"ENSG00000254450",684
"ENSG00000254451",2584
"ENSG00000254452",589
"ENSG00000254453",2525
"ENSG00000254454",1557
"ENSG00000254455",282
"ENSG00000254456",1457
"ENSG00000254457",929
"ENSG00000254458",2121
"ENSG00000254459",585
"ENSG00000254460",386
"ENSG00000254461",539
"ENSG00000254463",480
"ENSG00000254464",871
"ENSG00000254465",2266
"ENSG00000254466",2482
"ENSG00000254467",2704
"ENSG00000254468",727
"ENSG00000254469",7380
"ENSG00000254470",6980
"ENSG00000254471",2118
"ENSG00000254472",632
"ENSG00000254473",2701
"ENSG00000254475",743
"ENSG00000254477",1962
"ENSG00000254478",190
"ENSG00000254479",927
"ENSG00000254480",787
"ENSG00000254481",502
"ENSG00000254482",661
"ENSG00000254483",134
"ENSG00000254484",422
"ENSG00000254485",1649
"ENSG00000254486",3308
"ENSG00000254487",795
"ENSG00000254488",983
"ENSG00000254489",5676
"ENSG00000254490",972
"ENSG00000254491",645
"ENSG00000254492",176
"ENSG00000254495",394
"ENSG00000254496",525
"ENSG00000254497",1092
"ENSG00000254498",883
"ENSG00000254499",284
"ENSG00000254500",276
"ENSG00000254501",544
"ENSG00000254502",1135
"ENSG00000254503",1258
"ENSG00000254505",2342
"ENSG00000254506",915
"ENSG00000254507",154
"ENSG00000254508",5177
"ENSG00000254509",433
"ENSG00000254510",2622
"ENSG00000254511",342
"ENSG00000254512",806
"ENSG00000254514",740
"ENSG00000254515",385
"ENSG00000254516",483
"ENSG00000254517",440
"ENSG00000254518",5627
"ENSG00000254519",7956
"ENSG00000254521",2342
"ENSG00000254522",286
"ENSG00000254524",141
"ENSG00000254526",1359
"ENSG00000254527",756
"ENSG00000254528",1992
"ENSG00000254529",952
"ENSG00000254530",5469
"ENSG00000254531",1704
"ENSG00000254532",1819
"ENSG00000254533",572
"ENSG00000254534",1663
"ENSG00000254535",4985
"ENSG00000254536",2881
"ENSG00000254537",390
"ENSG00000254538",707
"ENSG00000254539",869
"ENSG00000254540",172
"ENSG00000254541",988
"ENSG00000254542",598
"ENSG00000254543",1553
"ENSG00000254544",730
"ENSG00000254545",537
"ENSG00000254546",681
"ENSG00000254547",1582
"ENSG00000254548",299
"ENSG00000254550",492
"ENSG00000254551",766
"ENSG00000254552",776
"ENSG00000254553",3447
"ENSG00000254554",2710
"ENSG00000254555",285
"ENSG00000254556",1710
"ENSG00000254557",552
"ENSG00000254558",1178
"ENSG00000254559",574
"ENSG00000254560",5623
"ENSG00000254562",3179
"ENSG00000254563",320
"ENSG00000254564",123
"ENSG00000254565",1029
"ENSG00000254566",696
"ENSG00000254567",1148
"ENSG00000254568",744
"ENSG00000254569",154
"ENSG00000254571",336
"ENSG00000254572",1043
"ENSG00000254573",743
"ENSG00000254574",374
"ENSG00000254575",701
"ENSG00000254576",937
"ENSG00000254577",183
"ENSG00000254578",429
"ENSG00000254579",1838
"ENSG00000254580",411
"ENSG00000254581",357
"ENSG00000254582",646
"ENSG00000254583",705
"ENSG00000254584",1791
"ENSG00000254585",4319
"ENSG00000254586",1580
"ENSG00000254588",1387
"ENSG00000254589",1055
"ENSG00000254590",1297
"ENSG00000254591",310
"ENSG00000254592",783
"ENSG00000254593",888
"ENSG00000254594",708
"ENSG00000254595",686
"ENSG00000254596",348
"ENSG00000254598",1309
"ENSG00000254599",867
"ENSG00000254601",320
"ENSG00000254602",3654
"ENSG00000254603",937
"ENSG00000254604",539
"ENSG00000254605",1816
"ENSG00000254606",747
"ENSG00000254607",1148
"ENSG00000254609",355
"ENSG00000254610",209
"ENSG00000254612",742
"ENSG00000254613",871
"ENSG00000254614",1791
"ENSG00000254616",586
"ENSG00000254617",590
"ENSG00000254618",655
"ENSG00000254620",507
"ENSG00000254621",711
"ENSG00000254622",1381
"ENSG00000254623",240
"ENSG00000254624",838
"ENSG00000254625",795
"ENSG00000254626",832
"ENSG00000254627",326
"ENSG00000254629",1602
"ENSG00000254630",390
"ENSG00000254631",681
"ENSG00000254632",2651
"ENSG00000254633",1367
"ENSG00000254634",2930
"ENSG00000254635",6122
"ENSG00000254636",818
"ENSG00000254637",1088
"ENSG00000254638",594
"ENSG00000254639",2170
"ENSG00000254641",429
"ENSG00000254642",228
"ENSG00000254644",376
"ENSG00000254645",2474
"ENSG00000254646",932
"ENSG00000254647",656
"ENSG00000254648",1130
"ENSG00000254649",365
"ENSG00000254650",1123
"ENSG00000254653",605
"ENSG00000254654",1604
"ENSG00000254655",203
"ENSG00000254656",5398
"ENSG00000254658",2883
"ENSG00000254659",10327
"ENSG00000254660",623
"ENSG00000254661",4613
"ENSG00000254662",1401
"ENSG00000254663",906
"ENSG00000254664",1990
"ENSG00000254665",744
"ENSG00000254668",422
"ENSG00000254669",537
"ENSG00000254670",1558
"ENSG00000254672",1667
"ENSG00000254673",623
"ENSG00000254674",938
"ENSG00000254675",603
"ENSG00000254676",905
"ENSG00000254677",1228
"ENSG00000254678",301
"ENSG00000254680",500
"ENSG00000254681",10291
"ENSG00000254682",820
"ENSG00000254683",210
"ENSG00000254684",498
"ENSG00000254685",5622
"ENSG00000254686",471
"ENSG00000254687",842
"ENSG00000254688",489
"ENSG00000254689",4527
"ENSG00000254690",444
"ENSG00000254691",551
"ENSG00000254692",2740
"ENSG00000254693",543
"ENSG00000254694",362
"ENSG00000254697",482
"ENSG00000254698",433
"ENSG00000254699",699
"ENSG00000254700",208
"ENSG00000254701",584
"ENSG00000254702",1599
"ENSG00000254703",1840
"ENSG00000254704",2148
"ENSG00000254705",775
"ENSG00000254706",1171
"ENSG00000254707",539
"ENSG00000254708",886
"ENSG00000254709",1339
"ENSG00000254710",926
"ENSG00000254712",1003
"ENSG00000254713",967
"ENSG00000254715",932
"ENSG00000254717",902
"ENSG00000254718",3761
"ENSG00000254719",208
"ENSG00000254720",958
"ENSG00000254721",3256
"ENSG00000254722",1142
"ENSG00000254723",918
"ENSG00000254724",991
"ENSG00000254725",391
"ENSG00000254726",6591
"ENSG00000254727",478
"ENSG00000254728",3707
"ENSG00000254730",320
"ENSG00000254732",2439
"ENSG00000254733",1472
"ENSG00000254734",576
"ENSG00000254735",553
"ENSG00000254736",560
"ENSG00000254737",3623
"ENSG00000254738",961
"ENSG00000254739",547
"ENSG00000254741",431
"ENSG00000254743",725
"ENSG00000254746",5965
"ENSG00000254747",291
"ENSG00000254748",888
"ENSG00000254749",817
"ENSG00000254750",1258
"ENSG00000254751",1365
"ENSG00000254752",936
"ENSG00000254753",1450
"ENSG00000254754",551
"ENSG00000254755",189
"ENSG00000254756",1208
"ENSG00000254758",660
"ENSG00000254759",1063
"ENSG00000254760",492
"ENSG00000254762",272
"ENSG00000254764",1358
"ENSG00000254765",1047
"ENSG00000254767",507
"ENSG00000254768",3650
"ENSG00000254769",930
"ENSG00000254770",942
"ENSG00000254771",202
"ENSG00000254772",2639
"ENSG00000254775",4620
"ENSG00000254776",835
"ENSG00000254777",8652
"ENSG00000254779",762
"ENSG00000254780",285
"ENSG00000254781",2194
"ENSG00000254783",742
"ENSG00000254784",885
"ENSG00000254785",3198
"ENSG00000254786",1122
"ENSG00000254787",395
"ENSG00000254788",1413
"ENSG00000254789",1767
"ENSG00000254790",698
"ENSG00000254791",368
"ENSG00000254792",108
"ENSG00000254793",1049
"ENSG00000254794",52
"ENSG00000254795",940
"ENSG00000254796",264
"ENSG00000254798",738
"ENSG00000254799",414
"ENSG00000254800",493
"ENSG00000254801",249
"ENSG00000254802",2757
"ENSG00000254803",322
"ENSG00000254804",345
"ENSG00000254805",205
"ENSG00000254806",1402
"ENSG00000254807",415
"ENSG00000254810",2900
"ENSG00000254811",267
"ENSG00000254812",1881
"ENSG00000254813",1355
"ENSG00000254815",2425
"ENSG00000254816",390
"ENSG00000254817",967
"ENSG00000254818",3915
"ENSG00000254819",1896
"ENSG00000254820",477
"ENSG00000254822",270
"ENSG00000254823",2029
"ENSG00000254824",78
"ENSG00000254825",880
"ENSG00000254826",842
"ENSG00000254827",3671
"ENSG00000254828",802
"ENSG00000254829",686
"ENSG00000254830",380
"ENSG00000254831",1120
"ENSG00000254832",948
"ENSG00000254833",569
"ENSG00000254834",948
"ENSG00000254835",353
"ENSG00000254837",2493
"ENSG00000254838",7271
"ENSG00000254839",639
"ENSG00000254840",184
"ENSG00000254841",1140
"ENSG00000254842",3495
"ENSG00000254843",1852
"ENSG00000254844",557
"ENSG00000254846",468
"ENSG00000254847",519
"ENSG00000254848",829
"ENSG00000254850",369
"ENSG00000254851",822
"ENSG00000254852",1827
"ENSG00000254853",1289
"ENSG00000254854",5047
"ENSG00000254855",479
"ENSG00000254856",232
"ENSG00000254857",979
"ENSG00000254858",2099
"ENSG00000254859",1500
"ENSG00000254860",6674
"ENSG00000254861",650
"ENSG00000254862",2593
"ENSG00000254863",2284
"ENSG00000254864",550
"ENSG00000254865",522
"ENSG00000254866",264
"ENSG00000254867",653
"ENSG00000254870",2372
"ENSG00000254871",879
"ENSG00000254872",4426
"ENSG00000254873",2576
"ENSG00000254874",1603
"ENSG00000254876",8171
"ENSG00000254877",696
"ENSG00000254878",969
"ENSG00000254879",301
"ENSG00000254880",586
"ENSG00000254883",324
"ENSG00000254884",406
"ENSG00000254885",374
"ENSG00000254887",3238
"ENSG00000254888",258
"ENSG00000254889",264
"ENSG00000254890",457
"ENSG00000254891",944
"ENSG00000254892",265
"ENSG00000254893",555
"ENSG00000254894",660
"ENSG00000254895",574
"ENSG00000254896",2936
"ENSG00000254897",1417
"ENSG00000254898",434
"ENSG00000254900",537
"ENSG00000254901",5372
"ENSG00000254902",646
"ENSG00000254903",955
"ENSG00000254905",492
"ENSG00000254906",400
"ENSG00000254907",945
"ENSG00000254909",208
"ENSG00000254910",1060
"ENSG00000254911",353
"ENSG00000254912",1226
"ENSG00000254913",406
"ENSG00000254914",224
"ENSG00000254915",307
"ENSG00000254916",1459
"ENSG00000254917",967
"ENSG00000254919",5407
"ENSG00000254920",816
"ENSG00000254921",1534
"ENSG00000254923",1192
"ENSG00000254924",320
"ENSG00000254925",925
"ENSG00000254926",783
"ENSG00000254928",1513
"ENSG00000254929",1625
"ENSG00000254930",1578
"ENSG00000254931",835
"ENSG00000254932",645
"ENSG00000254933",613
"ENSG00000254934",4617
"ENSG00000254935",424
"ENSG00000254936",1741
"ENSG00000254937",835
"ENSG00000254938",973
"ENSG00000254939",1754
"ENSG00000254940",1103
"ENSG00000254941",448
"ENSG00000254942",582
"ENSG00000254943",2142
"ENSG00000254944",760
"ENSG00000254946",6333
"ENSG00000254947",872
"ENSG00000254948",910
"ENSG00000254949",207
"ENSG00000254951",3724
"ENSG00000254952",560
"ENSG00000254953",147
"ENSG00000254954",322
"ENSG00000254957",1387
"ENSG00000254959",2880
"ENSG00000254960",1278
"ENSG00000254961",304
"ENSG00000254963",216
"ENSG00000254964",92
"ENSG00000254965",383
"ENSG00000254966",1640
"ENSG00000254968",11712
"ENSG00000254971",486
"ENSG00000254972",347
"ENSG00000254973",1857
"ENSG00000254974",472
"ENSG00000254975",452
"ENSG00000254976",919
"ENSG00000254978",549
"ENSG00000254979",2242
"ENSG00000254980",1155
"ENSG00000254983",384
"ENSG00000254984",422
"ENSG00000254985",566
"ENSG00000254986",3977
"ENSG00000254987",4621
"ENSG00000254988",814
"ENSG00000254989",389
"ENSG00000254990",2879
"ENSG00000254991",1959
"ENSG00000254992",295
"ENSG00000254993",1353
"ENSG00000254995",3859
"ENSG00000254996",11385
"ENSG00000254997",1189
"ENSG00000254999",1150
"ENSG00000255000",1030
"ENSG00000255001",185
"ENSG00000255002",4408
"ENSG00000255003",321
"ENSG00000255004",1693
"ENSG00000255005",448
"ENSG00000255006",334
"ENSG00000255007",1513
"ENSG00000255008",2426
"ENSG00000255009",1182
"ENSG00000255010",382
"ENSG00000255011",217
"ENSG00000255012",4302
"ENSG00000255014",560
"ENSG00000255016",355
"ENSG00000255018",149
"ENSG00000255019",942
"ENSG00000255020",1791
"ENSG00000255021",850
"ENSG00000255022",301
"ENSG00000255025",346
"ENSG00000255026",953
"ENSG00000255027",1281
"ENSG00000255029",1399
"ENSG00000255030",910
"ENSG00000255031",1910
"ENSG00000255032",628
"ENSG00000255033",266
"ENSG00000255035",510
"ENSG00000255036",7116
"ENSG00000255037",258
"ENSG00000255038",1653
"ENSG00000255039",734
"ENSG00000255040",950
"ENSG00000255041",606
"ENSG00000255042",412
"ENSG00000255043",3510
"ENSG00000255045",1047
"ENSG00000255046",1167
"ENSG00000255047",743
"ENSG00000255048",869
"ENSG00000255050",1173
"ENSG00000255051",632
"ENSG00000255052",9891
"ENSG00000255053",948
"ENSG00000255054",792
"ENSG00000255055",508
"ENSG00000255057",1180
"ENSG00000255058",189
"ENSG00000255059",504
"ENSG00000255060",478
"ENSG00000255062",1618
"ENSG00000255063",1156
"ENSG00000255065",1469
"ENSG00000255067",419
"ENSG00000255070",595
"ENSG00000255071",743
"ENSG00000255072",1311
"ENSG00000255073",2417
"ENSG00000255074",512
"ENSG00000255075",1202
"ENSG00000255076",312
"ENSG00000255077",192
"ENSG00000255078",970
"ENSG00000255079",2539
"ENSG00000255081",471
"ENSG00000255082",4837
"ENSG00000255083",922
"ENSG00000255084",717
"ENSG00000255085",524
"ENSG00000255086",1552
"ENSG00000255087",15883
"ENSG00000255088",235
"ENSG00000255089",280
"ENSG00000255091",249
"ENSG00000255092",567
"ENSG00000255093",4870
"ENSG00000255094",806
"ENSG00000255095",939
"ENSG00000255096",642
"ENSG00000255097",561
"ENSG00000255099",2978
"ENSG00000255100",779
"ENSG00000255101",682
"ENSG00000255102",732
"ENSG00000255104",6267
"ENSG00000255105",291
"ENSG00000255106",792
"ENSG00000255107",1277
"ENSG00000255108",1391
"ENSG00000255109",2302
"ENSG00000255110",341
"ENSG00000255111",1516
"ENSG00000255112",3032
"ENSG00000255113",391
"ENSG00000255114",667
"ENSG00000255115",286
"ENSG00000255116",612
"ENSG00000255117",3356
"ENSG00000255118",485
"ENSG00000255119",555
"ENSG00000255120",787
"ENSG00000255121",1506
"ENSG00000255122",186
"ENSG00000255123",522
"ENSG00000255126",928
"ENSG00000255127",925
"ENSG00000255128",1556
"ENSG00000255129",1195
"ENSG00000255130",550
"ENSG00000255131",933
"ENSG00000255132",578
"ENSG00000255133",2010
"ENSG00000255134",927
"ENSG00000255135",1344
"ENSG00000255136",5703
"ENSG00000255138",622
"ENSG00000255139",3700
"ENSG00000255140",618
"ENSG00000255141",848
"ENSG00000255142",284
"ENSG00000255143",497
"ENSG00000255144",377
"ENSG00000255146",2022
"ENSG00000255147",374
"ENSG00000255148",554
"ENSG00000255149",184
"ENSG00000255150",1467
"ENSG00000255151",909
"ENSG00000255152",4140
"ENSG00000255153",939
"ENSG00000255154",3738
"ENSG00000255155",214
"ENSG00000255156",109
"ENSG00000255157",230
"ENSG00000255158",912
"ENSG00000255159",1322
"ENSG00000255161",742
"ENSG00000255162",1454
"ENSG00000255163",280
"ENSG00000255164",439
"ENSG00000255165",464
"ENSG00000255166",220
"ENSG00000255167",805
"ENSG00000255170",255
"ENSG00000255171",5225
"ENSG00000255172",1032
"ENSG00000255173",175
"ENSG00000255174",382
"ENSG00000255175",2368
"ENSG00000255176",1388
"ENSG00000255177",434
"ENSG00000255178",1857
"ENSG00000255179",1513
"ENSG00000255181",1320
"ENSG00000255182",4894
"ENSG00000255183",1002
"ENSG00000255184",1202
"ENSG00000255185",1396
"ENSG00000255186",151
"ENSG00000255187",2035
"ENSG00000255188",127
"ENSG00000255189",1607
"ENSG00000255190",596
"ENSG00000255191",432
"ENSG00000255192",1886
"ENSG00000255193",899
"ENSG00000255196",904
"ENSG00000255197",3986
"ENSG00000255198",988
"ENSG00000255199",420
"ENSG00000255200",453
"ENSG00000255201",534
"ENSG00000255202",648
"ENSG00000255203",889
"ENSG00000255204",901
"ENSG00000255205",438
"ENSG00000255206",774
"ENSG00000255207",298
"ENSG00000255209",834
"ENSG00000255210",633
"ENSG00000255211",1201
"ENSG00000255213",868
"ENSG00000255214",529
"ENSG00000255215",463
"ENSG00000255216",5375
"ENSG00000255217",422
"ENSG00000255218",739
"ENSG00000255219",2287
"ENSG00000255220",1306
"ENSG00000255221",1198
"ENSG00000255222",817
"ENSG00000255223",918
"ENSG00000255224",1277
"ENSG00000255225",880
"ENSG00000255226",5422
"ENSG00000255227",597
"ENSG00000255229",2022
"ENSG00000255230",355
"ENSG00000255231",298
"ENSG00000255232",262
"ENSG00000255233",819
"ENSG00000255234",3059
"ENSG00000255235",284
"ENSG00000255236",2185
"ENSG00000255237",664
"ENSG00000255238",850
"ENSG00000255239",511
"ENSG00000255240",20186
"ENSG00000255241",252
"ENSG00000255244",1467
"ENSG00000255245",782
"ENSG00000255246",1058
"ENSG00000255247",559
"ENSG00000255248",42650
"ENSG00000255250",3766
"ENSG00000255251",1588
"ENSG00000255252",3311
"ENSG00000255253",175
"ENSG00000255254",259
"ENSG00000255255",425
"ENSG00000255256",494
"ENSG00000255258",6108
"ENSG00000255259",1196
"ENSG00000255260",1392
"ENSG00000255261",1013
"ENSG00000255262",355
"ENSG00000255265",618
"ENSG00000255266",250
"ENSG00000255267",12271
"ENSG00000255268",604
"ENSG00000255269",2838
"ENSG00000255270",506
"ENSG00000255271",389
"ENSG00000255273",358
"ENSG00000255274",3852
"ENSG00000255276",346
"ENSG00000255277",590
"ENSG00000255280",290
"ENSG00000255281",1673
"ENSG00000255282",400
"ENSG00000255283",799
"ENSG00000255284",4139
"ENSG00000255285",322
"ENSG00000255286",353
"ENSG00000255287",226
"ENSG00000255288",144
"ENSG00000255289",612
"ENSG00000255291",540
"ENSG00000255292",1020
"ENSG00000255293",2299
"ENSG00000255294",908
"ENSG00000255295",451
"ENSG00000255296",560
"ENSG00000255297",928
"ENSG00000255298",1680
"ENSG00000255299",1817
"ENSG00000255300",1554
"ENSG00000255301",684
"ENSG00000255302",2040
"ENSG00000255303",982
"ENSG00000255304",933
"ENSG00000255305",1677
"ENSG00000255306",874
"ENSG00000255307",972
"ENSG00000255308",3167
"ENSG00000255309",333
"ENSG00000255310",1939
"ENSG00000255311",2112
"ENSG00000255312",919
"ENSG00000255313",1951
"ENSG00000255314",1630
"ENSG00000255315",286
"ENSG00000255316",516
"ENSG00000255317",493
"ENSG00000255319",1345
"ENSG00000255320",2074
"ENSG00000255321",689
"ENSG00000255323",2472
"ENSG00000255326",2568
"ENSG00000255327",762
"ENSG00000255329",377
"ENSG00000255330",11464
"ENSG00000255331",737
"ENSG00000255332",3111
"ENSG00000255333",496
"ENSG00000255334",322
"ENSG00000255335",2135
"ENSG00000255336",181
"ENSG00000255337",1470
"ENSG00000255338",465
"ENSG00000255339",2139
"ENSG00000255340",444
"ENSG00000255341",655
"ENSG00000255342",454
"ENSG00000255343",316
"ENSG00000255344",5832
"ENSG00000255345",2399
"ENSG00000255346",12233
"ENSG00000255347",808
"ENSG00000255348",508
"ENSG00000255349",910
"ENSG00000255350",1526
"ENSG00000255351",594
"ENSG00000255352",1795
"ENSG00000255353",1245
"ENSG00000255355",1232
"ENSG00000255356",349
"ENSG00000255357",1139
"ENSG00000255358",510
"ENSG00000255359",974
"ENSG00000255360",323
"ENSG00000255361",682
"ENSG00000255362",3755
"ENSG00000255363",4028
"ENSG00000255364",553
"ENSG00000255365",238
"ENSG00000255366",4136
"ENSG00000255367",13374
"ENSG00000255368",491
"ENSG00000255369",344
"ENSG00000255370",316
"ENSG00000255371",398
"ENSG00000255372",516
"ENSG00000255374",1027
"ENSG00000255375",1110
"ENSG00000255376",555
"ENSG00000255377",529
"ENSG00000255378",1587
"ENSG00000255379",318
"ENSG00000255380",960
"ENSG00000255381",490
"ENSG00000255382",1253
"ENSG00000255384",2150
"ENSG00000255385",562
"ENSG00000255386",1330
"ENSG00000255387",1738
"ENSG00000255388",3096
"ENSG00000255389",2421
"ENSG00000255390",820
"ENSG00000255391",562
"ENSG00000255393",1719
"ENSG00000255395",735
"ENSG00000255396",543
"ENSG00000255397",2167
"ENSG00000255398",2056
"ENSG00000255399",6316
"ENSG00000255400",2080
"ENSG00000255401",330
"ENSG00000255402",1843
"ENSG00000255403",1639
"ENSG00000255404",1044
"ENSG00000255406",2260
"ENSG00000255408",7463
"ENSG00000255409",632
"ENSG00000255410",4131
"ENSG00000255411",2762
"ENSG00000255413",973
"ENSG00000255415",377
"ENSG00000255416",805
"ENSG00000255417",656
"ENSG00000255418",2351
"ENSG00000255420",1594
"ENSG00000255421",285
"ENSG00000255422",1453
"ENSG00000255423",1679
"ENSG00000255424",742
"ENSG00000255425",1344
"ENSG00000255426",860
"ENSG00000255427",564
"ENSG00000255428",2587
"ENSG00000255429",231
"ENSG00000255430",212
"ENSG00000255431",928
"ENSG00000255432",577
"ENSG00000255433",2901
"ENSG00000255434",546
"ENSG00000255435",2868
"ENSG00000255437",736
"ENSG00000255438",2437
"ENSG00000255439",2716
"ENSG00000255440",1372
"ENSG00000255441",1005
"ENSG00000255442",962
"ENSG00000255443",587
"ENSG00000255444",293
"ENSG00000255445",676
"ENSG00000255446",510
"ENSG00000255447",1024
"ENSG00000255448",688
"ENSG00000255449",712
"ENSG00000255450",911
"ENSG00000255451",1489
"ENSG00000255452",364
"ENSG00000255454",322
"ENSG00000255455",3994
"ENSG00000255456",398
"ENSG00000255457",270
"ENSG00000255458",4063
"ENSG00000255459",741
"ENSG00000255460",336
"ENSG00000255461",931
"ENSG00000255462",1415
"ENSG00000255463",352
"ENSG00000255464",178
"ENSG00000255466",920
"ENSG00000255467",964
"ENSG00000255468",2713
"ENSG00000255469",355
"ENSG00000255470",1027
"ENSG00000255471",2614
"ENSG00000255472",492
"ENSG00000255474",1249
"ENSG00000255475",1025
"ENSG00000255476",586
"ENSG00000255477",574
"ENSG00000255478",564
"ENSG00000255480",365
"ENSG00000255481",941
"ENSG00000255482",502
"ENSG00000255483",490
"ENSG00000255484",2391
"ENSG00000255485",760
"ENSG00000255486",758
"ENSG00000255487",256
"ENSG00000255489",301
"ENSG00000255490",499
"ENSG00000255491",5126
"ENSG00000255492",370
"ENSG00000255493",928
"ENSG00000255494",1838
"ENSG00000255496",358
"ENSG00000255497",253
"ENSG00000255498",409
"ENSG00000255499",112
"ENSG00000255500",1113
"ENSG00000255501",2280
"ENSG00000255502",2593
"ENSG00000255503",436
"ENSG00000255504",546
"ENSG00000255505",362
"ENSG00000255506",583
"ENSG00000255508",5197
"ENSG00000255510",952
"ENSG00000255511",1718
"ENSG00000255512",2032
"ENSG00000255513",351
"ENSG00000255514",882
"ENSG00000255515",574
"ENSG00000255516",1083
"ENSG00000255517",3823
"ENSG00000255519",265
"ENSG00000255520",332
"ENSG00000255521",3929
"ENSG00000255522",189
"ENSG00000255523",643
"ENSG00000255524",2400
"ENSG00000255525",576
"ENSG00000255526",1051
"ENSG00000255527",755
"ENSG00000255528",527
"ENSG00000255529",6508
"ENSG00000255530",346
"ENSG00000255531",295
"ENSG00000255532",1035
"ENSG00000255533",289
"ENSG00000255534",908
"ENSG00000255535",707
"ENSG00000255536",961
"ENSG00000255537",3423
"ENSG00000255538",764
"ENSG00000255539",367
"ENSG00000255540",3766
"ENSG00000255541",236
"ENSG00000255542",1118
"ENSG00000255543",229
"ENSG00000255544",222
"ENSG00000255545",12122
"ENSG00000255547",770
"ENSG00000255548",547
"ENSG00000255549",929
"ENSG00000255550",739
"ENSG00000255551",931
"ENSG00000255552",399
"ENSG00000255553",5023
"ENSG00000255554",958
"ENSG00000255555",419
"ENSG00000255556",1587
"ENSG00000255557",464
"ENSG00000255558",467
"ENSG00000255559",4983
"ENSG00000255560",597
"ENSG00000255561",3551
"ENSG00000255562",690
"ENSG00000255563",192
"ENSG00000255565",588
"ENSG00000255566",504
"ENSG00000255569",392
"ENSG00000255571",10429
"ENSG00000255572",651
"ENSG00000255575",146
"ENSG00000255580",818
"ENSG00000255581",660
"ENSG00000255582",1105
"ENSG00000255583",679
"ENSG00000255585",1026
"ENSG00000255587",4259
"ENSG00000255595",10127
"ENSG00000255605",1532
"ENSG00000255606",1577
"ENSG00000255608",560
"ENSG00000255618",1289
"ENSG00000255621",3497
"ENSG00000255622",2393
"ENSG00000255624",1328
"ENSG00000255627",533
"ENSG00000255628",534
"ENSG00000255629",462
"ENSG00000255639",3961
"ENSG00000255641",998
"ENSG00000255642",1875
"ENSG00000255647",1745
"ENSG00000255648",572
"ENSG00000255649",1467
"ENSG00000255650",1068
"ENSG00000255652",3058
"ENSG00000255653",675
"ENSG00000255655",603
"ENSG00000255660",337
"ENSG00000255663",729
"ENSG00000255664",610
"ENSG00000255666",4288
"ENSG00000255669",999
"ENSG00000255670",412
"ENSG00000255671",1783
"ENSG00000255672",1183
"ENSG00000255679",2487
"ENSG00000255680",501
"ENSG00000255686",562
"ENSG00000255689",3168
"ENSG00000255690",4973
"ENSG00000255692",451
"ENSG00000255693",8198
"ENSG00000255700",586
"ENSG00000255703",385
"ENSG00000255704",259
"ENSG00000255710",1030
"ENSG00000255713",2083
"ENSG00000255714",536
"ENSG00000255717",4317
"ENSG00000255723",349
"ENSG00000255725",1229
"ENSG00000255726",181
"ENSG00000255727",987
"ENSG00000255730",2347
"ENSG00000255733",9682
"ENSG00000255734",734
"ENSG00000255737",1500
"ENSG00000255741",569
"ENSG00000255745",2541
"ENSG00000255746",503
"ENSG00000255749",315
"ENSG00000255750",3037
"ENSG00000255753",586
"ENSG00000255757",518
"ENSG00000255760",5012
"ENSG00000255763",231
"ENSG00000255769",817
"ENSG00000255772",4724
"ENSG00000255774",2483
"ENSG00000255775",1521
"ENSG00000255776",901
"ENSG00000255780",254
"ENSG00000255786",325
"ENSG00000255790",1254
"ENSG00000255794",14089
"ENSG00000255801",2104
"ENSG00000255804",4165
"ENSG00000255807",454
"ENSG00000255808",562
"ENSG00000255811",560
"ENSG00000255814",674
"ENSG00000255815",1436
"ENSG00000255819",2592
"ENSG00000255825",389
"ENSG00000255829",488
"ENSG00000255830",375
"ENSG00000255833",5867
"ENSG00000255835",1625
"ENSG00000255836",1211
"ENSG00000255837",2344
"ENSG00000255838",672
"ENSG00000255839",321
"ENSG00000255843",665
"ENSG00000255845",558
"ENSG00000255847",371
"ENSG00000255850",3441
"ENSG00000255851",269
"ENSG00000255853",802
"ENSG00000255855",2637
"ENSG00000255856",1143
"ENSG00000255857",4870
"ENSG00000255858",1132
"ENSG00000255860",718
"ENSG00000255866",1141
"ENSG00000255867",3910
"ENSG00000255870",786
"ENSG00000255871",2178
"ENSG00000255872",2591
"ENSG00000255874",6490
"ENSG00000255875",885
"ENSG00000255882",719
"ENSG00000255883",570
"ENSG00000255885",519
"ENSG00000255886",671
"ENSG00000255892",525
"ENSG00000255893",581
"ENSG00000255899",284
"ENSG00000255900",211
"ENSG00000255903",195
"ENSG00000255909",309
"ENSG00000255910",14051
"ENSG00000255916",1743
"ENSG00000255919",466
"ENSG00000255920",4814
"ENSG00000255921",1251
"ENSG00000255923",958
"ENSG00000255928",210
"ENSG00000255929",3118
"ENSG00000255931",2816
"ENSG00000255933",666
"ENSG00000255946",5205
"ENSG00000255947",462
"ENSG00000255949",470
"ENSG00000255951",554
"ENSG00000255958",329
"ENSG00000255959",1920
"ENSG00000255960",478
"ENSG00000255964",1069
"ENSG00000255965",130
"ENSG00000255966",3491
"ENSG00000255967",2285
"ENSG00000255968",775
"ENSG00000255970",3628
"ENSG00000255972",28
"ENSG00000255973",289
"ENSG00000255974",2223
"ENSG00000255976",639
"ENSG00000255977",498
"ENSG00000255980",2411
"ENSG00000255982",726
"ENSG00000255983",1405
"ENSG00000255986",186
"ENSG00000255987",421
"ENSG00000255988",178
"ENSG00000255991",802
"ENSG00000255992",1918
"ENSG00000255993",1335
"ENSG00000255995",84
"ENSG00000255996",554
"ENSG00000255998",2249
"ENSG00000256004",572
"ENSG00000256006",270
"ENSG00000256007",388
"ENSG00000256008",2824
"ENSG00000256011",369
"ENSG00000256013",533
"ENSG00000256019",925
"ENSG00000256020",1662
"ENSG00000256021",467
"ENSG00000256022",3366
"ENSG00000256025",1787
"ENSG00000256028",5618
"ENSG00000256029",8100
"ENSG00000256030",354
"ENSG00000256034",428
"ENSG00000256035",969
"ENSG00000256037",604
"ENSG00000256039",3674
"ENSG00000256040",2450
"ENSG00000256041",601
"ENSG00000256043",7908
"ENSG00000256044",106
"ENSG00000256053",3918
"ENSG00000256056",928
"ENSG00000256060",1855
"ENSG00000256061",2934
"ENSG00000256064",415
"ENSG00000256069",4130
"ENSG00000256070",1108
"ENSG00000256071",548
"ENSG00000256072",523
"ENSG00000256073",1333
"ENSG00000256075",1162
"ENSG00000256077",826
"ENSG00000256079",658
"ENSG00000256081",991
"ENSG00000256083",454
"ENSG00000256084",1313
"ENSG00000256085",739
"ENSG00000256087",5986
"ENSG00000256091",679
"ENSG00000256092",2246
"ENSG00000256093",223
"ENSG00000256098",208
"ENSG00000256100",559
"ENSG00000256103",258
"ENSG00000256108",574
"ENSG00000256115",9293
"ENSG00000256116",1137
"ENSG00000256120",3551
"ENSG00000256124",4328
"ENSG00000256125",331
"ENSG00000256128",12339
"ENSG00000256134",720
"ENSG00000256136",363
"ENSG00000256137",392
"ENSG00000256138",673
"ENSG00000256139",1915
"ENSG00000256146",3387
"ENSG00000256148",163
"ENSG00000256149",570
"ENSG00000256151",1277
"ENSG00000256152",484
"ENSG00000256155",562
"ENSG00000256157",196
"ENSG00000256159",482
"ENSG00000256162",2512
"ENSG00000256166",536
"ENSG00000256167",1049
"ENSG00000256171",439
"ENSG00000256172",1497
"ENSG00000256176",316
"ENSG00000256181",421
"ENSG00000256185",172
"ENSG00000256188",1687
"ENSG00000256189",898
"ENSG00000256192",354
"ENSG00000256193",7217
"ENSG00000256195",4801
"ENSG00000256196",2864
"ENSG00000256197",562
"ENSG00000256199",712
"ENSG00000256204",409
"ENSG00000256206",1221
"ENSG00000256209",5481
"ENSG00000256210",216
"ENSG00000256211",499
"ENSG00000256218",5634
"ENSG00000256220",267
"ENSG00000256221",851
"ENSG00000256223",5541
"ENSG00000256226",1637
"ENSG00000256229",4273
"ENSG00000256232",1370
"ENSG00000256234",699
"ENSG00000256235",1638
"ENSG00000256237",2516
"ENSG00000256238",3133
"ENSG00000256243",472
"ENSG00000256249",2090
"ENSG00000256250",587
"ENSG00000256254",1127
"ENSG00000256256",532
"ENSG00000256258",617
"ENSG00000256259",561
"ENSG00000256262",1624
"ENSG00000256263",366
"ENSG00000256268",5107
"ENSG00000256269",5860
"ENSG00000256273",681
"ENSG00000256274",927
"ENSG00000256278",1018
"ENSG00000256280",277
"ENSG00000256281",294
"ENSG00000256282",943
"ENSG00000256283",611
"ENSG00000256285",171
"ENSG00000256286",1340
"ENSG00000256288",652
"ENSG00000256292",1887
"ENSG00000256293",620
"ENSG00000256294",7191
"ENSG00000256298",3907
"ENSG00000256299",317
"ENSG00000256306",729
"ENSG00000256310",379
"ENSG00000256311",1541
"ENSG00000256312",2375
"ENSG00000256314",482
"ENSG00000256315",908
"ENSG00000256325",374
"ENSG00000256331",865
"ENSG00000256338",409
"ENSG00000256339",408
"ENSG00000256340",1170
"ENSG00000256341",575
"ENSG00000256343",3304
"ENSG00000256346",132
"ENSG00000256347",764
"ENSG00000256349",3547
"ENSG00000256350",198
"ENSG00000256351",343
"ENSG00000256353",36
"ENSG00000256355",715
"ENSG00000256356",2069
"ENSG00000256357",9470
"ENSG00000256358",375
"ENSG00000256361",433
"ENSG00000256362",2826
"ENSG00000256364",907
"ENSG00000256371",915
"ENSG00000256372",387
"ENSG00000256377",1924
"ENSG00000256378",227
"ENSG00000256379",341
"ENSG00000256381",572
"ENSG00000256385",458
"ENSG00000256389",4220
"ENSG00000256393",78
"ENSG00000256394",1696
"ENSG00000256399",1220
"ENSG00000256400",96
"ENSG00000256403",492
"ENSG00000256407",3952
"ENSG00000256417",6213
"ENSG00000256420",1800
"ENSG00000256422",17026
"ENSG00000256424",3649
"ENSG00000256433",1841
"ENSG00000256436",1021
"ENSG00000256440",1988
"ENSG00000256441",720
"ENSG00000256442",1407
"ENSG00000256443",1831
"ENSG00000256448",344
"ENSG00000256450",927
"ENSG00000256452",158
"ENSG00000256453",1595
"ENSG00000256458",427
"ENSG00000256462",595
"ENSG00000256463",6849
"ENSG00000256464",713
"ENSG00000256465",333
"ENSG00000256469",593
"ENSG00000256473",401
"ENSG00000256474",339
"ENSG00000256480",238
"ENSG00000256481",953
"ENSG00000256482",451
"ENSG00000256484",544
"ENSG00000256494",974
"ENSG00000256496",912
"ENSG00000256499",1391
"ENSG00000256500",2505
"ENSG00000256502",145
"ENSG00000256504",429
"ENSG00000256508",2713
"ENSG00000256512",191
"ENSG00000256513",433
"ENSG00000256514",711
"ENSG00000256518",609
"ENSG00000256525",4545
"ENSG00000256533",1060
"ENSG00000256537",4823
"ENSG00000256538",2899
"ENSG00000256540",2987
"ENSG00000256546",2190
"ENSG00000256551",2750
"ENSG00000256552",369
"ENSG00000256553",402
"ENSG00000256557",314
"ENSG00000256560",854
"ENSG00000256563",553
"ENSG00000256564",603
"ENSG00000256566",823
"ENSG00000256568",3838
"ENSG00000256569",569
"ENSG00000256571",515
"ENSG00000256574",2689
"ENSG00000256576",1537
"ENSG00000256577",995
"ENSG00000256581",2655
"ENSG00000256582",560
"ENSG00000256588",630
"ENSG00000256589",1031
"ENSG00000256590",425
"ENSG00000256591",7522
"ENSG00000256594",439
"ENSG00000256596",2349
"ENSG00000256597",2318
"ENSG00000256603",586
"ENSG00000256609",1422
"ENSG00000256612",1476
"ENSG00000256614",478
"ENSG00000256615",1886
"ENSG00000256616",1450
"ENSG00000256625",983
"ENSG00000256626",609
"ENSG00000256627",660
"ENSG00000256628",2797
"ENSG00000256630",736
"ENSG00000256632",567
"ENSG00000256633",959
"ENSG00000256637",10022
"ENSG00000256640",460
"ENSG00000256642",1452
"ENSG00000256643",1805
"ENSG00000256646",3915
"ENSG00000256650",301
"ENSG00000256651",943
"ENSG00000256654",9655
"ENSG00000256657",922
"ENSG00000256658",662
"ENSG00000256659",2690
"ENSG00000256660",3844
"ENSG00000256661",452
"ENSG00000256663",1423
"ENSG00000256664",439
"ENSG00000256667",986
"ENSG00000256670",254
"ENSG00000256671",3310
"ENSG00000256672",1254
"ENSG00000256673",400
"ENSG00000256674",1440
"ENSG00000256678",469
"ENSG00000256681",432
"ENSG00000256682",940
"ENSG00000256683",4542
"ENSG00000256684",4129
"ENSG00000256690",2079
"ENSG00000256691",530
"ENSG00000256695",670
"ENSG00000256699",1568
"ENSG00000256704",1150
"ENSG00000256705",599
"ENSG00000256706",1790
"ENSG00000256708",373
"ENSG00000256709",291
"ENSG00000256712",385
"ENSG00000256713",2776
"ENSG00000256714",389
"ENSG00000256717",1092
"ENSG00000256720",508
"ENSG00000256721",870
"ENSG00000256723",1180
"ENSG00000256733",859
"ENSG00000256734",757
"ENSG00000256737",1266
"ENSG00000256742",3633
"ENSG00000256745",549
"ENSG00000256746",536
"ENSG00000256747",679
"ENSG00000256748",1430
"ENSG00000256750",1291
"ENSG00000256751",5162
"ENSG00000256752",576
"ENSG00000256756",516
"ENSG00000256757",524
"ENSG00000256762",445
"ENSG00000256769",444
"ENSG00000256771",3630
"ENSG00000256774",324
"ENSG00000256777",712
"ENSG00000256779",975
"ENSG00000256783",1035
"ENSG00000256789",1197
"ENSG00000256797",731
"ENSG00000256799",631
"ENSG00000256802",4444
"ENSG00000256803",1756
"ENSG00000256804",304
"ENSG00000256806",2433
"ENSG00000256810",2028
"ENSG00000256811",1915
"ENSG00000256812",1004
"ENSG00000256813",491
"ENSG00000256814",585
"ENSG00000256817",492
"ENSG00000256824",883
"ENSG00000256825",1374
"ENSG00000256826",267
"ENSG00000256827",355
"ENSG00000256835",281
"ENSG00000256837",687
"ENSG00000256843",141
"ENSG00000256844",330
"ENSG00000256847",799
"ENSG00000256849",1498
"ENSG00000256851",233
"ENSG00000256852",989
"ENSG00000256861",2748
"ENSG00000256862",2399
"ENSG00000256870",4009
"ENSG00000256875",615
"ENSG00000256879",773
"ENSG00000256884",711
"ENSG00000256888",1109
"ENSG00000256894",826
"ENSG00000256896",1296
"ENSG00000256897",610
"ENSG00000256898",532
"ENSG00000256902",536
"ENSG00000256904",386
"ENSG00000256906",1717
"ENSG00000256912",395
"ENSG00000256913",2494
"ENSG00000256915",1544
"ENSG00000256916",1756
"ENSG00000256917",177
"ENSG00000256925",5423
"ENSG00000256928",752
"ENSG00000256937",863
"ENSG00000256940",1290
"ENSG00000256943",5450
"ENSG00000256944",513
"ENSG00000256947",393
"ENSG00000256948",715
"ENSG00000256950",1831
"ENSG00000256951",288
"ENSG00000256955",1457
"ENSG00000256963",283
"ENSG00000256966",3217
"ENSG00000256967",1771
"ENSG00000256968",279
"ENSG00000256969",1628
"ENSG00000256971",2087
"ENSG00000256972",378
"ENSG00000256973",738
"ENSG00000256975",2042
"ENSG00000256977",3530
"ENSG00000256980",953
"ENSG00000256981",910
"ENSG00000256982",2546
"ENSG00000256984",364
"ENSG00000256986",708
"ENSG00000256987",1380
"ENSG00000256988",4154
"ENSG00000256994",1617
"ENSG00000256995",11647
"ENSG00000257000",495
"ENSG00000257002",1199
"ENSG00000257004",710
"ENSG00000257005",304
"ENSG00000257008",1535
"ENSG00000257009",553
"ENSG00000257012",1161
"ENSG00000257016",270
"ENSG00000257017",5492
"ENSG00000257021",289
"ENSG00000257022",522
"ENSG00000257023",2658
"ENSG00000257025",564
"ENSG00000257027",2508
"ENSG00000257035",502
"ENSG00000257037",1418
"ENSG00000257038",2102
"ENSG00000257042",2658
"ENSG00000257043",499
"ENSG00000257045",831
"ENSG00000257046",3774
"ENSG00000257048",2249
"ENSG00000257052",1508
"ENSG00000257056",2633
"ENSG00000257057",672
"ENSG00000257058",1022
"ENSG00000257060",22776
"ENSG00000257062",855
"ENSG00000257065",762
"ENSG00000257067",1917
"ENSG00000257069",2733
"ENSG00000257070",335
"ENSG00000257074",316
"ENSG00000257075",626
"ENSG00000257078",486
"ENSG00000257083",4569
"ENSG00000257084",2435
"ENSG00000257086",1394
"ENSG00000257087",516
"ENSG00000257093",7369
"ENSG00000257094",309
"ENSG00000257095",803
"ENSG00000257096",472
"ENSG00000257097",1809
"ENSG00000257101",287
"ENSG00000257103",4521
"ENSG00000257105",496
"ENSG00000257108",2096
"ENSG00000257109",938
"ENSG00000257113",280
"ENSG00000257114",3233
"ENSG00000257115",981
"ENSG00000257119",348
"ENSG00000257120",551
"ENSG00000257121",515
"ENSG00000257122",578
"ENSG00000257124",569
"ENSG00000257125",433
"ENSG00000257126",11648
"ENSG00000257127",6810
"ENSG00000257128",465
"ENSG00000257129",973
"ENSG00000257135",5680
"ENSG00000257137",2264
"ENSG00000257138",1143
"ENSG00000257139",613
"ENSG00000257142",172
"ENSG00000257146",247
"ENSG00000257150",764
"ENSG00000257155",746
"ENSG00000257157",169
"ENSG00000257159",633
"ENSG00000257162",787
"ENSG00000257165",2547
"ENSG00000257167",3582
"ENSG00000257169",377
"ENSG00000257171",1525
"ENSG00000257173",471
"ENSG00000257175",2254
"ENSG00000257176",6470
"ENSG00000257178",2630
"ENSG00000257179",273
"ENSG00000257180",776
"ENSG00000257181",785
"ENSG00000257184",765
"ENSG00000257185",4209
"ENSG00000257191",3599
"ENSG00000257193",878
"ENSG00000257195",928
"ENSG00000257198",4009
"ENSG00000257199",591
"ENSG00000257202",564
"ENSG00000257207",3202
"ENSG00000257210",481
"ENSG00000257218",4416
"ENSG00000257219",3212
"ENSG00000257220",668
"ENSG00000257221",7253
"ENSG00000257222",395
"ENSG00000257224",183
"ENSG00000257225",2791
"ENSG00000257228",1274
"ENSG00000257230",1816
"ENSG00000257231",266
"ENSG00000257235",535
"ENSG00000257237",316
"ENSG00000257239",2186
"ENSG00000257241",434
"ENSG00000257242",6409
"ENSG00000257243",541
"ENSG00000257246",754
"ENSG00000257252",11472
"ENSG00000257253",1105
"ENSG00000257254",405
"ENSG00000257256",325
"ENSG00000257258",1073
"ENSG00000257259",5300
"ENSG00000257261",8378
"ENSG00000257262",1648
"ENSG00000257264",676
"ENSG00000257265",541
"ENSG00000257267",1970
"ENSG00000257268",581
"ENSG00000257270",445
"ENSG00000257271",586
"ENSG00000257272",601
"ENSG00000257275",3191
"ENSG00000257279",4196
"ENSG00000257281",1133
"ENSG00000257283",1287
"ENSG00000257284",414
"ENSG00000257285",3186
"ENSG00000257286",248
"ENSG00000257287",354
"ENSG00000257288",1205
"ENSG00000257289",219
"ENSG00000257292",620
"ENSG00000257294",989
"ENSG00000257296",429
"ENSG00000257298",4713
"ENSG00000257300",542
"ENSG00000257302",939
"ENSG00000257303",4226
"ENSG00000257307",709
"ENSG00000257308",1779
"ENSG00000257310",2712
"ENSG00000257315",11697
"ENSG00000257316",1233
"ENSG00000257319",3076
"ENSG00000257323",300
"ENSG00000257325",386
"ENSG00000257327",3063
"ENSG00000257329",2843
"ENSG00000257331",1879
"ENSG00000257332",933
"ENSG00000257335",10767
"ENSG00000257336",301
"ENSG00000257337",8721
"ENSG00000257341",1408
"ENSG00000257342",699
"ENSG00000257343",495
"ENSG00000257345",2766
"ENSG00000257346",1003
"ENSG00000257350",1453
"ENSG00000257354",8693
"ENSG00000257355",542
"ENSG00000257356",499
"ENSG00000257359",570
"ENSG00000257360",1261
"ENSG00000257364",773
"ENSG00000257365",3773
"ENSG00000257366",1459
"ENSG00000257368",673
"ENSG00000257373",552
"ENSG00000257376",775
"ENSG00000257378",560
"ENSG00000257379",1571
"ENSG00000257381",84
"ENSG00000257384",283
"ENSG00000257386",375
"ENSG00000257389",337
"ENSG00000257390",2534
"ENSG00000257391",3823
"ENSG00000257392",688
"ENSG00000257395",1541
"ENSG00000257398",5852
"ENSG00000257400",420
"ENSG00000257402",1181
"ENSG00000257403",255
"ENSG00000257404",190
"ENSG00000257405",297
"ENSG00000257407",1172
"ENSG00000257408",637
"ENSG00000257410",1431
"ENSG00000257411",489
"ENSG00000257414",358
"ENSG00000257415",1556
"ENSG00000257426",178
"ENSG00000257429",734
"ENSG00000257431",3141
"ENSG00000257432",1335
"ENSG00000257433",7472
"ENSG00000257434",3188
"ENSG00000257435",320
"ENSG00000257438",1001
"ENSG00000257443",9612
"ENSG00000257444",453
"ENSG00000257446",1756
"ENSG00000257449",2504
"ENSG00000257452",575
"ENSG00000257453",569
"ENSG00000257456",349
"ENSG00000257458",512
"ENSG00000257464",229
"ENSG00000257465",324
"ENSG00000257467",2030
"ENSG00000257470",4430
"ENSG00000257472",1236
"ENSG00000257474",2020
"ENSG00000257475",536
"ENSG00000257476",1155
"ENSG00000257480",919
"ENSG00000257488",944
"ENSG00000257489",407
"ENSG00000257493",411
"ENSG00000257494",751
"ENSG00000257495",4182
"ENSG00000257496",2437
"ENSG00000257497",1482
"ENSG00000257500",629
"ENSG00000257501",687
"ENSG00000257503",389
"ENSG00000257504",1493
"ENSG00000257506",259
"ENSG00000257507",3575
"ENSG00000257509",529
"ENSG00000257510",2460
"ENSG00000257511",1005
"ENSG00000257512",133
"ENSG00000257513",1107
"ENSG00000257514",1075
"ENSG00000257515",577
"ENSG00000257517",435
"ENSG00000257519",553
"ENSG00000257520",2095
"ENSG00000257522",14678
"ENSG00000257523",2510
"ENSG00000257524",3815
"ENSG00000257526",8192
"ENSG00000257527",543
"ENSG00000257528",1455
"ENSG00000257529",695
"ENSG00000257530",1232
"ENSG00000257531",354
"ENSG00000257534",754
"ENSG00000257539",1805
"ENSG00000257541",547
"ENSG00000257542",984
"ENSG00000257543",379
"ENSG00000257545",10748
"ENSG00000257548",1019
"ENSG00000257550",2390
"ENSG00000257551",2547
"ENSG00000257553",434
"ENSG00000257556",5920
"ENSG00000257557",4628
"ENSG00000257558",122
"ENSG00000257563",1459
"ENSG00000257564",589
"ENSG00000257568",848
"ENSG00000257569",319
"ENSG00000257570",100
"ENSG00000257572",1075
"ENSG00000257576",1702
"ENSG00000257579",507
"ENSG00000257580",609
"ENSG00000257582",1962
"ENSG00000257585",10715
"ENSG00000257586",305
"ENSG00000257587",342
"ENSG00000257588",2714
"ENSG00000257591",2209
"ENSG00000257594",5385
"ENSG00000257595",1881
"ENSG00000257596",970
"ENSG00000257599",8200
"ENSG00000257604",243
"ENSG00000257605",1272
"ENSG00000257607",1562
"ENSG00000257609",679
"ENSG00000257611",2434
"ENSG00000257612",6612
"ENSG00000257614",549
"ENSG00000257616",2441
"ENSG00000257621",7647
"ENSG00000257622",535
"ENSG00000257624",247
"ENSG00000257629",219
"ENSG00000257634",700
"ENSG00000257635",1340
"ENSG00000257636",4246
"ENSG00000257639",576
"ENSG00000257642",549
"ENSG00000257643",345
"ENSG00000257644",394
"ENSG00000257645",156
"ENSG00000257647",427
"ENSG00000257648",172
"ENSG00000257649",496
"ENSG00000257653",713
"ENSG00000257657",3614
"ENSG00000257658",878
"ENSG00000257660",2755
"ENSG00000257662",141
"ENSG00000257663",1371
"ENSG00000257664",491
"ENSG00000257666",521
"ENSG00000257668",967
"ENSG00000257671",1693
"ENSG00000257672",174
"ENSG00000257674",1650
"ENSG00000257675",1352
"ENSG00000257677",1796
"ENSG00000257680",1087
"ENSG00000257681",1063
"ENSG00000257682",729
"ENSG00000257683",497
"ENSG00000257687",130
"ENSG00000257691",292
"ENSG00000257696",1324
"ENSG00000257698",6079
"ENSG00000257700",761
"ENSG00000257702",2947
"ENSG00000257703",4437
"ENSG00000257704",839
"ENSG00000257718",1280
"ENSG00000257720",1117
"ENSG00000257721",145
"ENSG00000257723",639
"ENSG00000257726",843
"ENSG00000257727",3019
"ENSG00000257729",1545
"ENSG00000257730",177
"ENSG00000257731",1178
"ENSG00000257732",839
"ENSG00000257735",3492
"ENSG00000257737",478
"ENSG00000257738",735
"ENSG00000257740",437
"ENSG00000257741",1790
"ENSG00000257743",8193
"ENSG00000257746",2985
"ENSG00000257747",1375
"ENSG00000257748",1706
"ENSG00000257750",887
"ENSG00000257751",515
"ENSG00000257752",703
"ENSG00000257754",413
"ENSG00000257756",2744
"ENSG00000257757",934
"ENSG00000257758",1279
"ENSG00000257759",565
"ENSG00000257761",2606
"ENSG00000257762",4990
"ENSG00000257763",823
"ENSG00000257764",599
"ENSG00000257766",468
"ENSG00000257767",784
"ENSG00000257769",530
"ENSG00000257771",9003
"ENSG00000257773",1110
"ENSG00000257777",1505
"ENSG00000257779",327
"ENSG00000257780",285
"ENSG00000257781",2075
"ENSG00000257784",1744
"ENSG00000257786",544
"ENSG00000257787",1271
"ENSG00000257790",1213
"ENSG00000257792",883
"ENSG00000257797",467
"ENSG00000257800",1994
"ENSG00000257802",1201
"ENSG00000257803",1454
"ENSG00000257807",1034
"ENSG00000257808",481
"ENSG00000257809",540
"ENSG00000257813",2270
"ENSG00000257815",11360
"ENSG00000257817",7560
"ENSG00000257818",1089
"ENSG00000257820",286
"ENSG00000257823",906
"ENSG00000257824",577
"ENSG00000257825",42
"ENSG00000257826",886
"ENSG00000257829",624
"ENSG00000257830",647
"ENSG00000257831",1328
"ENSG00000257835",660
"ENSG00000257837",1148
"ENSG00000257838",1212
"ENSG00000257839",1625
"ENSG00000257842",7878
"ENSG00000257844",1099
"ENSG00000257845",497
"ENSG00000257846",1175
"ENSG00000257847",273
"ENSG00000257848",1044
"ENSG00000257849",1215
"ENSG00000257851",1138
"ENSG00000257852",147
"ENSG00000257853",906
"ENSG00000257855",362
"ENSG00000257858",861
"ENSG00000257859",3195
"ENSG00000257860",2583
"ENSG00000257863",1011
"ENSG00000257864",573
"ENSG00000257865",311
"ENSG00000257869",2104
"ENSG00000257870",773
"ENSG00000257872",1186
"ENSG00000257875",493
"ENSG00000257878",2402
"ENSG00000257880",477
"ENSG00000257883",2952
"ENSG00000257884",2268
"ENSG00000257885",813
"ENSG00000257890",2593
"ENSG00000257891",2859
"ENSG00000257893",1704
"ENSG00000257894",2504
"ENSG00000257896",582
"ENSG00000257897",745
"ENSG00000257900",548
"ENSG00000257904",821
"ENSG00000257905",233
"ENSG00000257906",3179
"ENSG00000257907",1275
"ENSG00000257910",571
"ENSG00000257912",1317
"ENSG00000257913",2246
"ENSG00000257915",1390
"ENSG00000257920",2534
"ENSG00000257921",2514
"ENSG00000257923",17765
"ENSG00000257924",2960
"ENSG00000257925",663
"ENSG00000257927",298
"ENSG00000257932",832
"ENSG00000257935",6249
"ENSG00000257940",1302
"ENSG00000257941",578
"ENSG00000257943",1201
"ENSG00000257947",567
"ENSG00000257948",2632
"ENSG00000257949",1283
"ENSG00000257950",5905
"ENSG00000257951",1260
"ENSG00000257953",610
"ENSG00000257954",647
"ENSG00000257955",1428
"ENSG00000257956",385
"ENSG00000257957",1316
"ENSG00000257958",1538
"ENSG00000257959",1236
"ENSG00000257964",570
"ENSG00000257966",2555
"ENSG00000257976",1042
"ENSG00000257979",214
"ENSG00000257985",3637
"ENSG00000257986",6768
"ENSG00000257987",662
"ENSG00000257989",512
"ENSG00000257991",363
"ENSG00000257994",395
"ENSG00000257995",310
"ENSG00000257997",3211
"ENSG00000257998",814
"ENSG00000258001",1003
"ENSG00000258007",557
"ENSG00000258010",2205
"ENSG00000258011",324
"ENSG00000258012",1195
"ENSG00000258013",216
"ENSG00000258016",275
"ENSG00000258017",4818
"ENSG00000258018",5007
"ENSG00000258021",772
"ENSG00000258024",849
"ENSG00000258026",916
"ENSG00000258027",1681
"ENSG00000258033",1256
"ENSG00000258034",2429
"ENSG00000258035",3109
"ENSG00000258036",989
"ENSG00000258038",19125
"ENSG00000258039",1038
"ENSG00000258044",667
"ENSG00000258045",268
"ENSG00000258048",354
"ENSG00000258050",568
"ENSG00000258051",634
"ENSG00000258052",548
"ENSG00000258053",5085
"ENSG00000258056",1474
"ENSG00000258057",5299
"ENSG00000258064",771
"ENSG00000258065",1318
"ENSG00000258066",756
"ENSG00000258068",565
"ENSG00000258071",489
"ENSG00000258072",2119
"ENSG00000258073",145
"ENSG00000258074",636
"ENSG00000258076",513
"ENSG00000258077",9474
"ENSG00000258080",2934
"ENSG00000258082",1679
"ENSG00000258083",2047
"ENSG00000258084",4628
"ENSG00000258086",8316
"ENSG00000258090",724
"ENSG00000258091",255
"ENSG00000258096",1122
"ENSG00000258098",2014
"ENSG00000258099",2283
"ENSG00000258100",2265
"ENSG00000258101",1480
"ENSG00000258102",1925
"ENSG00000258104",279
"ENSG00000258107",1988
"ENSG00000258108",1864
"ENSG00000258111",411
"ENSG00000258112",1000
"ENSG00000258114",1933
"ENSG00000258115",819
"ENSG00000258116",476
"ENSG00000258117",1972
"ENSG00000258118",259
"ENSG00000258119",723
"ENSG00000258120",1201
"ENSG00000258121",588
"ENSG00000258122",585
"ENSG00000258123",1256
"ENSG00000258125",247
"ENSG00000258128",1451
"ENSG00000258130",392
"ENSG00000258133",543
"ENSG00000258134",745
"ENSG00000258135",2492
"ENSG00000258136",1911
"ENSG00000258140",1749
"ENSG00000258142",507
"ENSG00000258144",2365
"ENSG00000258148",234
"ENSG00000258150",393
"ENSG00000258153",308
"ENSG00000258154",174
"ENSG00000258159",492
"ENSG00000258162",9191
"ENSG00000258167",2807
"ENSG00000258168",6553
"ENSG00000258169",4446
"ENSG00000258171",4317
"ENSG00000258172",915
"ENSG00000258173",34
"ENSG00000258175",2789
"ENSG00000258177",525
"ENSG00000258178",1258
"ENSG00000258179",265
"ENSG00000258181",560
"ENSG00000258183",2841
"ENSG00000258184",391
"ENSG00000258185",450
"ENSG00000258186",536
"ENSG00000258193",331
"ENSG00000258197",2040
"ENSG00000258199",726
"ENSG00000258202",419
"ENSG00000258203",1222
"ENSG00000258204",480
"ENSG00000258205",117
"ENSG00000258206",553
"ENSG00000258210",946
"ENSG00000258212",1524
"ENSG00000258214",348
"ENSG00000258215",554
"ENSG00000258220",1662
"ENSG00000258223",1155
"ENSG00000258224",109
"ENSG00000258225",475
"ENSG00000258227",4129
"ENSG00000258230",308
"ENSG00000258231",2616
"ENSG00000258232",680
"ENSG00000258233",2936
"ENSG00000258234",701
"ENSG00000258235",2355
"ENSG00000258239",688
"ENSG00000258240",2489
"ENSG00000258244",609
"ENSG00000258245",303
"ENSG00000258249",1018
"ENSG00000258251",352
"ENSG00000258253",562
"ENSG00000258254",625
"ENSG00000258256",1959
"ENSG00000258260",542
"ENSG00000258262",865
"ENSG00000258271",430
"ENSG00000258272",379
"ENSG00000258273",147
"ENSG00000258274",2587
"ENSG00000258275",926
"ENSG00000258278",1485
"ENSG00000258279",3160
"ENSG00000258282",487
"ENSG00000258283",279
"ENSG00000258284",168
"ENSG00000258285",2859
"ENSG00000258288",440
"ENSG00000258289",5404
"ENSG00000258290",340
"ENSG00000258292",822
"ENSG00000258294",1696
"ENSG00000258300",384
"ENSG00000258303",779
"ENSG00000258304",390
"ENSG00000258308",1807
"ENSG00000258311",3510
"ENSG00000258312",754
"ENSG00000258313",369
"ENSG00000258314",2366
"ENSG00000258315",2628
"ENSG00000258316",1126
"ENSG00000258317",2539
"ENSG00000258320",1386
"ENSG00000258323",596
"ENSG00000258324",120
"ENSG00000258325",10840
"ENSG00000258331",836
"ENSG00000258332",2443
"ENSG00000258334",5191
"ENSG00000258336",777
"ENSG00000258337",493
"ENSG00000258338",742
"ENSG00000258343",2260
"ENSG00000258344",567
"ENSG00000258346",954
"ENSG00000258350",413
"ENSG00000258352",404
"ENSG00000258354",1459
"ENSG00000258355",312
"ENSG00000258357",780
"ENSG00000258358",1254
"ENSG00000258359",511
"ENSG00000258360",583
"ENSG00000258364",1200
"ENSG00000258365",1116
"ENSG00000258366",8542
"ENSG00000258367",406
"ENSG00000258368",223
"ENSG00000258369",470
"ENSG00000258373",880
"ENSG00000258375",1125
"ENSG00000258376",3089
"ENSG00000258377",2535
"ENSG00000258378",436
"ENSG00000258379",539
"ENSG00000258380",341
"ENSG00000258381",234
"ENSG00000258383",1699
"ENSG00000258384",1858
"ENSG00000258385",2449
"ENSG00000258387",121
"ENSG00000258388",5512
"ENSG00000258390",3172
"ENSG00000258392",721
"ENSG00000258393",840
"ENSG00000258394",515
"ENSG00000258397",636
"ENSG00000258399",2212
"ENSG00000258400",568
"ENSG00000258401",418
"ENSG00000258402",5470
"ENSG00000258404",2972
"ENSG00000258405",6802
"ENSG00000258406",874
"ENSG00000258408",561
"ENSG00000258410",572
"ENSG00000258411",137
"ENSG00000258412",460
"ENSG00000258413",1853
"ENSG00000258415",538
"ENSG00000258416",1307
"ENSG00000258417",2413
"ENSG00000258419",656
"ENSG00000258420",535
"ENSG00000258421",337
"ENSG00000258422",5195
"ENSG00000258423",993
"ENSG00000258424",300
"ENSG00000258425",518
"ENSG00000258426",2573
"ENSG00000258427",525
"ENSG00000258428",576
"ENSG00000258429",2859
"ENSG00000258430",663
"ENSG00000258431",586
"ENSG00000258433",1470
"ENSG00000258435",1532
"ENSG00000258436",869
"ENSG00000258437",539
"ENSG00000258438",948
"ENSG00000258439",542
"ENSG00000258440",440
"ENSG00000258441",5715
"ENSG00000258443",937
"ENSG00000258444",207
"ENSG00000258445",618
"ENSG00000258446",303
"ENSG00000258448",511
"ENSG00000258449",490
"ENSG00000258450",401
"ENSG00000258451",915
"ENSG00000258452",273
"ENSG00000258453",948
"ENSG00000258454",1164
"ENSG00000258455",363
"ENSG00000258456",1136
"ENSG00000258457",6634
"ENSG00000258458",6175
"ENSG00000258459",748
"ENSG00000258460",2772
"ENSG00000258461",4670
"ENSG00000258462",173
"ENSG00000258463",226
"ENSG00000258464",3974
"ENSG00000258465",3202
"ENSG00000258466",804
"ENSG00000258467",708
"ENSG00000258468",968
"ENSG00000258469",588
"ENSG00000258471",1947
"ENSG00000258472",1033
"ENSG00000258474",4296
"ENSG00000258476",17771
"ENSG00000258477",499
"ENSG00000258478",1079
"ENSG00000258479",4092
"ENSG00000258481",2497
"ENSG00000258482",249
"ENSG00000258483",3132
"ENSG00000258484",1563
"ENSG00000258485",916
"ENSG00000258487",2430
"ENSG00000258488",735
"ENSG00000258489",3935
"ENSG00000258490",514
"ENSG00000258491",1169
"ENSG00000258493",142
"ENSG00000258494",934
"ENSG00000258496",332
"ENSG00000258497",2490
"ENSG00000258498",8688
"ENSG00000258499",1384
"ENSG00000258500",323
"ENSG00000258501",1658
"ENSG00000258502",4509
"ENSG00000258503",297
"ENSG00000258504",693
"ENSG00000258505",710
"ENSG00000258506",100
"ENSG00000258507",562
"ENSG00000258509",308
"ENSG00000258510",494
"ENSG00000258511",2154
"ENSG00000258512",968
"ENSG00000258513",235
"ENSG00000258515",478
"ENSG00000258516",1625
"ENSG00000258517",1500
"ENSG00000258519",305
"ENSG00000258520",578
"ENSG00000258521",552
"ENSG00000258524",509
"ENSG00000258525",2819
"ENSG00000258526",20193
"ENSG00000258527",793
"ENSG00000258529",3346
"ENSG00000258531",263
"ENSG00000258532",1061
"ENSG00000258534",2312
"ENSG00000258535",5982
"ENSG00000258536",325
"ENSG00000258537",7470
"ENSG00000258538",864
"ENSG00000258539",3422
"ENSG00000258540",290
"ENSG00000258541",684
"ENSG00000258542",109
"ENSG00000258544",321
"ENSG00000258545",2755
"ENSG00000258546",1186
"ENSG00000258548",5797
"ENSG00000258549",145
"ENSG00000258550",1021
"ENSG00000258551",5587
"ENSG00000258552",578
"ENSG00000258553",3951
"ENSG00000258554",565
"ENSG00000258555",6204
"ENSG00000258556",1350
"ENSG00000258557",224
"ENSG00000258558",430
"ENSG00000258559",1367
"ENSG00000258560",548
"ENSG00000258561",6511
"ENSG00000258562",526
"ENSG00000258563",635
"ENSG00000258564",949
"ENSG00000258565",1130
"ENSG00000258566",604
"ENSG00000258567",1264
"ENSG00000258568",579
"ENSG00000258569",540
"ENSG00000258570",403
"ENSG00000258571",352
"ENSG00000258572",1015
"ENSG00000258573",2769
"ENSG00000258576",466
"ENSG00000258577",222
"ENSG00000258578",465
"ENSG00000258580",928
"ENSG00000258581",293
"ENSG00000258583",7699
"ENSG00000258584",3818
"ENSG00000258585",1032
"ENSG00000258586",1174
"ENSG00000258587",571
"ENSG00000258588",3391
"ENSG00000258590",979
"ENSG00000258591",366
"ENSG00000258592",3341
"ENSG00000258593",1045
"ENSG00000258594",2228
"ENSG00000258595",400
"ENSG00000258597",928
"ENSG00000258598",895
"ENSG00000258599",578
"ENSG00000258601",554
"ENSG00000258602",3567
"ENSG00000258603",5474
"ENSG00000258604",593
"ENSG00000258605",270
"ENSG00000258608",351
"ENSG00000258609",3911
"ENSG00000258610",721
"ENSG00000258611",1021
"ENSG00000258613",483
"ENSG00000258615",181
"ENSG00000258616",1144
"ENSG00000258618",474
"ENSG00000258619",1570
"ENSG00000258620",1560
"ENSG00000258622",156
"ENSG00000258623",3234
"ENSG00000258624",281
"ENSG00000258625",926
"ENSG00000258626",315
"ENSG00000258627",102
"ENSG00000258628",2512
"ENSG00000258629",1479
"ENSG00000258630",3234
"ENSG00000258632",435
"ENSG00000258633",6149
"ENSG00000258634",4216
"ENSG00000258636",7417
"ENSG00000258637",394
"ENSG00000258638",252
"ENSG00000258639",614
"ENSG00000258640",472
"ENSG00000258641",911
"ENSG00000258643",2370
"ENSG00000258644",1404
"ENSG00000258645",306
"ENSG00000258646",489
"ENSG00000258647",4818
"ENSG00000258648",554
"ENSG00000258649",3714
"ENSG00000258650",166
"ENSG00000258651",1240
"ENSG00000258653",3695
"ENSG00000258654",2091
"ENSG00000258655",2948
"ENSG00000258656",195
"ENSG00000258657",2128
"ENSG00000258658",928
"ENSG00000258659",2672
"ENSG00000258660",693
"ENSG00000258661",4814
"ENSG00000258662",1152
"ENSG00000258663",289
"ENSG00000258665",328
"ENSG00000258666",385
"ENSG00000258667",8758
"ENSG00000258668",229
"ENSG00000258670",883
"ENSG00000258671",475
"ENSG00000258672",677
"ENSG00000258673",7527
"ENSG00000258674",1846
"ENSG00000258675",1726
"ENSG00000258676",6203
"ENSG00000258677",776
"ENSG00000258678",2059
"ENSG00000258679",658
"ENSG00000258680",400
"ENSG00000258681",870
"ENSG00000258682",576
"ENSG00000258683",539
"ENSG00000258684",1147
"ENSG00000258685",934
"ENSG00000258687",174
"ENSG00000258689",2127
"ENSG00000258690",526
"ENSG00000258691",855
"ENSG00000258692",3120
"ENSG00000258693",386
"ENSG00000258694",1718
"ENSG00000258695",519
"ENSG00000258696",364
"ENSG00000258698",615
"ENSG00000258699",458
"ENSG00000258700",3481
"ENSG00000258701",2518
"ENSG00000258702",8161
"ENSG00000258703",807
"ENSG00000258704",565
"ENSG00000258705",3055
"ENSG00000258706",939
"ENSG00000258707",547
"ENSG00000258708",1924
"ENSG00000258710",8594
"ENSG00000258711",5422
"ENSG00000258712",1089
"ENSG00000258713",754
"ENSG00000258716",1954
"ENSG00000258717",4122
"ENSG00000258718",2781
"ENSG00000258719",700
"ENSG00000258721",983
"ENSG00000258722",2049
"ENSG00000258723",525
"ENSG00000258724",1753
"ENSG00000258725",5006
"ENSG00000258726",601
"ENSG00000258727",3524
"ENSG00000258728",4479
"ENSG00000258729",1678
"ENSG00000258730",4701
"ENSG00000258731",19221
"ENSG00000258732",378
"ENSG00000258733",7101
"ENSG00000258734",498
"ENSG00000258735",4667
"ENSG00000258736",2011
"ENSG00000258737",297
"ENSG00000258738",2117
"ENSG00000258739",974
"ENSG00000258740",3849
"ENSG00000258741",373
"ENSG00000258742",2227
"ENSG00000258743",10237
"ENSG00000258744",5223
"ENSG00000258745",535
"ENSG00000258746",399
"ENSG00000258747",1863
"ENSG00000258748",1989
"ENSG00000258749",889
"ENSG00000258750",1066
"ENSG00000258751",1670
"ENSG00000258752",3811
"ENSG00000258753",385
"ENSG00000258754",10850
"ENSG00000258757",581
"ENSG00000258758",1620
"ENSG00000258759",606
"ENSG00000258760",1118
"ENSG00000258761",539
"ENSG00000258762",766
"ENSG00000258763",4510
"ENSG00000258764",255
"ENSG00000258765",592
"ENSG00000258766",3539
"ENSG00000258767",460
"ENSG00000258768",3829
"ENSG00000258769",451
"ENSG00000258770",555
"ENSG00000258771",636
"ENSG00000258773",5351
"ENSG00000258774",918
"ENSG00000258776",2387
"ENSG00000258778",1227
"ENSG00000258779",8256
"ENSG00000258780",1141
"ENSG00000258781",1048
"ENSG00000258782",671
"ENSG00000258783",1265
"ENSG00000258784",1536
"ENSG00000258787",559
"ENSG00000258788",240
"ENSG00000258789",718
"ENSG00000258790",3857
"ENSG00000258791",3482
"ENSG00000258792",5431
"ENSG00000258793",2044
"ENSG00000258794",1261
"ENSG00000258795",423
"ENSG00000258796",487
"ENSG00000258797",670
"ENSG00000258798",461
"ENSG00000258799",169
"ENSG00000258800",283
"ENSG00000258802",158
"ENSG00000258803",2226
"ENSG00000258804",1763
"ENSG00000258805",1154
"ENSG00000258806",945
"ENSG00000258807",2698
"ENSG00000258810",294
"ENSG00000258811",3254
"ENSG00000258812",338
"ENSG00000258813",1839
"ENSG00000258814",1859
"ENSG00000258815",8222
"ENSG00000258816",193
"ENSG00000258817",1029
"ENSG00000258818",2154
"ENSG00000258819",8115
"ENSG00000258820",2861
"ENSG00000258822",969
"ENSG00000258823",767
"ENSG00000258824",550
"ENSG00000258826",2697
"ENSG00000258827",828
"ENSG00000258828",944
"ENSG00000258829",592
"ENSG00000258830",2107
"ENSG00000258834",1269
"ENSG00000258835",323
"ENSG00000258836",590
"ENSG00000258837",537
"ENSG00000258839",4759
"ENSG00000258841",1447
"ENSG00000258842",322
"ENSG00000258843",514
"ENSG00000258845",645
"ENSG00000258846",1362
"ENSG00000258847",4284
"ENSG00000258848",244
"ENSG00000258849",298
"ENSG00000258850",854
"ENSG00000258851",553
"ENSG00000258853",209
"ENSG00000258854",1255
"ENSG00000258855",907
"ENSG00000258856",763
"ENSG00000258857",1159
"ENSG00000258858",716
"ENSG00000258859",5162
"ENSG00000258860",1186
"ENSG00000258863",845
"ENSG00000258864",694
"ENSG00000258866",1190
"ENSG00000258867",19336
"ENSG00000258868",522
"ENSG00000258869",3104
"ENSG00000258870",341
"ENSG00000258871",654
"ENSG00000258872",1013
"ENSG00000258873",1048
"ENSG00000258874",1449
"ENSG00000258875",2258
"ENSG00000258876",580
"ENSG00000258877",1605
"ENSG00000258878",587
"ENSG00000258881",4451
"ENSG00000258883",382
"ENSG00000258884",3658
"ENSG00000258886",276
"ENSG00000258887",472
"ENSG00000258888",682
"ENSG00000258890",7771
"ENSG00000258891",3953
"ENSG00000258892",200
"ENSG00000258893",926
"ENSG00000258894",1548
"ENSG00000258895",520
"ENSG00000258896",349
"ENSG00000258897",308
"ENSG00000258899",912
"ENSG00000258900",766
"ENSG00000258901",394
"ENSG00000258902",1138
"ENSG00000258903",4055
"ENSG00000258904",533
"ENSG00000258905",340
"ENSG00000258906",619
"ENSG00000258907",611
"ENSG00000258908",492
"ENSG00000258909",2284
"ENSG00000258910",4096
"ENSG00000258912",4123
"ENSG00000258913",5003
"ENSG00000258915",1651
"ENSG00000258916",4965
"ENSG00000258917",787
"ENSG00000258920",1077
"ENSG00000258922",464
"ENSG00000258923",1720
"ENSG00000258924",1050
"ENSG00000258925",838
"ENSG00000258926",4005
"ENSG00000258928",529
"ENSG00000258930",285
"ENSG00000258931",877
"ENSG00000258932",450
"ENSG00000258933",893
"ENSG00000258934",735
"ENSG00000258935",559
"ENSG00000258938",2867
"ENSG00000258940",1411
"ENSG00000258942",1690
"ENSG00000258943",880
"ENSG00000258944",777
"ENSG00000258945",1568
"ENSG00000258947",7421
"ENSG00000258948",1207
"ENSG00000258951",1219
"ENSG00000258952",2086
"ENSG00000258954",431
"ENSG00000258955",2909
"ENSG00000258956",509
"ENSG00000258957",2369
"ENSG00000258958",369
"ENSG00000258959",307
"ENSG00000258960",520
"ENSG00000258962",1185
"ENSG00000258963",434
"ENSG00000258964",720
"ENSG00000258965",430
"ENSG00000258966",266
"ENSG00000258967",300
"ENSG00000258968",351
"ENSG00000258969",826
"ENSG00000258970",1017
"ENSG00000258971",232
"ENSG00000258972",545
"ENSG00000258973",930
"ENSG00000258975",4990
"ENSG00000258976",717
"ENSG00000258977",2053
"ENSG00000258978",175
"ENSG00000258979",1624
"ENSG00000258980",413
"ENSG00000258981",394
"ENSG00000258982",4740
"ENSG00000258983",905
"ENSG00000258984",3195
"ENSG00000258985",366
"ENSG00000258986",5356
"ENSG00000258987",835
"ENSG00000258988",1266
"ENSG00000258989",779
"ENSG00000258990",1076
"ENSG00000258991",1267
"ENSG00000258992",1172
"ENSG00000258993",247
"ENSG00000258994",690
"ENSG00000258995",195
"ENSG00000258996",348
"ENSG00000258997",2603
"ENSG00000259000",5932
"ENSG00000259001",710
"ENSG00000259002",3270
"ENSG00000259003",2551
"ENSG00000259004",992
"ENSG00000259005",589
"ENSG00000259006",985
"ENSG00000259007",479
"ENSG00000259008",3965
"ENSG00000259009",1127
"ENSG00000259010",1402
"ENSG00000259011",1319
"ENSG00000259012",670
"ENSG00000259013",238
"ENSG00000259015",289
"ENSG00000259016",554
"ENSG00000259017",504
"ENSG00000259018",285
"ENSG00000259019",351
"ENSG00000259020",322
"ENSG00000259021",319
"ENSG00000259022",372
"ENSG00000259023",3995
"ENSG00000259024",3473
"ENSG00000259025",1699
"ENSG00000259026",1274
"ENSG00000259028",1014
"ENSG00000259029",1267
"ENSG00000259030",9896
"ENSG00000259031",553
"ENSG00000259032",352
"ENSG00000259033",2530
"ENSG00000259035",2363
"ENSG00000259036",572
"ENSG00000259037",543
"ENSG00000259039",2013
"ENSG00000259040",3030
"ENSG00000259041",385
"ENSG00000259042",844
"ENSG00000259043",1915
"ENSG00000259044",1140
"ENSG00000259045",703
"ENSG00000259046",486
"ENSG00000259047",283
"ENSG00000259048",1153
"ENSG00000259049",1426
"ENSG00000259050",1090
"ENSG00000259051",333
"ENSG00000259052",206
"ENSG00000259053",452
"ENSG00000259054",1384
"ENSG00000259055",1131
"ENSG00000259056",463
"ENSG00000259057",1115
"ENSG00000259058",1511
"ENSG00000259059",510
"ENSG00000259060",2467
"ENSG00000259061",412
"ENSG00000259062",1245
"ENSG00000259064",342
"ENSG00000259065",2511
"ENSG00000259066",920
"ENSG00000259067",584
"ENSG00000259068",342
"ENSG00000259069",1106
"ENSG00000259070",11515
"ENSG00000259071",446
"ENSG00000259072",2089
"ENSG00000259073",1262
"ENSG00000259074",514
"ENSG00000259075",5500
"ENSG00000259076",432
"ENSG00000259077",1247
"ENSG00000259078",1601
"ENSG00000259079",397
"ENSG00000259080",1741
"ENSG00000259081",954
"ENSG00000259082",2656
"ENSG00000259083",540
"ENSG00000259084",3672
"ENSG00000259086",445
"ENSG00000259087",1377
"ENSG00000259088",1197
"ENSG00000259089",761
"ENSG00000259090",1196
"ENSG00000259091",4125
"ENSG00000259092",337
"ENSG00000259093",2173
"ENSG00000259094",1011
"ENSG00000259095",182
"ENSG00000259096",2470
"ENSG00000259097",3921
"ENSG00000259098",711
"ENSG00000259099",1653
"ENSG00000259100",1699
"ENSG00000259102",1231
"ENSG00000259103",1708
"ENSG00000259104",2617
"ENSG00000259105",764
"ENSG00000259106",551
"ENSG00000259107",1751
"ENSG00000259108",1019
"ENSG00000259109",242
"ENSG00000259110",6118
"ENSG00000259111",448
"ENSG00000259112",826
"ENSG00000259113",502
"ENSG00000259115",611
"ENSG00000259116",1970
"ENSG00000259117",276
"ENSG00000259118",1512
"ENSG00000259119",1851
"ENSG00000259120",1149
"ENSG00000259121",201
"ENSG00000259122",617
"ENSG00000259124",632
"ENSG00000259125",952
"ENSG00000259129",7104
"ENSG00000259130",7452
"ENSG00000259132",835
"ENSG00000259133",1995
"ENSG00000259134",15928
"ENSG00000259135",3720
"ENSG00000259136",315
"ENSG00000259137",552
"ENSG00000259138",1227
"ENSG00000259140",657
"ENSG00000259142",2093
"ENSG00000259143",594
"ENSG00000259144",2104
"ENSG00000259146",2695
"ENSG00000259148",722
"ENSG00000259149",764
"ENSG00000259150",4260
"ENSG00000259151",1390
"ENSG00000259152",318
"ENSG00000259153",7219
"ENSG00000259154",1267
"ENSG00000259155",525
"ENSG00000259156",672
"ENSG00000259157",283
"ENSG00000259158",2326
"ENSG00000259160",178
"ENSG00000259161",729
"ENSG00000259162",890
"ENSG00000259163",1665
"ENSG00000259164",603
"ENSG00000259165",1992
"ENSG00000259167",876
"ENSG00000259168",1602
"ENSG00000259169",631
"ENSG00000259170",951
"ENSG00000259171",1498
"ENSG00000259172",3744
"ENSG00000259173",315
"ENSG00000259175",2520
"ENSG00000259177",458
"ENSG00000259178",875
"ENSG00000259179",535
"ENSG00000259180",364
"ENSG00000259181",2453
"ENSG00000259182",4808
"ENSG00000259183",231
"ENSG00000259185",510
"ENSG00000259186",748
"ENSG00000259187",424
"ENSG00000259188",1499
"ENSG00000259191",655
"ENSG00000259192",781
"ENSG00000259194",174
"ENSG00000259195",174
"ENSG00000259196",347
"ENSG00000259198",4020
"ENSG00000259199",1475
"ENSG00000259200",3859
"ENSG00000259201",510
"ENSG00000259202",472
"ENSG00000259203",4280
"ENSG00000259204",308
"ENSG00000259205",1122
"ENSG00000259207",6829
"ENSG00000259208",475
"ENSG00000259211",729
"ENSG00000259212",474
"ENSG00000259213",841
"ENSG00000259214",187
"ENSG00000259215",391
"ENSG00000259216",490
"ENSG00000259217",150
"ENSG00000259218",2573
"ENSG00000259219",2664
"ENSG00000259221",1481
"ENSG00000259223",1651
"ENSG00000259224",1583
"ENSG00000259225",3987
"ENSG00000259227",393
"ENSG00000259228",952
"ENSG00000259229",214
"ENSG00000259230",4251
"ENSG00000259231",1141
"ENSG00000259232",297
"ENSG00000259234",13570
"ENSG00000259235",3124
"ENSG00000259236",1798
"ENSG00000259237",8524
"ENSG00000259238",402
"ENSG00000259239",1447
"ENSG00000259240",2991
"ENSG00000259241",855
"ENSG00000259242",937
"ENSG00000259245",6697
"ENSG00000259246",272
"ENSG00000259247",1505
"ENSG00000259248",9319
"ENSG00000259250",542
"ENSG00000259251",1937
"ENSG00000259252",1344
"ENSG00000259254",516
"ENSG00000259256",2517
"ENSG00000259257",625
"ENSG00000259258",267
"ENSG00000259259",862
"ENSG00000259261",353
"ENSG00000259262",250
"ENSG00000259265",872
"ENSG00000259266",150
"ENSG00000259267",5171
"ENSG00000259268",1435
"ENSG00000259269",3353
"ENSG00000259270",179
"ENSG00000259271",1623
"ENSG00000259273",514
"ENSG00000259275",8392
"ENSG00000259276",764
"ENSG00000259277",751
"ENSG00000259278",2217
"ENSG00000259280",5637
"ENSG00000259281",938
"ENSG00000259282",1225
"ENSG00000259283",763
"ENSG00000259284",1305
"ENSG00000259285",874
"ENSG00000259286",920
"ENSG00000259287",562
"ENSG00000259288",608
"ENSG00000259289",1142
"ENSG00000259290",455
"ENSG00000259291",2902
"ENSG00000259293",2231
"ENSG00000259294",622
"ENSG00000259295",4853
"ENSG00000259296",387
"ENSG00000259299",1465
"ENSG00000259300",1232
"ENSG00000259301",290
"ENSG00000259302",33
"ENSG00000259303",358
"ENSG00000259304",1144
"ENSG00000259305",1325
"ENSG00000259307",568
"ENSG00000259308",404
"ENSG00000259309",1257
"ENSG00000259312",552
"ENSG00000259314",807
"ENSG00000259315",1119
"ENSG00000259316",3287
"ENSG00000259317",368
"ENSG00000259318",294
"ENSG00000259319",6129
"ENSG00000259320",2338
"ENSG00000259321",747
"ENSG00000259322",449
"ENSG00000259324",843
"ENSG00000259326",2129
"ENSG00000259327",874
"ENSG00000259330",3024
"ENSG00000259331",1880
"ENSG00000259332",982
"ENSG00000259333",237
"ENSG00000259334",937
"ENSG00000259335",1768
"ENSG00000259336",1342
"ENSG00000259337",353
"ENSG00000259338",397
"ENSG00000259339",802
"ENSG00000259340",137
"ENSG00000259341",13169
"ENSG00000259342",729
"ENSG00000259343",21522
"ENSG00000259345",10534
"ENSG00000259346",390
"ENSG00000259347",5856
"ENSG00000259349",2394
"ENSG00000259350",470
"ENSG00000259351",1072
"ENSG00000259352",426
"ENSG00000259353",960
"ENSG00000259354",5113
"ENSG00000259356",1781
"ENSG00000259357",778
"ENSG00000259358",2459
"ENSG00000259360",581
"ENSG00000259361",7031
"ENSG00000259362",3814
"ENSG00000259363",14309
"ENSG00000259364",584
"ENSG00000259365",556
"ENSG00000259366",1467
"ENSG00000259367",660
"ENSG00000259368",482
"ENSG00000259369",129
"ENSG00000259370",10054
"ENSG00000259371",850
"ENSG00000259374",395
"ENSG00000259375",1401
"ENSG00000259377",581
"ENSG00000259378",1334
"ENSG00000259379",1802
"ENSG00000259380",9818
"ENSG00000259381",1222
"ENSG00000259383",1364
"ENSG00000259384",1197
"ENSG00000259385",1158
"ENSG00000259388",1852
"ENSG00000259389",334
"ENSG00000259390",336
"ENSG00000259392",344
"ENSG00000259393",763
"ENSG00000259394",952
"ENSG00000259395",2428
"ENSG00000259396",476
"ENSG00000259397",730
"ENSG00000259398",381
"ENSG00000259399",918
"ENSG00000259402",526
"ENSG00000259403",723
"ENSG00000259404",1798
"ENSG00000259405",134
"ENSG00000259408",964
"ENSG00000259409",461
"ENSG00000259410",1046
"ENSG00000259411",1078
"ENSG00000259413",583
"ENSG00000259414",726
"ENSG00000259415",429
"ENSG00000259416",3050
"ENSG00000259417",6893
"ENSG00000259418",542
"ENSG00000259419",875
"ENSG00000259420",2807
"ENSG00000259421",258
"ENSG00000259422",2354
"ENSG00000259424",4741
"ENSG00000259425",1153
"ENSG00000259426",7196
"ENSG00000259427",299
"ENSG00000259428",582
"ENSG00000259429",761
"ENSG00000259430",1832
"ENSG00000259431",2894
"ENSG00000259432",567
"ENSG00000259433",2426
"ENSG00000259434",4259
"ENSG00000259435",924
"ENSG00000259437",423
"ENSG00000259438",865
"ENSG00000259439",6277
"ENSG00000259440",786
"ENSG00000259441",878
"ENSG00000259442",1091
"ENSG00000259443",1074
"ENSG00000259446",2861
"ENSG00000259447",1366
"ENSG00000259448",5083
"ENSG00000259449",874
"ENSG00000259452",474
"ENSG00000259453",746
"ENSG00000259454",414
"ENSG00000259456",5032
"ENSG00000259457",1192
"ENSG00000259458",2425
"ENSG00000259459",2497
"ENSG00000259460",4553
"ENSG00000259461",706
"ENSG00000259462",5014
"ENSG00000259463",414
"ENSG00000259464",439
"ENSG00000259465",1308
"ENSG00000259466",856
"ENSG00000259467",519
"ENSG00000259468",387
"ENSG00000259469",540
"ENSG00000259470",1449
"ENSG00000259471",1964
"ENSG00000259473",336
"ENSG00000259474",325
"ENSG00000259475",1607
"ENSG00000259476",1757
"ENSG00000259477",931
"ENSG00000259478",3679
"ENSG00000259479",1069
"ENSG00000259481",476
"ENSG00000259482",1030
"ENSG00000259483",2574
"ENSG00000259485",8766
"ENSG00000259488",4710
"ENSG00000259489",977
"ENSG00000259490",359
"ENSG00000259493",1049
"ENSG00000259494",6402
"ENSG00000259495",10127
"ENSG00000259496",731
"ENSG00000259498",4175
"ENSG00000259499",655
"ENSG00000259500",1559
"ENSG00000259502",619
"ENSG00000259503",527
"ENSG00000259504",884
"ENSG00000259505",1203
"ENSG00000259507",573
"ENSG00000259508",1543
"ENSG00000259509",433
"ENSG00000259511",347
"ENSG00000259512",966
"ENSG00000259513",322
"ENSG00000259514",758
"ENSG00000259515",828
"ENSG00000259516",737
"ENSG00000259517",854
"ENSG00000259518",2714
"ENSG00000259519",292
"ENSG00000259520",5066
"ENSG00000259521",712
"ENSG00000259522",4351
"ENSG00000259523",1451
"ENSG00000259525",527
"ENSG00000259527",2015
"ENSG00000259528",531
"ENSG00000259529",5574
"ENSG00000259530",1483
"ENSG00000259531",1562
"ENSG00000259532",472
"ENSG00000259533",409
"ENSG00000259534",1762
"ENSG00000259535",515
"ENSG00000259536",2562
"ENSG00000259538",205
"ENSG00000259539",595
"ENSG00000259540",789
"ENSG00000259541",2600
"ENSG00000259542",960
"ENSG00000259543",2783
"ENSG00000259544",569
"ENSG00000259545",598
"ENSG00000259546",683
"ENSG00000259547",301
"ENSG00000259548",539
"ENSG00000259550",835
"ENSG00000259551",7092
"ENSG00000259553",3714
"ENSG00000259554",555
"ENSG00000259555",2562
"ENSG00000259556",1041
"ENSG00000259557",303
"ENSG00000259558",889
"ENSG00000259560",5241
"ENSG00000259561",449
"ENSG00000259562",695
"ENSG00000259563",498
"ENSG00000259564",1273
"ENSG00000259565",1207
"ENSG00000259569",276
"ENSG00000259570",389
"ENSG00000259571",876
"ENSG00000259572",2499
"ENSG00000259573",841
"ENSG00000259575",481
"ENSG00000259577",3809
"ENSG00000259579",6648
"ENSG00000259580",318
"ENSG00000259581",2705
"ENSG00000259583",8045
"ENSG00000259584",3383
"ENSG00000259585",1192
"ENSG00000259586",164
"ENSG00000259588",748
"ENSG00000259589",580
"ENSG00000259590",3073
"ENSG00000259591",1375
"ENSG00000259592",512
"ENSG00000259593",246
"ENSG00000259595",625
"ENSG00000259598",553
"ENSG00000259600",1481
"ENSG00000259601",1985
"ENSG00000259602",666
"ENSG00000259603",383
"ENSG00000259605",2600
"ENSG00000259607",585
"ENSG00000259608",255
"ENSG00000259609",996
"ENSG00000259611",3935
"ENSG00000259612",1380
"ENSG00000259614",843
"ENSG00000259615",459
"ENSG00000259617",500
"ENSG00000259619",2289
"ENSG00000259620",583
"ENSG00000259621",263
"ENSG00000259622",396
"ENSG00000259623",2930
"ENSG00000259624",652
"ENSG00000259626",328
"ENSG00000259627",691
"ENSG00000259630",406
"ENSG00000259631",326
"ENSG00000259632",1800
"ENSG00000259633",102
"ENSG00000259635",1609
"ENSG00000259636",351
"ENSG00000259637",433
"ENSG00000259639",3911
"ENSG00000259642",4534
"ENSG00000259644",1346
"ENSG00000259645",694
"ENSG00000259646",51
"ENSG00000259647",4005
"ENSG00000259648",614
"ENSG00000259649",744
"ENSG00000259650",371
"ENSG00000259651",289
"ENSG00000259652",264
"ENSG00000259654",487
"ENSG00000259655",739
"ENSG00000259656",743
"ENSG00000259657",565
"ENSG00000259658",271
"ENSG00000259659",653
"ENSG00000259660",12667
"ENSG00000259661",795
"ENSG00000259663",7152
"ENSG00000259665",370
"ENSG00000259666",2772
"ENSG00000259668",3281
"ENSG00000259669",3588
"ENSG00000259670",732
"ENSG00000259671",1102
"ENSG00000259672",2066
"ENSG00000259673",13001
"ENSG00000259674",802
"ENSG00000259675",7964
"ENSG00000259676",841
"ENSG00000259677",746
"ENSG00000259678",560
"ENSG00000259680",349
"ENSG00000259681",431
"ENSG00000259682",391
"ENSG00000259683",970
"ENSG00000259684",606
"ENSG00000259685",2085
"ENSG00000259686",950
"ENSG00000259687",3728
"ENSG00000259688",224
"ENSG00000259690",3355
"ENSG00000259691",283
"ENSG00000259692",12266
"ENSG00000259694",1093
"ENSG00000259695",664
"ENSG00000259696",939
"ENSG00000259697",4972
"ENSG00000259698",410
"ENSG00000259699",949
"ENSG00000259700",1495
"ENSG00000259701",363
"ENSG00000259702",6760
"ENSG00000259704",3570
"ENSG00000259705",2319
"ENSG00000259706",2384
"ENSG00000259707",636
"ENSG00000259708",3045
"ENSG00000259709",1538
"ENSG00000259710",385
"ENSG00000259711",697
"ENSG00000259712",635
"ENSG00000259713",501
"ENSG00000259715",612
"ENSG00000259717",1813
"ENSG00000259719",7829
"ENSG00000259720",2134
"ENSG00000259721",1738
"ENSG00000259722",245
"ENSG00000259723",542
"ENSG00000259724",3471
"ENSG00000259725",3632
"ENSG00000259726",4910
"ENSG00000259727",3788
"ENSG00000259728",219
"ENSG00000259731",823
"ENSG00000259732",633
"ENSG00000259734",499
"ENSG00000259735",497
"ENSG00000259736",3929
"ENSG00000259737",3942
"ENSG00000259738",298
"ENSG00000259740",396
"ENSG00000259742",509
"ENSG00000259743",800
"ENSG00000259744",755
"ENSG00000259746",309
"ENSG00000259749",754
"ENSG00000259750",784
"ENSG00000259751",1259
"ENSG00000259753",2785
"ENSG00000259754",6182
"ENSG00000259755",4520
"ENSG00000259756",577
"ENSG00000259757",688
"ENSG00000259759",690
"ENSG00000259763",902
"ENSG00000259764",867
"ENSG00000259767",454
"ENSG00000259768",19796
"ENSG00000259769",1699
"ENSG00000259770",1081
"ENSG00000259771",448
"ENSG00000259772",3435
"ENSG00000259773",304
"ENSG00000259774",5021
"ENSG00000259775",694
"ENSG00000259776",3792
"ENSG00000259779",2339
"ENSG00000259780",1225
"ENSG00000259781",646
"ENSG00000259782",837
"ENSG00000259783",2704
"ENSG00000259784",596
"ENSG00000259786",9837
"ENSG00000259788",3647
"ENSG00000259789",2628
"ENSG00000259790",737
"ENSG00000259791",554
"ENSG00000259792",483
"ENSG00000259793",2285
"ENSG00000259797",428
"ENSG00000259798",483
"ENSG00000259800",208
"ENSG00000259802",5842
"ENSG00000259803",2706
"ENSG00000259804",5169
"ENSG00000259805",754
"ENSG00000259807",6565
"ENSG00000259810",2792
"ENSG00000259813",213
"ENSG00000259814",1537
"ENSG00000259815",565
"ENSG00000259817",617
"ENSG00000259818",3591
"ENSG00000259819",405
"ENSG00000259821",1493
"ENSG00000259822",250
"ENSG00000259823",1162
"ENSG00000259826",2456
"ENSG00000259827",551
"ENSG00000259828",3996
"ENSG00000259831",3409
"ENSG00000259832",196
"ENSG00000259833",863
"ENSG00000259836",976
"ENSG00000259837",861
"ENSG00000259838",332
"ENSG00000259840",2491
"ENSG00000259841",4122
"ENSG00000259842",343
"ENSG00000259843",1085
"ENSG00000259844",1980
"ENSG00000259845",2393
"ENSG00000259846",2902
"ENSG00000259847",2758
"ENSG00000259848",485
"ENSG00000259849",656
"ENSG00000259852",349
"ENSG00000259854",2424
"ENSG00000259856",589
"ENSG00000259861",742
"ENSG00000259862",1721
"ENSG00000259863",2343
"ENSG00000259864",183
"ENSG00000259865",1246
"ENSG00000259866",1174
"ENSG00000259867",9636
"ENSG00000259868",7659
"ENSG00000259869",3516
"ENSG00000259870",2098
"ENSG00000259871",1363
"ENSG00000259873",554
"ENSG00000259874",238
"ENSG00000259876",563
"ENSG00000259877",2494
"ENSG00000259878",564
"ENSG00000259881",3057
"ENSG00000259882",1549
"ENSG00000259883",1354
"ENSG00000259884",915
"ENSG00000259887",1894
"ENSG00000259889",583
"ENSG00000259890",508
"ENSG00000259891",2231
"ENSG00000259892",951
"ENSG00000259895",3264
"ENSG00000259897",832
"ENSG00000259899",742
"ENSG00000259900",747
"ENSG00000259904",1063
"ENSG00000259905",24558
"ENSG00000259906",1404
"ENSG00000259907",685
"ENSG00000259909",382
"ENSG00000259910",476
"ENSG00000259912",861
"ENSG00000259914",702
"ENSG00000259915",2204
"ENSG00000259916",4858
"ENSG00000259917",1570
"ENSG00000259918",343
"ENSG00000259920",2902
"ENSG00000259921",3910
"ENSG00000259922",1030
"ENSG00000259923",714
"ENSG00000259924",964
"ENSG00000259925",2942
"ENSG00000259926",706
"ENSG00000259928",1520
"ENSG00000259929",2443
"ENSG00000259931",271
"ENSG00000259932",623
"ENSG00000259933",691
"ENSG00000259934",217
"ENSG00000259935",540
"ENSG00000259937",1025
"ENSG00000259940",1686
"ENSG00000259941",2465
"ENSG00000259943",1662
"ENSG00000259944",767
"ENSG00000259945",336
"ENSG00000259946",1810
"ENSG00000259947",1234
"ENSG00000259948",678
"ENSG00000259950",442
"ENSG00000259952",547
"ENSG00000259953",7144
"ENSG00000259954",2615
"ENSG00000259955",510
"ENSG00000259956",6624
"ENSG00000259959",4218
"ENSG00000259961",515
"ENSG00000259962",395
"ENSG00000259963",175
"ENSG00000259964",4801
"ENSG00000259966",517
"ENSG00000259967",556
"ENSG00000259968",1075
"ENSG00000259969",981
"ENSG00000259970",423
"ENSG00000259974",6549
"ENSG00000259976",15214
"ENSG00000259977",3149
"ENSG00000259978",235
"ENSG00000259979",719
"ENSG00000259981",444
"ENSG00000259982",959
"ENSG00000259983",409
"ENSG00000259984",459
"ENSG00000259985",1169
"ENSG00000259986",3321
"ENSG00000259987",751
"ENSG00000259989",2055
"ENSG00000259990",351
"ENSG00000259992",798
"ENSG00000259993",2548
"ENSG00000259994",3241
"ENSG00000259996",367
"ENSG00000259997",205
"ENSG00000259999",427
"ENSG00000260000",3535
"ENSG00000260001",2859
"ENSG00000260003",600
"ENSG00000260004",642
"ENSG00000260005",4506
"ENSG00000260007",7276
"ENSG00000260008",1957
"ENSG00000260009",934
"ENSG00000260010",1939
"ENSG00000260011",843
"ENSG00000260012",760
"ENSG00000260014",306
"ENSG00000260015",409
"ENSG00000260017",361
"ENSG00000260018",1424
"ENSG00000260019",3525
"ENSG00000260021",592
"ENSG00000260022",530
"ENSG00000260024",238
"ENSG00000260025",1423
"ENSG00000260026",1025
"ENSG00000260027",1520
"ENSG00000260029",1146
"ENSG00000260031",298
"ENSG00000260032",5689
"ENSG00000260033",469
"ENSG00000260034",8016
"ENSG00000260035",308
"ENSG00000260036",723
"ENSG00000260037",896
"ENSG00000260038",358
"ENSG00000260041",1215
"ENSG00000260042",981
"ENSG00000260046",1625
"ENSG00000260047",399
"ENSG00000260048",205
"ENSG00000260051",570
"ENSG00000260053",2184
"ENSG00000260057",3865
"ENSG00000260058",481
"ENSG00000260059",3232
"ENSG00000260062",1621
"ENSG00000260063",3812
"ENSG00000260064",829
"ENSG00000260066",3024
"ENSG00000260067",163
"ENSG00000260068",242
"ENSG00000260070",705
"ENSG00000260072",7726
"ENSG00000260073",2975
"ENSG00000260075",1471
"ENSG00000260077",4424
"ENSG00000260078",1218
"ENSG00000260081",585
"ENSG00000260082",600
"ENSG00000260083",2206
"ENSG00000260084",547
"ENSG00000260086",7943
"ENSG00000260087",355
"ENSG00000260088",1308
"ENSG00000260089",840
"ENSG00000260091",901
"ENSG00000260092",2125
"ENSG00000260093",8717
"ENSG00000260094",1787
"ENSG00000260096",270
"ENSG00000260097",3151
"ENSG00000260101",2603
"ENSG00000260102",3345
"ENSG00000260103",240
"ENSG00000260104",176
"ENSG00000260105",2289
"ENSG00000260107",504
"ENSG00000260108",2421
"ENSG00000260109",534
"ENSG00000260111",590
"ENSG00000260112",1192
"ENSG00000260113",203
"ENSG00000260115",853
"ENSG00000260118",1432
"ENSG00000260120",2091
"ENSG00000260121",1845
"ENSG00000260122",896
"ENSG00000260123",2567
"ENSG00000260125",2440
"ENSG00000260126",2252
"ENSG00000260128",492
"ENSG00000260131",412
"ENSG00000260132",871
"ENSG00000260133",576
"ENSG00000260134",661
"ENSG00000260135",3646
"ENSG00000260136",1081
"ENSG00000260137",358
"ENSG00000260139",4801
"ENSG00000260142",1028
"ENSG00000260144",1194
"ENSG00000260145",672
"ENSG00000260146",354
"ENSG00000260147",325
"ENSG00000260148",472
"ENSG00000260151",1395
"ENSG00000260152",608
"ENSG00000260153",460
"ENSG00000260156",1179
"ENSG00000260157",291
"ENSG00000260158",820
"ENSG00000260159",760
"ENSG00000260160",675
"ENSG00000260161",1132
"ENSG00000260162",608
"ENSG00000260165",176
"ENSG00000260166",2573
"ENSG00000260167",3281
"ENSG00000260170",1060
"ENSG00000260171",1105
"ENSG00000260172",1521
"ENSG00000260173",393
"ENSG00000260174",673
"ENSG00000260176",572
"ENSG00000260177",2106
"ENSG00000260179",1558
"ENSG00000260184",97
"ENSG00000260185",406
"ENSG00000260186",2877
"ENSG00000260187",490
"ENSG00000260188",2088
"ENSG00000260190",820
"ENSG00000260192",14428
"ENSG00000260193",2092
"ENSG00000260194",739
"ENSG00000260196",2883
"ENSG00000260197",2666
"ENSG00000260198",1777
"ENSG00000260201",1012
"ENSG00000260202",2687
"ENSG00000260205",3095
"ENSG00000260206",572
"ENSG00000260207",394
"ENSG00000260209",1498
"ENSG00000260211",2529
"ENSG00000260212",465
"ENSG00000260213",3393
"ENSG00000260217",2109
"ENSG00000260218",277
"ENSG00000260219",2992
"ENSG00000260220",11626
"ENSG00000260223",2683
"ENSG00000260224",236
"ENSG00000260228",5512
"ENSG00000260229",497
"ENSG00000260230",15513
"ENSG00000260231",2457
"ENSG00000260232",5319
"ENSG00000260233",3631
"ENSG00000260234",1329
"ENSG00000260235",560
"ENSG00000260236",2542
"ENSG00000260237",531
"ENSG00000260238",1007
"ENSG00000260239",4380
"ENSG00000260240",566
"ENSG00000260242",691
"ENSG00000260244",2615
"ENSG00000260246",491
"ENSG00000260247",339
"ENSG00000260249",6583
"ENSG00000260251",733
"ENSG00000260252",369
"ENSG00000260253",809
"ENSG00000260254",8400
"ENSG00000260255",1094
"ENSG00000260256",529
"ENSG00000260257",2131
"ENSG00000260258",867
"ENSG00000260259",1352
"ENSG00000260260",1219
"ENSG00000260261",150
"ENSG00000260262",713
"ENSG00000260264",1111
"ENSG00000260265",1753
"ENSG00000260266",490
"ENSG00000260267",3026
"ENSG00000260268",6308
"ENSG00000260269",1095
"ENSG00000260271",11330
"ENSG00000260272",1944
"ENSG00000260273",878
"ENSG00000260274",2318
"ENSG00000260275",310
"ENSG00000260277",1747
"ENSG00000260278",2801
"ENSG00000260279",1872
"ENSG00000260280",4054
"ENSG00000260281",1081
"ENSG00000260282",333
"ENSG00000260284",940
"ENSG00000260285",4063
"ENSG00000260286",828
"ENSG00000260287",2065
"ENSG00000260288",8292
"ENSG00000260289",2677
"ENSG00000260290",1402
"ENSG00000260291",615
"ENSG00000260293",5616
"ENSG00000260296",1157
"ENSG00000260298",1082
"ENSG00000260302",5960
"ENSG00000260303",4159
"ENSG00000260304",463
"ENSG00000260305",3242
"ENSG00000260306",1665
"ENSG00000260307",1685
"ENSG00000260308",214
"ENSG00000260310",435
"ENSG00000260311",2408
"ENSG00000260312",346
"ENSG00000260314",5188
"ENSG00000260316",4728
"ENSG00000260317",1805
"ENSG00000260318",215
"ENSG00000260322",1976
"ENSG00000260325",549
"ENSG00000260326",823
"ENSG00000260327",979
"ENSG00000260328",3143
"ENSG00000260329",2193
"ENSG00000260331",819
"ENSG00000260332",485
"ENSG00000260335",152
"ENSG00000260337",3999
"ENSG00000260338",3809
"ENSG00000260339",3179
"ENSG00000260340",1395
"ENSG00000260341",1123
"ENSG00000260342",764
"ENSG00000260343",6897
"ENSG00000260344",124
"ENSG00000260345",298
"ENSG00000260347",1612
"ENSG00000260348",385
"ENSG00000260349",731
"ENSG00000260350",430
"ENSG00000260351",499
"ENSG00000260352",1601
"ENSG00000260357",315
"ENSG00000260360",1539
"ENSG00000260361",1736
"ENSG00000260362",1206
"ENSG00000260364",3635
"ENSG00000260366",274
"ENSG00000260367",1478
"ENSG00000260368",1142
"ENSG00000260369",995
"ENSG00000260370",3097
"ENSG00000260371",564
"ENSG00000260372",18643
"ENSG00000260375",234
"ENSG00000260377",1180
"ENSG00000260378",986
"ENSG00000260379",456
"ENSG00000260381",1295
"ENSG00000260382",965
"ENSG00000260385",1923
"ENSG00000260386",1244
"ENSG00000260387",269
"ENSG00000260388",2470
"ENSG00000260389",1931
"ENSG00000260390",2084
"ENSG00000260391",2538
"ENSG00000260392",2760
"ENSG00000260393",286
"ENSG00000260394",1508
"ENSG00000260395",934
"ENSG00000260398",3754
"ENSG00000260399",682
"ENSG00000260400",2295
"ENSG00000260401",3361
"ENSG00000260402",2484
"ENSG00000260403",542
"ENSG00000260404",138
"ENSG00000260405",220
"ENSG00000260406",465
"ENSG00000260410",1015
"ENSG00000260412",6881
"ENSG00000260413",653
"ENSG00000260414",124
"ENSG00000260416",1965
"ENSG00000260417",3455
"ENSG00000260418",374
"ENSG00000260419",262
"ENSG00000260420",10240
"ENSG00000260422",1639
"ENSG00000260423",10612
"ENSG00000260425",435
"ENSG00000260426",1861
"ENSG00000260427",913
"ENSG00000260428",1106
"ENSG00000260430",1088
"ENSG00000260431",352
"ENSG00000260433",2217
"ENSG00000260436",287
"ENSG00000260438",811
"ENSG00000260439",1448
"ENSG00000260440",7485
"ENSG00000260441",976
"ENSG00000260442",2013
"ENSG00000260443",145
"ENSG00000260444",167
"ENSG00000260445",54
"ENSG00000260447",627
"ENSG00000260448",3377
"ENSG00000260450",1737
"ENSG00000260451",700
"ENSG00000260452",475
"ENSG00000260454",1651
"ENSG00000260455",6622
"ENSG00000260456",3670
"ENSG00000260457",613
"ENSG00000260458",2196
"ENSG00000260459",484
"ENSG00000260460",1828
"ENSG00000260464",1766
"ENSG00000260465",1790
"ENSG00000260466",1039
"ENSG00000260467",804
"ENSG00000260468",502
"ENSG00000260469",2222
"ENSG00000260471",499
"ENSG00000260472",211
"ENSG00000260473",2849
"ENSG00000260475",1505
"ENSG00000260476",1248
"ENSG00000260477",3071
"ENSG00000260478",2164
"ENSG00000260479",811
"ENSG00000260480",541
"ENSG00000260482",3315
"ENSG00000260483",277
"ENSG00000260484",2172
"ENSG00000260488",601
"ENSG00000260490",507
"ENSG00000260492",5064
"ENSG00000260493",3643
"ENSG00000260494",723
"ENSG00000260495",2693
"ENSG00000260496",2726
"ENSG00000260497",142
"ENSG00000260498",2768
"ENSG00000260500",1316
"ENSG00000260504",469
"ENSG00000260505",2912
"ENSG00000260507",416
"ENSG00000260509",1315
"ENSG00000260510",351
"ENSG00000260514",309
"ENSG00000260515",2508
"ENSG00000260516",242
"ENSG00000260518",1178
"ENSG00000260519",1803
"ENSG00000260520",555
"ENSG00000260522",262
"ENSG00000260524",91
"ENSG00000260525",348
"ENSG00000260526",2036
"ENSG00000260528",20155
"ENSG00000260530",416
"ENSG00000260532",3037
"ENSG00000260534",2155
"ENSG00000260536",459
"ENSG00000260537",2587
"ENSG00000260540",574
"ENSG00000260541",220
"ENSG00000260542",2188
"ENSG00000260545",415
"ENSG00000260549",186
"ENSG00000260550",851
"ENSG00000260551",4824
"ENSG00000260552",1366
"ENSG00000260555",3044
"ENSG00000260558",1090
"ENSG00000260563",1195
"ENSG00000260564",3360
"ENSG00000260565",16040
"ENSG00000260566",2768
"ENSG00000260568",538
"ENSG00000260569",1554
"ENSG00000260570",295
"ENSG00000260571",498
"ENSG00000260572",2297
"ENSG00000260573",5288
"ENSG00000260574",87
"ENSG00000260575",1178
"ENSG00000260576",460
"ENSG00000260577",1682
"ENSG00000260578",3176
"ENSG00000260579",396
"ENSG00000260580",717
"ENSG00000260582",1102
"ENSG00000260583",557
"ENSG00000260584",298
"ENSG00000260585",4997
"ENSG00000260586",1237
"ENSG00000260588",1770
"ENSG00000260589",2595
"ENSG00000260590",400
"ENSG00000260592",1261
"ENSG00000260593",465
"ENSG00000260594",452
"ENSG00000260595",900
"ENSG00000260596",2036
"ENSG00000260597",2680
"ENSG00000260598",781
"ENSG00000260599",3355
"ENSG00000260600",1995
"ENSG00000260601",520
"ENSG00000260602",391
"ENSG00000260604",7824
"ENSG00000260605",584
"ENSG00000260608",2166
"ENSG00000260610",802
"ENSG00000260611",1319
"ENSG00000260612",1018
"ENSG00000260613",1944
"ENSG00000260615",471
"ENSG00000260616",1581
"ENSG00000260617",558
"ENSG00000260618",1211
"ENSG00000260619",2455
"ENSG00000260620",511
"ENSG00000260621",549
"ENSG00000260622",497
"ENSG00000260624",840
"ENSG00000260625",1117
"ENSG00000260626",560
"ENSG00000260628",1668
"ENSG00000260629",993
"ENSG00000260630",8479
"ENSG00000260631",1255
"ENSG00000260633",1946
"ENSG00000260634",2444
"ENSG00000260635",423
"ENSG00000260639",338
"ENSG00000260640",463
"ENSG00000260641",6920
"ENSG00000260642",1275
"ENSG00000260643",3177
"ENSG00000260644",3825
"ENSG00000260645",2123
"ENSG00000260646",682
"ENSG00000260647",749
"ENSG00000260648",4028
"ENSG00000260649",220
"ENSG00000260650",555
"ENSG00000260651",479
"ENSG00000260653",6190
"ENSG00000260657",1605
"ENSG00000260658",17385
"ENSG00000260659",403
"ENSG00000260660",2557
"ENSG00000260661",1752
"ENSG00000260662",97
"ENSG00000260664",5859
"ENSG00000260668",554
"ENSG00000260669",3045
"ENSG00000260670",2977
"ENSG00000260671",338
"ENSG00000260672",2441
"ENSG00000260673",573
"ENSG00000260674",158
"ENSG00000260675",497
"ENSG00000260676",3152
"ENSG00000260677",1728
"ENSG00000260678",424
"ENSG00000260679",416
"ENSG00000260680",919
"ENSG00000260681",665
"ENSG00000260682",318
"ENSG00000260683",3741
"ENSG00000260685",681
"ENSG00000260686",2178
"ENSG00000260688",181
"ENSG00000260689",934
"ENSG00000260690",309
"ENSG00000260691",7230
"ENSG00000260693",701
"ENSG00000260694",476
"ENSG00000260695",2673
"ENSG00000260698",2968
"ENSG00000260701",3541
"ENSG00000260702",1207
"ENSG00000260704",1845
"ENSG00000260706",1342
"ENSG00000260708",735
"ENSG00000260710",5335
"ENSG00000260711",6943
"ENSG00000260714",4007
"ENSG00000260715",1406
"ENSG00000260719",3001
"ENSG00000260720",721
"ENSG00000260721",1192
"ENSG00000260722",913
"ENSG00000260723",564
"ENSG00000260724",562
"ENSG00000260725",1744
"ENSG00000260726",1061
"ENSG00000260727",538
"ENSG00000260729",4374
"ENSG00000260731",1415
"ENSG00000260733",719
"ENSG00000260734",1790
"ENSG00000260735",221
"ENSG00000260737",3099
"ENSG00000260738",3011
"ENSG00000260739",997
"ENSG00000260740",578
"ENSG00000260741",481
"ENSG00000260742",3813
"ENSG00000260743",1566
"ENSG00000260744",764
"ENSG00000260746",2264
"ENSG00000260747",442
"ENSG00000260750",4420
"ENSG00000260751",1024
"ENSG00000260755",511
"ENSG00000260756",1313
"ENSG00000260757",1767
"ENSG00000260761",1513
"ENSG00000260762",2438
"ENSG00000260763",3300
"ENSG00000260764",144
"ENSG00000260765",1242
"ENSG00000260771",659
"ENSG00000260772",1588
"ENSG00000260773",500
"ENSG00000260774",2881
"ENSG00000260776",2129
"ENSG00000260777",3965
"ENSG00000260778",2559
"ENSG00000260779",3566
"ENSG00000260781",1937
"ENSG00000260782",1836
"ENSG00000260784",1156
"ENSG00000260785",2887
"ENSG00000260786",3258
"ENSG00000260788",6608
"ENSG00000260790",1455
"ENSG00000260792",3816
"ENSG00000260795",298
"ENSG00000260796",540
"ENSG00000260797",663
"ENSG00000260798",562
"ENSG00000260799",1438
"ENSG00000260802",4775
"ENSG00000260803",2906
"ENSG00000260804",3838
"ENSG00000260805",3933
"ENSG00000260806",1533
"ENSG00000260807",7545
"ENSG00000260808",1094
"ENSG00000260809",1518
"ENSG00000260810",705
"ENSG00000260811",921
"ENSG00000260812",469
"ENSG00000260814",510
"ENSG00000260815",495
"ENSG00000260816",4284
"ENSG00000260817",358
"ENSG00000260818",1261
"ENSG00000260823",444
"ENSG00000260827",2486
"ENSG00000260828",561
"ENSG00000260830",2271
"ENSG00000260832",2439
"ENSG00000260834",2180
"ENSG00000260835",572
"ENSG00000260836",2211
"ENSG00000260838",3296
"ENSG00000260840",4667
"ENSG00000260844",712
"ENSG00000260845",866
"ENSG00000260846",832
"ENSG00000260847",866
"ENSG00000260848",4434
"ENSG00000260850",8434
"ENSG00000260851",1339
"ENSG00000260852",3961
"ENSG00000260853",3275
"ENSG00000260854",794
"ENSG00000260855",3472
"ENSG00000260857",1963
"ENSG00000260858",463
"ENSG00000260859",260
"ENSG00000260860",893
"ENSG00000260861",1283
"ENSG00000260862",4037
"ENSG00000260863",139
"ENSG00000260864",595
"ENSG00000260865",357
"ENSG00000260866",1342
"ENSG00000260867",834
"ENSG00000260868",1884
"ENSG00000260870",521
"ENSG00000260871",896
"ENSG00000260874",2287
"ENSG00000260876",10562
"ENSG00000260877",1750
"ENSG00000260878",668
"ENSG00000260879",1566
"ENSG00000260880",2705
"ENSG00000260882",438
"ENSG00000260883",808
"ENSG00000260884",513
"ENSG00000260886",2466
"ENSG00000260887",2516
"ENSG00000260889",1086
"ENSG00000260891",460
"ENSG00000260892",563
"ENSG00000260894",207
"ENSG00000260895",622
"ENSG00000260896",7000
"ENSG00000260897",452
"ENSG00000260898",6035
"ENSG00000260899",883
"ENSG00000260900",163
"ENSG00000260902",3830
"ENSG00000260903",7695
"ENSG00000260905",375
"ENSG00000260907",2913
"ENSG00000260908",351
"ENSG00000260909",398
"ENSG00000260910",5940
"ENSG00000260911",449
"ENSG00000260912",1965
"ENSG00000260913",4585
"ENSG00000260914",1284
"ENSG00000260916",8790
"ENSG00000260917",4237
"ENSG00000260918",7000
"ENSG00000260919",498
"ENSG00000260920",2449
"ENSG00000260921",650
"ENSG00000260922",1713
"ENSG00000260924",3421
"ENSG00000260926",1387
"ENSG00000260927",5350
"ENSG00000260928",679
"ENSG00000260930",6133
"ENSG00000260932",1545
"ENSG00000260933",604
"ENSG00000260934",510
"ENSG00000260937",746
"ENSG00000260939",892
"ENSG00000260941",1570
"ENSG00000260942",4602
"ENSG00000260943",2703
"ENSG00000260944",2310
"ENSG00000260945",551
"ENSG00000260947",3528
"ENSG00000260948",2023
"ENSG00000260949",911
"ENSG00000260953",1930
"ENSG00000260954",404
"ENSG00000260955",440
"ENSG00000260957",592
"ENSG00000260958",6938
"ENSG00000260959",472
"ENSG00000260962",1279
"ENSG00000260963",3452
"ENSG00000260965",455
"ENSG00000260966",5113
"ENSG00000260967",466
"ENSG00000260969",1564
"ENSG00000260970",1463
"ENSG00000260971",9865
"ENSG00000260972",1697
"ENSG00000260973",1666
"ENSG00000260974",262
"ENSG00000260975",559
"ENSG00000260976",1423
"ENSG00000260978",3751
"ENSG00000260979",1019
"ENSG00000260981",427
"ENSG00000260984",886
"ENSG00000260986",510
"ENSG00000260988",1931
"ENSG00000260989",485
"ENSG00000260990",2169
"ENSG00000260991",320
"ENSG00000260992",807
"ENSG00000260994",913
"ENSG00000260995",2908
"ENSG00000260996",1854
"ENSG00000260997",1911
"ENSG00000260999",260
"ENSG00000261000",509
"ENSG00000261002",1235
"ENSG00000261003",5187
"ENSG00000261007",892
"ENSG00000261008",20654
"ENSG00000261009",2264
"ENSG00000261010",442
"ENSG00000261011",1740
"ENSG00000261012",1605
"ENSG00000261014",3564
"ENSG00000261017",325
"ENSG00000261018",1990
"ENSG00000261019",1368
"ENSG00000261020",4710
"ENSG00000261024",378
"ENSG00000261025",2775
"ENSG00000261026",4997
"ENSG00000261028",2110
"ENSG00000261029",2447
"ENSG00000261030",914
"ENSG00000261033",1184
"ENSG00000261035",2208
"ENSG00000261036",1388
"ENSG00000261037",3255
"ENSG00000261038",1880
"ENSG00000261040",185
"ENSG00000261041",622
"ENSG00000261043",3281
"ENSG00000261045",1455
"ENSG00000261046",1093
"ENSG00000261047",70
"ENSG00000261048",401
"ENSG00000261049",519
"ENSG00000261051",2095
"ENSG00000261052",2561
"ENSG00000261053",224
"ENSG00000261054",2562
"ENSG00000261055",3576
"ENSG00000261056",1569
"ENSG00000261057",442
"ENSG00000261058",510
"ENSG00000261060",934
"ENSG00000261061",716
"ENSG00000261063",566
"ENSG00000261064",2595
"ENSG00000261065",444
"ENSG00000261066",214
"ENSG00000261067",5296
"ENSG00000261069",1236
"ENSG00000261070",1210
"ENSG00000261071",1117
"ENSG00000261072",910
"ENSG00000261075",451
"ENSG00000261076",1417
"ENSG00000261077",403
"ENSG00000261078",625
"ENSG00000261079",2934
"ENSG00000261080",1513
"ENSG00000261081",970
"ENSG00000261082",975
"ENSG00000261083",3197
"ENSG00000261084",397
"ENSG00000261087",2825
"ENSG00000261089",1029
"ENSG00000261090",2816
"ENSG00000261092",2083
"ENSG00000261093",1838
"ENSG00000261094",4388
"ENSG00000261095",1447
"ENSG00000261096",2507
"ENSG00000261097",3777
"ENSG00000261098",4140
"ENSG00000261101",656
"ENSG00000261102",266
"ENSG00000261103",6341
"ENSG00000261104",3273
"ENSG00000261105",2285
"ENSG00000261108",226
"ENSG00000261111",373
"ENSG00000261113",714
"ENSG00000261114",699
"ENSG00000261115",10786
"ENSG00000261116",1933
"ENSG00000261117",813
"ENSG00000261118",1646
"ENSG00000261121",2739
"ENSG00000261122",1989
"ENSG00000261123",596
"ENSG00000261124",504
"ENSG00000261126",6623
"ENSG00000261127",148
"ENSG00000261129",3102
"ENSG00000261130",1052
"ENSG00000261131",321
"ENSG00000261136",3047
"ENSG00000261140",459
"ENSG00000261141",593
"ENSG00000261143",3716
"ENSG00000261144",202
"ENSG00000261145",106
"ENSG00000261146",4706
"ENSG00000261147",3838
"ENSG00000261150",16005
"ENSG00000261151",895
"ENSG00000261153",1990
"ENSG00000261154",443
"ENSG00000261156",1765
"ENSG00000261158",927
"ENSG00000261161",2563
"ENSG00000261166",1705
"ENSG00000261167",3473
"ENSG00000261168",1536
"ENSG00000261170",3244
"ENSG00000261172",2395
"ENSG00000261173",889
"ENSG00000261174",527
"ENSG00000261175",6921
"ENSG00000261177",7669
"ENSG00000261178",1377
"ENSG00000261181",258
"ENSG00000261182",2277
"ENSG00000261183",2761
"ENSG00000261184",2587
"ENSG00000261186",1107
"ENSG00000261187",1135
"ENSG00000261188",2202
"ENSG00000261189",2666
"ENSG00000261191",565
"ENSG00000261192",925
"ENSG00000261194",2404
"ENSG00000261195",2512
"ENSG00000261196",121
"ENSG00000261197",224
"ENSG00000261198",567
"ENSG00000261199",462
"ENSG00000261200",3971
"ENSG00000261202",1899
"ENSG00000261203",258
"ENSG00000261204",433
"ENSG00000261205",1192
"ENSG00000261206",2738
"ENSG00000261207",565
"ENSG00000261208",1949
"ENSG00000261209",294
"ENSG00000261210",3411
"ENSG00000261211",6640
"ENSG00000261213",1410
"ENSG00000261215",3264
"ENSG00000261216",384
"ENSG00000261217",385
"ENSG00000261219",634
"ENSG00000261220",1736
"ENSG00000261221",3763
"ENSG00000261226",2873
"ENSG00000261227",4214
"ENSG00000261229",758
"ENSG00000261231",3021
"ENSG00000261232",267
"ENSG00000261233",605
"ENSG00000261234",265
"ENSG00000261235",1171
"ENSG00000261236",3841
"ENSG00000261238",1128
"ENSG00000261239",966
"ENSG00000261240",735
"ENSG00000261241",7409
"ENSG00000261242",1110
"ENSG00000261243",596
"ENSG00000261244",353
"ENSG00000261245",333
"ENSG00000261247",5341
"ENSG00000261248",475
"ENSG00000261249",1770
"ENSG00000261250",3294
"ENSG00000261251",2833
"ENSG00000261253",2041
"ENSG00000261257",1913
"ENSG00000261259",217
"ENSG00000261260",1684
"ENSG00000261261",3406
"ENSG00000261263",235
"ENSG00000261265",800
"ENSG00000261266",641
"ENSG00000261267",438
"ENSG00000261268",4220
"ENSG00000261269",2485
"ENSG00000261270",601
"ENSG00000261272",6019
"ENSG00000261274",334
"ENSG00000261275",4162
"ENSG00000261276",366
"ENSG00000261278",426
"ENSG00000261279",503
"ENSG00000261281",316
"ENSG00000261282",451
"ENSG00000261284",1244
"ENSG00000261285",2126
"ENSG00000261286",2998
"ENSG00000261288",572
"ENSG00000261289",314
"ENSG00000261290",154
"ENSG00000261291",510
"ENSG00000261292",2010
"ENSG00000261293",502
"ENSG00000261294",338
"ENSG00000261296",3624
"ENSG00000261298",1677
"ENSG00000261299",1120
"ENSG00000261302",2885
"ENSG00000261303",1625
"ENSG00000261304",1409
"ENSG00000261307",545
"ENSG00000261308",4705
"ENSG00000261310",565
"ENSG00000261312",1379
"ENSG00000261313",733
"ENSG00000261314",711
"ENSG00000261315",2177
"ENSG00000261316",4520
"ENSG00000261318",816
"ENSG00000261319",1281
"ENSG00000261320",475
"ENSG00000261324",5428
"ENSG00000261325",1982
"ENSG00000261326",6182
"ENSG00000261327",2966
"ENSG00000261329",5574
"ENSG00000261330",494
"ENSG00000261332",577
"ENSG00000261333",219
"ENSG00000261334",1934
"ENSG00000261335",1763
"ENSG00000261336",1795
"ENSG00000261338",2048
"ENSG00000261340",2280
"ENSG00000261341",780
"ENSG00000261342",1585
"ENSG00000261346",2224
"ENSG00000261347",664
"ENSG00000261348",1349
"ENSG00000261349",459
"ENSG00000261351",2168
"ENSG00000261356",600
"ENSG00000261357",704
"ENSG00000261359",1715
"ENSG00000261360",3108
"ENSG00000261362",631
"ENSG00000261363",1973
"ENSG00000261364",928
"ENSG00000261365",127
"ENSG00000261366",5231
"ENSG00000261367",553
"ENSG00000261368",1307
"ENSG00000261369",1361
"ENSG00000261371",7741
"ENSG00000261373",1753
"ENSG00000261375",1262
"ENSG00000261376",536
"ENSG00000261377",1069
"ENSG00000261379",1026
"ENSG00000261382",1765
"ENSG00000261384",382
"ENSG00000261385",357
"ENSG00000261390",9870
"ENSG00000261391",126
"ENSG00000261392",753
"ENSG00000261393",478
"ENSG00000261394",804
"ENSG00000261395",272
"ENSG00000261396",530
"ENSG00000261397",536
"ENSG00000261398",1779
"ENSG00000261399",952
"ENSG00000261400",6050
"ENSG00000261401",716
"ENSG00000261402",3844
"ENSG00000261403",572
"ENSG00000261404",9087
"ENSG00000261405",509
"ENSG00000261407",1461
"ENSG00000261408",3898
"ENSG00000261410",1538
"ENSG00000261411",2180
"ENSG00000261416",811
"ENSG00000261418",736
"ENSG00000261419",361
"ENSG00000261420",1636
"ENSG00000261421",418
"ENSG00000261423",6531
"ENSG00000261424",760
"ENSG00000261426",4089
"ENSG00000261427",908
"ENSG00000261429",878
"ENSG00000261430",307
"ENSG00000261431",187
"ENSG00000261432",2954
"ENSG00000261433",541
"ENSG00000261434",564
"ENSG00000261435",3949
"ENSG00000261436",4219
"ENSG00000261437",3733
"ENSG00000261440",1057
"ENSG00000261441",1562
"ENSG00000261442",1543
"ENSG00000261444",210
"ENSG00000261446",4246
"ENSG00000261447",965
"ENSG00000261448",3414
"ENSG00000261449",1441
"ENSG00000261451",4641
"ENSG00000261453",2399
"ENSG00000261455",1766
"ENSG00000261456",2874
"ENSG00000261457",837
"ENSG00000261458",320
"ENSG00000261459",1515
"ENSG00000261460",3369
"ENSG00000261461",550
"ENSG00000261465",3166
"ENSG00000261466",1217
"ENSG00000261467",3322
"ENSG00000261468",2054
"ENSG00000261469",533
"ENSG00000261471",2922
"ENSG00000261472",1623
"ENSG00000261474",449
"ENSG00000261475",2285
"ENSG00000261476",852
"ENSG00000261478",1456
"ENSG00000261480",557
"ENSG00000261481",593
"ENSG00000261482",499
"ENSG00000261485",1937
"ENSG00000261486",469
"ENSG00000261487",1630
"ENSG00000261488",1937
"ENSG00000261489",255
"ENSG00000261491",696
"ENSG00000261497",620
"ENSG00000261498",580
"ENSG00000261499",1168
"ENSG00000261501",2266
"ENSG00000261504",1376
"ENSG00000261505",4489
"ENSG00000261507",540
"ENSG00000261509",2182
"ENSG00000261511",69
"ENSG00000261512",1591
"ENSG00000261513",777
"ENSG00000261514",4149
"ENSG00000261515",847
"ENSG00000261517",4087
"ENSG00000261519",1910
"ENSG00000261520",2882
"ENSG00000261522",261
"ENSG00000261523",579
"ENSG00000261524",2166
"ENSG00000261526",1724
"ENSG00000261527",722
"ENSG00000261528",726
"ENSG00000261529",1603
"ENSG00000261532",580
"ENSG00000261535",801
"ENSG00000261536",548
"ENSG00000261537",793
"ENSG00000261538",426
"ENSG00000261540",1912
"ENSG00000261541",4147
"ENSG00000261542",2054
"ENSG00000261543",2921
"ENSG00000261544",428
"ENSG00000261546",2105
"ENSG00000261548",747
"ENSG00000261549",727
"ENSG00000261552",454
"ENSG00000261553",4178
"ENSG00000261554",598
"ENSG00000261555",1655
"ENSG00000261556",2997
"ENSG00000261557",1389
"ENSG00000261558",4082
"ENSG00000261559",1481
"ENSG00000261560",1495
"ENSG00000261561",158
"ENSG00000261564",819
"ENSG00000261566",714
"ENSG00000261569",812
"ENSG00000261570",4243
"ENSG00000261572",1943
"ENSG00000261573",483
"ENSG00000261575",298
"ENSG00000261578",4192
"ENSG00000261580",259
"ENSG00000261581",725
"ENSG00000261582",529
"ENSG00000261583",534
"ENSG00000261584",1724
"ENSG00000261586",2094
"ENSG00000261587",2274
"ENSG00000261588",259
"ENSG00000261590",261
"ENSG00000261592",513
"ENSG00000261593",190
"ENSG00000261594",2931
"ENSG00000261595",2325
"ENSG00000261596",828
"ENSG00000261599",3705
"ENSG00000261600",2759
"ENSG00000261602",575
"ENSG00000261603",808
"ENSG00000261604",2497
"ENSG00000261606",6793
"ENSG00000261607",271
"ENSG00000261608",778
"ENSG00000261609",15774
"ENSG00000261610",1782
"ENSG00000261611",4505
"ENSG00000261612",315
"ENSG00000261613",2001
"ENSG00000261614",1090
"ENSG00000261615",3655
"ENSG00000261616",2677
"ENSG00000261617",18082
"ENSG00000261618",5219
"ENSG00000261620",412
"ENSG00000261623",3673
"ENSG00000261624",478
"ENSG00000261625",1284
"ENSG00000261627",508
"ENSG00000261628",330
"ENSG00000261629",596
"ENSG00000261630",547
"ENSG00000261632",3285
"ENSG00000261633",556
"ENSG00000261634",5454
"ENSG00000261635",725
"ENSG00000261636",1859
"ENSG00000261637",1912
"ENSG00000261638",1315
"ENSG00000261641",1124
"ENSG00000261642",3125
"ENSG00000261644",5184
"ENSG00000261645",5137
"ENSG00000261646",2209
"ENSG00000261647",1504
"ENSG00000261648",540
"ENSG00000261649",2966
"ENSG00000261651",378
"ENSG00000261652",930
"ENSG00000261653",1129
"ENSG00000261654",5985
"ENSG00000261655",1963
"ENSG00000261656",1728
"ENSG00000261659",3554
"ENSG00000261663",788
"ENSG00000261664",2066
"ENSG00000261665",416
"ENSG00000261667",1300
"ENSG00000261668",3843
"ENSG00000261669",579
"ENSG00000261670",4597
"ENSG00000261671",763
"ENSG00000261673",391
"ENSG00000261675",2046
"ENSG00000261678",3980
"ENSG00000261679",485
"ENSG00000261680",430
"ENSG00000261682",866
"ENSG00000261683",3824
"ENSG00000261684",3534
"ENSG00000261687",532
"ENSG00000261689",801
"ENSG00000261691",476
"ENSG00000261692",415
"ENSG00000261693",3377
"ENSG00000261695",579
"ENSG00000261696",1459
"ENSG00000261697",2466
"ENSG00000261701",1924
"ENSG00000261702",235
"ENSG00000261703",408
"ENSG00000261704",392
"ENSG00000261706",824
"ENSG00000261707",1500
"ENSG00000261708",544
"ENSG00000261709",128
"ENSG00000261710",1945
"ENSG00000261711",323
"ENSG00000261713",4080
"ENSG00000261714",466
"ENSG00000261715",1226
"ENSG00000261716",580
"ENSG00000261717",530
"ENSG00000261719",223
"ENSG00000261722",1932
"ENSG00000261723",627
"ENSG00000261725",256
"ENSG00000261727",229
"ENSG00000261728",4426
"ENSG00000261729",3158
"ENSG00000261730",1277
"ENSG00000261731",441
"ENSG00000261732",5326
"ENSG00000261734",2314
"ENSG00000261736",592
"ENSG00000261738",17315
"ENSG00000261739",5459
"ENSG00000261740",3417
"ENSG00000261741",827
"ENSG00000261742",2533
"ENSG00000261743",556
"ENSG00000261744",733
"ENSG00000261745",503
"ENSG00000261747",178
"ENSG00000261748",967
"ENSG00000261749",3124
"ENSG00000261751",2367
"ENSG00000261752",1000
"ENSG00000261754",2757
"ENSG00000261758",5350
"ENSG00000261759",1137
"ENSG00000261760",820
"ENSG00000261761",8555
"ENSG00000261762",2154
"ENSG00000261763",3945
"ENSG00000261764",1279
"ENSG00000261765",426
"ENSG00000261766",544
"ENSG00000261770",3666
"ENSG00000261771",4589
"ENSG00000261774",301
"ENSG00000261776",1104
"ENSG00000261777",1884
"ENSG00000261778",174
"ENSG00000261779",206
"ENSG00000261780",8546
"ENSG00000261781",2471
"ENSG00000261782",463
"ENSG00000261783",374
"ENSG00000261786",5067
"ENSG00000261787",2590
"ENSG00000261789",1662
"ENSG00000261790",2291
"ENSG00000261792",474
"ENSG00000261793",460
"ENSG00000261794",5188
"ENSG00000261795",3208
"ENSG00000261796",4868
"ENSG00000261798",1196
"ENSG00000261799",3170
"ENSG00000261800",1967
"ENSG00000261801",6678
"ENSG00000261802",308
"ENSG00000261803",2560
"ENSG00000261804",2350
"ENSG00000261807",6586
"ENSG00000261809",75
"ENSG00000261810",488
"ENSG00000261811",672
"ENSG00000261812",1332
"ENSG00000261813",334
"ENSG00000261815",1235
"ENSG00000261816",1885
"ENSG00000261817",506
"ENSG00000261818",428
"ENSG00000261819",1902
"ENSG00000261820",474
"ENSG00000261821",5197
"ENSG00000261822",710
"ENSG00000261823",839
"ENSG00000261824",33473
"ENSG00000261826",2709
"ENSG00000261829",598
"ENSG00000261831",806
"ENSG00000261832",4192
"ENSG00000261834",414
"ENSG00000261835",934
"ENSG00000261837",707
"ENSG00000261838",515
"ENSG00000261839",2830
"ENSG00000261840",2018
"ENSG00000261842",2216
"ENSG00000261845",1190
"ENSG00000261848",2551
"ENSG00000261856",885
"ENSG00000261857",1160
"ENSG00000261863",1824
"ENSG00000261864",549
"ENSG00000261868",1327
"ENSG00000261872",673
"ENSG00000261873",2091
"ENSG00000261879",7757
"ENSG00000261882",153
"ENSG00000261884",5685
"ENSG00000261886",2413
"ENSG00000261888",2656
"ENSG00000261889",748
"ENSG00000261898",480
"ENSG00000261904",1450
"ENSG00000261914",464
"ENSG00000261915",2571
"ENSG00000261916",512
"ENSG00000261924",4437
"ENSG00000261934",4899
"ENSG00000261938",329
"ENSG00000261939",125
"ENSG00000261949",2110
"ENSG00000261959",1794
"ENSG00000261965",373
"ENSG00000261970",367
"ENSG00000261971",8787
"ENSG00000261976",1141
"ENSG00000261978",1487
"ENSG00000261987",1406
"ENSG00000261996",879
"ENSG00000261997",3828
"ENSG00000262000",175
"ENSG00000262001",3871
"ENSG00000262003",1619
"ENSG00000262006",492
"ENSG00000262008",193
"ENSG00000262011",686
"ENSG00000262020",610
"ENSG00000262038",493
"ENSG00000262048",535
"ENSG00000262049",1994
"ENSG00000262050",1688
"ENSG00000262052",585
"ENSG00000262061",2358
"ENSG00000262067",271
"ENSG00000262074",791
"ENSG00000262075",5254
"ENSG00000262079",2338
"ENSG00000262081",1248
"ENSG00000262085",994
"ENSG00000262090",151
"ENSG00000262094",4160
"ENSG00000262095",261
"ENSG00000262096",2371
"ENSG00000262097",7873
"ENSG00000262098",368
"ENSG00000262099",1700
"ENSG00000262106",931
"ENSG00000262107",183
"ENSG00000262112",538
"ENSG00000262115",805
"ENSG00000262116",443
"ENSG00000262117",3184
"ENSG00000262118",1528
"ENSG00000262119",1771
"ENSG00000262120",333
"ENSG00000262133",749
"ENSG00000262135",719
"ENSG00000262136",3457
"ENSG00000262140",881
"ENSG00000262141",157
"ENSG00000262147",916
"ENSG00000262151",742
"ENSG00000262152",7927
"ENSG00000262154",335
"ENSG00000262155",5901
"ENSG00000262158",782
"ENSG00000262160",3177
"ENSG00000262165",644
"ENSG00000262171",536
"ENSG00000262172",443
"ENSG00000262179",856
"ENSG00000262181",763
"ENSG00000262185",2749
"ENSG00000262187",409
"ENSG00000262188",2861
"ENSG00000262198",6121
"ENSG00000262202",1337
"ENSG00000262209",4775
"ENSG00000262211",797
"ENSG00000262213",501
"ENSG00000262223",6624
"ENSG00000262228",1755
"ENSG00000262231",1312
"ENSG00000262235",373
"ENSG00000262246",8793
"ENSG00000262248",344
"ENSG00000262259",291
"ENSG00000262262",352
"ENSG00000262265",1873
"ENSG00000262267",4150
"ENSG00000262271",1183
"ENSG00000262294",2847
"ENSG00000262296",195
"ENSG00000262298",549
"ENSG00000262302",489
"ENSG00000262304",4753
"ENSG00000262312",2955
"ENSG00000262313",494
"ENSG00000262316",734
"ENSG00000262319",2673
"ENSG00000262322",1371
"ENSG00000262332",1118
"ENSG00000262333",955
"ENSG00000262339",628
"ENSG00000262343",866
"ENSG00000262352",2737
"ENSG00000262358",398
"ENSG00000262362",1576
"ENSG00000262366",250
"ENSG00000262370",2680
"ENSG00000262372",304
"ENSG00000262380",503
"ENSG00000262381",677
"ENSG00000262384",482
"ENSG00000262400",337
"ENSG00000262402",475
"ENSG00000262406",1822
"ENSG00000262408",181
"ENSG00000262410",642
"ENSG00000262412",5426
"ENSG00000262413",762
"ENSG00000262420",3258
"ENSG00000262429",474
"ENSG00000262434",486
"ENSG00000262445",870
"ENSG00000262454",7155
"ENSG00000262456",1065
"ENSG00000262461",3141
"ENSG00000262468",5588
"ENSG00000262470",623
"ENSG00000262471",266
"ENSG00000262480",661
"ENSG00000262481",2557
"ENSG00000262482",1212
"ENSG00000262484",1085
"ENSG00000262488",1161
"ENSG00000262492",430
"ENSG00000262495",416
"ENSG00000262497",713
"ENSG00000262500",1439
"ENSG00000262503",720
"ENSG00000262514",1187
"ENSG00000262516",483
"ENSG00000262518",768
"ENSG00000262519",310
"ENSG00000262521",531
"ENSG00000262526",776
"ENSG00000262528",1417
"ENSG00000262529",415
"ENSG00000262533",422
"ENSG00000262539",1056
"ENSG00000262543",1266
"ENSG00000262560",2326
"ENSG00000262561",208
"ENSG00000262566",175
"ENSG00000262576",4887
"ENSG00000262580",5122
"ENSG00000262583",637
"ENSG00000262585",5573
"ENSG00000262587",574
"ENSG00000262609",476
"ENSG00000262619",7968
"ENSG00000262623",410
"ENSG00000262624",1482
"ENSG00000262628",939
"ENSG00000262633",1876
"ENSG00000262636",260
"ENSG00000262648",665
"ENSG00000262651",143
"ENSG00000262652",594
"ENSG00000262655",5317
"ENSG00000262660",1922
"ENSG00000262662",549
"ENSG00000262663",504
"ENSG00000262664",1031
"ENSG00000262678",2814
"ENSG00000262681",3370
"ENSG00000262686",1359
"ENSG00000262691",2677
"ENSG00000262692",291
"ENSG00000262693",490
"ENSG00000262700",1869
"ENSG00000262703",1095
"ENSG00000262708",594
"ENSG00000262712",1949
"ENSG00000262714",2142
"ENSG00000262721",561
"ENSG00000262728",10056
"ENSG00000262730",348
"ENSG00000262732",4961
"ENSG00000262759",257
"ENSG00000262766",543
"ENSG00000262768",1427
"ENSG00000262769",2300
"ENSG00000262772",7322
"ENSG00000262777",691
"ENSG00000262786",1885
"ENSG00000262791",459
"ENSG00000262801",3716
"ENSG00000262803",781
"ENSG00000262810",528
"ENSG00000262814",1009
"ENSG00000262815",513
"ENSG00000262818",278
"ENSG00000262823",1258
"ENSG00000262831",529
"ENSG00000262833",3204
"ENSG00000262837",1554
"ENSG00000262848",567
"ENSG00000262855",271
"ENSG00000262869",1711
"ENSG00000262870",294
"ENSG00000262873",2295
"ENSG00000262874",1464
"ENSG00000262877",3201
"ENSG00000262879",22148
"ENSG00000262880",1975
"ENSG00000262881",759
"ENSG00000262884",2546
"ENSG00000262885",427
"ENSG00000262898",10463
"ENSG00000262899",821
"ENSG00000262902",625
"ENSG00000262903",874
"ENSG00000262904",1201
"ENSG00000262905",592
"ENSG00000262919",1677
"ENSG00000262920",712
"ENSG00000262921",537
"ENSG00000262943",1945
"ENSG00000262950",2827
"ENSG00000262953",1207
"ENSG00000262959",541
"ENSG00000262961",797
"ENSG00000262962",1504
"ENSG00000262966",5672
"ENSG00000262967",670
"ENSG00000262974",400
"ENSG00000262979",653
"ENSG00000262980",990
"ENSG00000262983",573
"ENSG00000262990",294
"ENSG00000262995",1599
"ENSG00000262999",2279
"ENSG00000263001",11303
"ENSG00000263002",5217
"ENSG00000263004",2806
"ENSG00000263006",549
"ENSG00000263011",3077
"ENSG00000263015",1682
"ENSG00000263017",333
"ENSG00000263020",2524
"ENSG00000263029",370
"ENSG00000263033",1055
"ENSG00000263041",2367
"ENSG00000263045",187
"ENSG00000263050",2250
"ENSG00000263051",235
"ENSG00000263063",1140
"ENSG00000263065",550
"ENSG00000263069",6584
"ENSG00000263070",389
"ENSG00000263072",16004
"ENSG00000263080",1230
"ENSG00000263089",4281
"ENSG00000263096",1740
"ENSG00000263098",413
"ENSG00000263105",1417
"ENSG00000263107",160
"ENSG00000263110",571
"ENSG00000263120",2356
"ENSG00000263125",485
"ENSG00000263126",3907
"ENSG00000263142",4693
"ENSG00000263146",2098
"ENSG00000263154",875
"ENSG00000263155",6524
"ENSG00000263159",244
"ENSG00000263164",498
"ENSG00000263165",512
"ENSG00000263167",362
"ENSG00000263171",421
"ENSG00000263176",1114
"ENSG00000263177",950
"ENSG00000263179",900
"ENSG00000263189",2389
"ENSG00000263196",343
"ENSG00000263199",495
"ENSG00000263201",1185
"ENSG00000263206",1341
"ENSG00000263207",613
"ENSG00000263212",529
"ENSG00000263218",455
"ENSG00000263219",1738
"ENSG00000263220",512
"ENSG00000263232",1507
"ENSG00000263234",582
"ENSG00000263235",1068
"ENSG00000263237",615
"ENSG00000263241",1130
"ENSG00000263244",8334
"ENSG00000263252",708
"ENSG00000263253",352
"ENSG00000263257",1777
"ENSG00000263266",585
"ENSG00000263271",424
"ENSG00000263272",1938
"ENSG00000263276",3022
"ENSG00000263278",4204
"ENSG00000263279",925
"ENSG00000263280",1877
"ENSG00000263293",9614
"ENSG00000263300",478
"ENSG00000263301",330
"ENSG00000263305",1756
"ENSG00000263307",4205
"ENSG00000263311",403
"ENSG00000263312",1104
"ENSG00000263317",951
"ENSG00000263321",333
"ENSG00000263325",2866
"ENSG00000263326",676
"ENSG00000263327",3842
"ENSG00000263335",836
"ENSG00000263338",560
"ENSG00000263342",596
"ENSG00000263343",280
"ENSG00000263345",1234
"ENSG00000263353",760
"ENSG00000263354",103
"ENSG00000263355",927
"ENSG00000263360",303
"ENSG00000263361",83
"ENSG00000263363",84
"ENSG00000263366",923
"ENSG00000263368",838
"ENSG00000263369",447
"ENSG00000263370",562
"ENSG00000263372",96
"ENSG00000263375",1387
"ENSG00000263381",60
"ENSG00000263382",1619
"ENSG00000263389",107
"ENSG00000263390",85
"ENSG00000263393",553
"ENSG00000263394",757
"ENSG00000263396",292
"ENSG00000263399",77
"ENSG00000263400",8223
"ENSG00000263403",59
"ENSG00000263405",1144
"ENSG00000263407",74
"ENSG00000263409",54
"ENSG00000263410",258
"ENSG00000263412",3464
"ENSG00000263413",78
"ENSG00000263414",70
"ENSG00000263417",1628
"ENSG00000263424",3305
"ENSG00000263426",299
"ENSG00000263427",1121
"ENSG00000263429",1653
"ENSG00000263432",297
"ENSG00000263433",397
"ENSG00000263435",323
"ENSG00000263436",81
"ENSG00000263438",3846
"ENSG00000263439",83
"ENSG00000263445",65
"ENSG00000263450",761
"ENSG00000263453",51
"ENSG00000263456",114
"ENSG00000263458",58
"ENSG00000263460",436
"ENSG00000263465",4307
"ENSG00000263466",437
"ENSG00000263468",75
"ENSG00000263476",75
"ENSG00000263477",893
"ENSG00000263479",297
"ENSG00000263482",1829
"ENSG00000263483",676
"ENSG00000263485",1148
"ENSG00000263489",502
"ENSG00000263490",263
"ENSG00000263494",195
"ENSG00000263499",1412
"ENSG00000263501",562
"ENSG00000263503",1472
"ENSG00000263505",872
"ENSG00000263510",89
"ENSG00000263511",90
"ENSG00000263512",100
"ENSG00000263513",2395
"ENSG00000263514",75
"ENSG00000263515",83
"ENSG00000263520",277
"ENSG00000263526",41
"ENSG00000263527",87
"ENSG00000263528",3791
"ENSG00000263529",301
"ENSG00000263531",831
"ENSG00000263533",67
"ENSG00000263535",672
"ENSG00000263537",273
"ENSG00000263540",68
"ENSG00000263547",4128
"ENSG00000263551",5838
"ENSG00000263556",294
"ENSG00000263558",268
"ENSG00000263561",75
"ENSG00000263563",917
"ENSG00000263567",505
"ENSG00000263571",4290
"ENSG00000263572",132
"ENSG00000263573",70
"ENSG00000263575",79
"ENSG00000263581",100
"ENSG00000263583",87
"ENSG00000263584",71
"ENSG00000263585",450
"ENSG00000263586",825
"ENSG00000263590",5244
"ENSG00000263593",73
"ENSG00000263594",1331
"ENSG00000263595",295
"ENSG00000263597",110
"ENSG00000263600",97
"ENSG00000263602",68
"ENSG00000263603",894
"ENSG00000263604",199
"ENSG00000263606",985
"ENSG00000263608",252
"ENSG00000263609",2886
"ENSG00000263611",1268
"ENSG00000263612",947
"ENSG00000263613",857
"ENSG00000263615",91
"ENSG00000263616",304
"ENSG00000263618",916
"ENSG00000263620",460
"ENSG00000263622",312
"ENSG00000263624",1231
"ENSG00000263627",1183
"ENSG00000263628",82
"ENSG00000263629",59
"ENSG00000263631",54
"ENSG00000263634",89
"ENSG00000263635",1218
"ENSG00000263637",302
"ENSG00000263639",926
"ENSG00000263641",86
"ENSG00000263642",80
"ENSG00000263643",81
"ENSG00000263644",591
"ENSG00000263647",492
"ENSG00000263648",339
"ENSG00000263649",68
"ENSG00000263652",73
"ENSG00000263655",947
"ENSG00000263657",576
"ENSG00000263666",135
"ENSG00000263667",3443
"ENSG00000263669",259
"ENSG00000263670",68
"ENSG00000263672",238
"ENSG00000263674",413
"ENSG00000263675",60
"ENSG00000263676",61
"ENSG00000263680",833
"ENSG00000263681",73
"ENSG00000263682",1647
"ENSG00000263683",1238
"ENSG00000263684",1124
"ENSG00000263690",97
"ENSG00000263693",77
"ENSG00000263697",85
"ENSG00000263705",78
"ENSG00000263707",335
"ENSG00000263708",259
"ENSG00000263709",323
"ENSG00000263711",15098
"ENSG00000263712",69
"ENSG00000263715",2771
"ENSG00000263716",889
"ENSG00000263717",420
"ENSG00000263718",2664
"ENSG00000263720",792
"ENSG00000263723",79
"ENSG00000263724",5198
"ENSG00000263725",385
"ENSG00000263727",268
"ENSG00000263729",145
"ENSG00000263730",106
"ENSG00000263731",2682
"ENSG00000263733",1018
"ENSG00000263734",78
"ENSG00000263735",81
"ENSG00000263740",295
"ENSG00000263741",58
"ENSG00000263742",75
"ENSG00000263744",99
"ENSG00000263745",10809
"ENSG00000263746",84
"ENSG00000263748",997
"ENSG00000263749",597
"ENSG00000263750",62
"ENSG00000263752",78
"ENSG00000263753",10095
"ENSG00000263755",298
"ENSG00000263756",577
"ENSG00000263761",3309
"ENSG00000263762",93
"ENSG00000263763",86
"ENSG00000263764",64
"ENSG00000263765",3522
"ENSG00000263766",4778
"ENSG00000263772",355
"ENSG00000263776",138
"ENSG00000263781",316
"ENSG00000263783",54
"ENSG00000263785",63
"ENSG00000263786",717
"ENSG00000263787",687
"ENSG00000263788",295
"ENSG00000263790",91
"ENSG00000263793",68
"ENSG00000263794",287
"ENSG00000263795",119
"ENSG00000263797",544
"ENSG00000263798",2801
"ENSG00000263800",65
"ENSG00000263809",3087
"ENSG00000263811",73
"ENSG00000263813",68
"ENSG00000263815",295
"ENSG00000263816",65
"ENSG00000263818",279
"ENSG00000263821",1101
"ENSG00000263823",1590
"ENSG00000263826",2400
"ENSG00000263828",80
"ENSG00000263829",658
"ENSG00000263831",79
"ENSG00000263834",79
"ENSG00000263838",80
"ENSG00000263841",302
"ENSG00000263843",2527
"ENSG00000263846",931
"ENSG00000263847",544
"ENSG00000263849",82
"ENSG00000263857",72
"ENSG00000263858",77
"ENSG00000263859",782
"ENSG00000263860",456
"ENSG00000263861",71
"ENSG00000263862",1721
"ENSG00000263863",880
"ENSG00000263870",510
"ENSG00000263872",90
"ENSG00000263873",632
"ENSG00000263874",3243
"ENSG00000263878",4798
"ENSG00000263881",91
"ENSG00000263882",290
"ENSG00000263883",513
"ENSG00000263884",3032
"ENSG00000263885",86
"ENSG00000263887",1500
"ENSG00000263890",66
"ENSG00000263892",66
"ENSG00000263893",1414
"ENSG00000263894",77
"ENSG00000263895",332
"ENSG00000263897",62
"ENSG00000263904",468
"ENSG00000263905",339
"ENSG00000263908",74
"ENSG00000263909",103
"ENSG00000263914",1039
"ENSG00000263916",483
"ENSG00000263917",565
"ENSG00000263918",65
"ENSG00000263923",943
"ENSG00000263924",348
"ENSG00000263926",58
"ENSG00000263932",86
"ENSG00000263934",699
"ENSG00000263935",389
"ENSG00000263938",776
"ENSG00000263940",335
"ENSG00000263941",281
"ENSG00000263944",282
"ENSG00000263945",110
"ENSG00000263946",589
"ENSG00000263952",800
"ENSG00000263955",291
"ENSG00000263956",5946
"ENSG00000263958",4493
"ENSG00000263961",1721
"ENSG00000263963",74
"ENSG00000263964",94
"ENSG00000263967",95
"ENSG00000263968",298
"ENSG00000263969",299
"ENSG00000263970",193
"ENSG00000263972",53
"ENSG00000263973",80
"ENSG00000263974",273
"ENSG00000263976",121
"ENSG00000263978",69
"ENSG00000263979",81
"ENSG00000263981",89
"ENSG00000263982",398
"ENSG00000263986",504
"ENSG00000263987",72
"ENSG00000263988",298
"ENSG00000263989",298
"ENSG00000263990",488
"ENSG00000263993",298
"ENSG00000263999",294
"ENSG00000264000",1101
"ENSG00000264002",284
"ENSG00000264004",72
"ENSG00000264005",92
"ENSG00000264006",2555
"ENSG00000264007",638
"ENSG00000264010",73
"ENSG00000264012",359
"ENSG00000264013",103
"ENSG00000264014",68
"ENSG00000264015",4246
"ENSG00000264016",1329
"ENSG00000264017",297
"ENSG00000264019",527
"ENSG00000264023",1719
"ENSG00000264024",52
"ENSG00000264026",4171
"ENSG00000264028",267
"ENSG00000264029",244
"ENSG00000264030",264
"ENSG00000264031",187
"ENSG00000264032",68
"ENSG00000264036",258
"ENSG00000264037",67
"ENSG00000264040",331
"ENSG00000264041",294
"ENSG00000264044",1517
"ENSG00000264047",282
"ENSG00000264049",81
"ENSG00000264050",715
"ENSG00000264054",141
"ENSG00000264056",79
"ENSG00000264057",453
"ENSG00000264058",5393
"ENSG00000264060",71
"ENSG00000264061",288
"ENSG00000264063",61
"ENSG00000264066",1102
"ENSG00000264069",100
"ENSG00000264070",1059
"ENSG00000264071",282
"ENSG00000264073",88
"ENSG00000264075",82
"ENSG00000264083",563
"ENSG00000264084",83
"ENSG00000264089",72
"ENSG00000264090",81
"ENSG00000264092",301
"ENSG00000264093",234
"ENSG00000264099",74
"ENSG00000264101",70
"ENSG00000264102",83
"ENSG00000264104",2484
"ENSG00000264105",93
"ENSG00000264107",2600
"ENSG00000264108",211
"ENSG00000264110",96
"ENSG00000264112",5813
"ENSG00000264113",342
"ENSG00000264115",153
"ENSG00000264116",3535
"ENSG00000264119",89
"ENSG00000264125",697
"ENSG00000264127",1100
"ENSG00000264128",302
"ENSG00000264131",189
"ENSG00000264136",80
"ENSG00000264138",417
"ENSG00000264139",74
"ENSG00000264141",58
"ENSG00000264145",675
"ENSG00000264148",166
"ENSG00000264149",417
"ENSG00000264150",429
"ENSG00000264151",4632
"ENSG00000264157",76
"ENSG00000264158",75
"ENSG00000264160",75
"ENSG00000264163",148
"ENSG00000264164",222
"ENSG00000264167",466
"ENSG00000264168",949
"ENSG00000264169",300
"ENSG00000264171",102
"ENSG00000264172",599
"ENSG00000264174",662
"ENSG00000264175",73
"ENSG00000264176",436
"ENSG00000264177",4955
"ENSG00000264179",520
"ENSG00000264186",427
"ENSG00000264187",1693
"ENSG00000264188",336
"ENSG00000264189",997
"ENSG00000264192",296
"ENSG00000264193",253
"ENSG00000264196",624
"ENSG00000264200",75
"ENSG00000264201",63
"ENSG00000264204",2062
"ENSG00000264207",1234
"ENSG00000264210",84
"ENSG00000264211",80
"ENSG00000264215",1514
"ENSG00000264217",330
"ENSG00000264226",82
"ENSG00000264229",127
"ENSG00000264230",2860
"ENSG00000264232",1269
"ENSG00000264233",43
"ENSG00000264235",1565
"ENSG00000264236",658
"ENSG00000264240",283
"ENSG00000264243",816
"ENSG00000264245",304
"ENSG00000264246",208
"ENSG00000264247",5840
"ENSG00000264249",105
"ENSG00000264250",262
"ENSG00000264251",270
"ENSG00000264254",471
"ENSG00000264257",628
"ENSG00000264260",1903
"ENSG00000264262",430
"ENSG00000264265",1506
"ENSG00000264266",73
"ENSG00000264268",78
"ENSG00000264269",1351
"ENSG00000264270",637
"ENSG00000264271",286
"ENSG00000264272",513
"ENSG00000264273",463
"ENSG00000264274",74
"ENSG00000264275",290
"ENSG00000264278",2808
"ENSG00000264279",80
"ENSG00000264281",78
"ENSG00000264289",292
"ENSG00000264290",465
"ENSG00000264292",81
"ENSG00000264293",293
"ENSG00000264294",80
"ENSG00000264295",84
"ENSG00000264296",445
"ENSG00000264297",102
"ENSG00000264300",217
"ENSG00000264301",1991
"ENSG00000264304",562
"ENSG00000264309",80
"ENSG00000264311",430
"ENSG00000264313",259
"ENSG00000264314",58
"ENSG00000264315",956
"ENSG00000264316",781
"ENSG00000264317",324
"ENSG00000264319",82
"ENSG00000264322",295
"ENSG00000264324",5059
"ENSG00000264330",120
"ENSG00000264339",464
"ENSG00000264340",331
"ENSG00000264341",73
"ENSG00000264342",100
"ENSG00000264343",10231
"ENSG00000264345",4002
"ENSG00000264346",125
"ENSG00000264349",91
"ENSG00000264350",226
"ENSG00000264352",324
"ENSG00000264354",74
"ENSG00000264357",72
"ENSG00000264358",73
"ENSG00000264359",1012
"ENSG00000264364",6807
"ENSG00000264365",567
"ENSG00000264370",78
"ENSG00000264371",84
"ENSG00000264373",90
"ENSG00000264377",73
"ENSG00000264379",76
"ENSG00000264384",305
"ENSG00000264386",86
"ENSG00000264387",95
"ENSG00000264388",348
"ENSG00000264390",70
"ENSG00000264391",296
"ENSG00000264395",55
"ENSG00000264397",153
"ENSG00000264399",47
"ENSG00000264400",269
"ENSG00000264402",97
"ENSG00000264404",3189
"ENSG00000264405",102
"ENSG00000264406",96
"ENSG00000264408",72
"ENSG00000264419",88
"ENSG00000264422",1624
"ENSG00000264423",303
"ENSG00000264424",6016
"ENSG00000264425",83
"ENSG00000264426",80
"ENSG00000264429",84
"ENSG00000264431",1507
"ENSG00000264434",468
"ENSG00000264435",514
"ENSG00000264438",264
"ENSG00000264444",512
"ENSG00000264448",949
"ENSG00000264449",3675
"ENSG00000264451",701
"ENSG00000264452",76
"ENSG00000264456",1661
"ENSG00000264458",553
"ENSG00000264462",180
"ENSG00000264464",2816
"ENSG00000264468",70
"ENSG00000264470",77
"ENSG00000264472",559
"ENSG00000264474",75
"ENSG00000264475",607
"ENSG00000264477",76
"ENSG00000264480",77
"ENSG00000264482",71
"ENSG00000264483",94
"ENSG00000264484",299
"ENSG00000264486",776
"ENSG00000264488",1049
"ENSG00000264490",1918
"ENSG00000264491",460
"ENSG00000264493",73
"ENSG00000264494",76
"ENSG00000264497",115
"ENSG00000264500",67
"ENSG00000264501",293
"ENSG00000264503",145
"ENSG00000264511",94
"ENSG00000264512",59
"ENSG00000264513",478
"ENSG00000264514",548
"ENSG00000264515",10251
"ENSG00000264519",288
"ENSG00000264520",368
"ENSG00000264522",12227
"ENSG00000264525",80
"ENSG00000264529",652
"ENSG00000264530",260
"ENSG00000264534",57
"ENSG00000264536",80
"ENSG00000264538",985
"ENSG00000264539",57
"ENSG00000264540",289
"ENSG00000264545",622
"ENSG00000264546",1707
"ENSG00000264548",2368
"ENSG00000264549",68
"ENSG00000264553",86
"ENSG00000264554",296
"ENSG00000264558",267
"ENSG00000264559",82
"ENSG00000264563",79
"ENSG00000264564",130
"ENSG00000264566",100
"ENSG00000264569",772
"ENSG00000264570",2975
"ENSG00000264571",78
"ENSG00000264572",88
"ENSG00000264573",301
"ENSG00000264574",63
"ENSG00000264575",3909
"ENSG00000264577",899
"ENSG00000264578",729
"ENSG00000264580",87
"ENSG00000264582",296
"ENSG00000264583",73
"ENSG00000264585",66
"ENSG00000264587",986
"ENSG00000264589",7630
"ENSG00000264592",256
"ENSG00000264595",594
"ENSG00000264596",1613
"ENSG00000264598",427
"ENSG00000264603",74
"ENSG00000264607",68
"ENSG00000264610",69
"ENSG00000264613",300
"ENSG00000264614",63
"ENSG00000264615",281
"ENSG00000264616",72
"ENSG00000264617",538
"ENSG00000264618",300
"ENSG00000264621",65
"ENSG00000264622",469
"ENSG00000264623",81
"ENSG00000264630",2647
"ENSG00000264633",67
"ENSG00000264634",440
"ENSG00000264635",1605
"ENSG00000264638",74
"ENSG00000264643",307
"ENSG00000264644",1246
"ENSG00000264647",278
"ENSG00000264653",120
"ENSG00000264655",487
"ENSG00000264657",74
"ENSG00000264658",75
"ENSG00000264659",3373
"ENSG00000264661",85
"ENSG00000264662",379
"ENSG00000264663",1044
"ENSG00000264666",2879
"ENSG00000264668",2897
"ENSG00000264672",8588
"ENSG00000264673",686
"ENSG00000264675",85
"ENSG00000264676",262
"ENSG00000264678",90
"ENSG00000264684",78
"ENSG00000264685",898
"ENSG00000264689",262
"ENSG00000264693",661
"ENSG00000264695",459
"ENSG00000264697",154
"ENSG00000264698",72
"ENSG00000264699",1398
"ENSG00000264701",2188
"ENSG00000264703",72
"ENSG00000264705",2074
"ENSG00000264706",286
"ENSG00000264707",2044
"ENSG00000264712",92
"ENSG00000264714",1413
"ENSG00000264717",2033
"ENSG00000264720",78
"ENSG00000264722",65
"ENSG00000264725",76
"ENSG00000264727",2607
"ENSG00000264729",302
"ENSG00000264732",68
"ENSG00000264733",51
"ENSG00000264734",1696
"ENSG00000264735",958
"ENSG00000264736",1990
"ENSG00000264737",87
"ENSG00000264739",2166
"ENSG00000264741",73
"ENSG00000264743",568
"ENSG00000264744",72
"ENSG00000264745",2037
"ENSG00000264747",81
"ENSG00000264750",173
"ENSG00000264754",612
"ENSG00000264755",63
"ENSG00000264757",80
"ENSG00000264760",61
"ENSG00000264763",85
"ENSG00000264764",78
"ENSG00000264765",771
"ENSG00000264767",287
"ENSG00000264769",563
"ENSG00000264772",4554
"ENSG00000264773",77
"ENSG00000264775",496
"ENSG00000264781",70
"ENSG00000264785",446
"ENSG00000264788",77
"ENSG00000264791",541
"ENSG00000264792",84
"ENSG00000264793",74
"ENSG00000264796",100
"ENSG00000264800",76
"ENSG00000264801",1617
"ENSG00000264802",120
"ENSG00000264803",81
"ENSG00000264808",6058
"ENSG00000264809",275
"ENSG00000264810",100
"ENSG00000264812",680
"ENSG00000264813",4862
"ENSG00000264814",77
"ENSG00000264823",84
"ENSG00000264824",113
"ENSG00000264825",366
"ENSG00000264829",352
"ENSG00000264833",294
"ENSG00000264834",99
"ENSG00000264837",823
"ENSG00000264840",281
"ENSG00000264843",823
"ENSG00000264845",336
"ENSG00000264850",57
"ENSG00000264853",2790
"ENSG00000264857",85
"ENSG00000264859",2603
"ENSG00000264860",588
"ENSG00000264862",298
"ENSG00000264864",87
"ENSG00000264869",876
"ENSG00000264874",109
"ENSG00000264876",2242
"ENSG00000264879",240
"ENSG00000264880",525
"ENSG00000264881",86
"ENSG00000264892",205
"ENSG00000264895",2170
"ENSG00000264897",85
"ENSG00000264901",92
"ENSG00000264902",82
"ENSG00000264906",84
"ENSG00000264907",545
"ENSG00000264910",280
"ENSG00000264911",658
"ENSG00000264914",677
"ENSG00000264916",303
"ENSG00000264922",55
"ENSG00000264924",507
"ENSG00000264926",78
"ENSG00000264930",316
"ENSG00000264931",82
"ENSG00000264932",563
"ENSG00000264933",257
"ENSG00000264934",99
"ENSG00000264937",240
"ENSG00000264940",581
"ENSG00000264941",78
"ENSG00000264943",1082
"ENSG00000264947",73
"ENSG00000264954",4416
"ENSG00000264956",3538
"ENSG00000264958",1229
"ENSG00000264961",76
"ENSG00000264963",343
"ENSG00000264964",9842
"ENSG00000264966",85
"ENSG00000264968",1083
"ENSG00000264970",1271
"ENSG00000264971",421
"ENSG00000264974",82
"ENSG00000264975",94
"ENSG00000264978",297
"ENSG00000264979",91
"ENSG00000264982",772
"ENSG00000264984",68
"ENSG00000264985",4838
"ENSG00000264986",88
"ENSG00000264990",1629
"ENSG00000264994",85
"ENSG00000264997",71
"ENSG00000264999",84
"ENSG00000265000",2288
"ENSG00000265003",81
"ENSG00000265005",74
"ENSG00000265007",85
"ENSG00000265008",473
"ENSG00000265010",321
"ENSG00000265014",85
"ENSG00000265015",237
"ENSG00000265018",2359
"ENSG00000265019",294
"ENSG00000265028",74
"ENSG00000265031",102
"ENSG00000265033",294
"ENSG00000265038",730
"ENSG00000265041",942
"ENSG00000265043",3703
"ENSG00000265046",397
"ENSG00000265052",275
"ENSG00000265055",2170
"ENSG00000265056",82
"ENSG00000265057",77
"ENSG00000265060",287
"ENSG00000265061",68
"ENSG00000265064",63
"ENSG00000265069",2295
"ENSG00000265073",754
"ENSG00000265075",95
"ENSG00000265078",305
"ENSG00000265083",90
"ENSG00000265089",74
"ENSG00000265092",83
"ENSG00000265093",296
"ENSG00000265094",281
"ENSG00000265095",449
"ENSG00000265096",2547
"ENSG00000265097",1214
"ENSG00000265098",68
"ENSG00000265099",322
"ENSG00000265100",2405
"ENSG00000265101",523
"ENSG00000265102",109
"ENSG00000265107",3288
"ENSG00000265110",70
"ENSG00000265112",82
"ENSG00000265113",428
"ENSG00000265115",561
"ENSG00000265118",1242
"ENSG00000265121",597
"ENSG00000265123",288
"ENSG00000265125",1836
"ENSG00000265126",788
"ENSG00000265128",714
"ENSG00000265134",80
"ENSG00000265135",77
"ENSG00000265136",456
"ENSG00000265137",77
"ENSG00000265139",271
"ENSG00000265140",66
"ENSG00000265141",299
"ENSG00000265142",5825
"ENSG00000265144",74
"ENSG00000265145",78
"ENSG00000265148",6987
"ENSG00000265154",96
"ENSG00000265158",1394
"ENSG00000265160",99
"ENSG00000265163",934
"ENSG00000265164",105
"ENSG00000265165",84
"ENSG00000265168",298
"ENSG00000265170",298
"ENSG00000265172",54
"ENSG00000265176",81
"ENSG00000265178",67
"ENSG00000265179",5234
"ENSG00000265180",79
"ENSG00000265181",87
"ENSG00000265182",1750
"ENSG00000265185",758
"ENSG00000265188",913
"ENSG00000265190",4955
"ENSG00000265193",83
"ENSG00000265194",3017
"ENSG00000265195",76
"ENSG00000265201",80
"ENSG00000265203",4290
"ENSG00000265204",564
"ENSG00000265205",499
"ENSG00000265206",1646
"ENSG00000265210",63
"ENSG00000265213",74
"ENSG00000265214",80
"ENSG00000265215",84
"ENSG00000265217",1286
"ENSG00000265218",3992
"ENSG00000265222",955
"ENSG00000265226",88
"ENSG00000265227",74
"ENSG00000265233",169
"ENSG00000265236",78
"ENSG00000265237",82
"ENSG00000265240",1297
"ENSG00000265241",5321
"ENSG00000265243",424
"ENSG00000265246",1762
"ENSG00000265247",80
"ENSG00000265251",67
"ENSG00000265252",75
"ENSG00000265253",67
"ENSG00000265254",1429
"ENSG00000265257",1050
"ENSG00000265258",76
"ENSG00000265260",299
"ENSG00000265261",2747
"ENSG00000265262",358
"ENSG00000265265",396
"ENSG00000265272",279
"ENSG00000265273",1441
"ENSG00000265279",941
"ENSG00000265281",104
"ENSG00000265282",1351
"ENSG00000265284",58
"ENSG00000265287",1083
"ENSG00000265289",591
"ENSG00000265291",56
"ENSG00000265293",949
"ENSG00000265296",1997
"ENSG00000265298",892
"ENSG00000265301",82
"ENSG00000265303",557
"ENSG00000265304",60
"ENSG00000265306",84
"ENSG00000265313",7740
"ENSG00000265315",281
"ENSG00000265316",578
"ENSG00000265319",270
"ENSG00000265321",83
"ENSG00000265322",75
"ENSG00000265327",300
"ENSG00000265328",84
"ENSG00000265331",115
"ENSG00000265333",75
"ENSG00000265334",638
"ENSG00000265337",475
"ENSG00000265340",945
"ENSG00000265342",970
"ENSG00000265345",113
"ENSG00000265347",65
"ENSG00000265349",212
"ENSG00000265352",1707
"ENSG00000265354",1190
"ENSG00000265355",78
"ENSG00000265356",1844
"ENSG00000265357",73
"ENSG00000265359",848
"ENSG00000265366",201
"ENSG00000265368",70
"ENSG00000265369",3981
"ENSG00000265370",80
"ENSG00000265372",77
"ENSG00000265373",88
"ENSG00000265374",4950
"ENSG00000265375",77
"ENSG00000265376",84
"ENSG00000265378",397
"ENSG00000265380",1896
"ENSG00000265386",296
"ENSG00000265388",284
"ENSG00000265390",91
"ENSG00000265392",63
"ENSG00000265393",338
"ENSG00000265394",1073
"ENSG00000265395",108
"ENSG00000265396",66
"ENSG00000265399",1771
"ENSG00000265400",718
"ENSG00000265401",964
"ENSG00000265402",472
"ENSG00000265407",72
"ENSG00000265408",317
"ENSG00000265411",281
"ENSG00000265413",2315
"ENSG00000265415",321
"ENSG00000265417",1105
"ENSG00000265418",58
"ENSG00000265420",83
"ENSG00000265421",66
"ENSG00000265422",82
"ENSG00000265423",78
"ENSG00000265425",755
"ENSG00000265428",302
"ENSG00000265429",79
"ENSG00000265432",81
"ENSG00000265433",91
"ENSG00000265435",77
"ENSG00000265437",510
"ENSG00000265439",298
"ENSG00000265442",103
"ENSG00000265443",460
"ENSG00000265444",76
"ENSG00000265445",3245
"ENSG00000265450",81
"ENSG00000265451",942
"ENSG00000265452",84
"ENSG00000265453",322
"ENSG00000265456",82
"ENSG00000265458",2265
"ENSG00000265460",1389
"ENSG00000265462",87
"ENSG00000265465",74
"ENSG00000265469",325
"ENSG00000265470",58
"ENSG00000265472",318
"ENSG00000265474",521
"ENSG00000265477",454
"ENSG00000265478",985
"ENSG00000265479",5889
"ENSG00000265480",1293
"ENSG00000265483",53
"ENSG00000265484",1871
"ENSG00000265485",10741
"ENSG00000265486",280
"ENSG00000265487",244
"ENSG00000265489",3679
"ENSG00000265490",396
"ENSG00000265491",11059
"ENSG00000265494",1982
"ENSG00000265496",582
"ENSG00000265499",77
"ENSG00000265503",75
"ENSG00000265507",80
"ENSG00000265510",85
"ENSG00000265511",795
"ENSG00000265514",2807
"ENSG00000265519",347
"ENSG00000265520",80
"ENSG00000265521",78
"ENSG00000265526",62
"ENSG00000265527",73
"ENSG00000265531",1127
"ENSG00000265533",3989
"ENSG00000265535",298
"ENSG00000265537",94
"ENSG00000265538",69
"ENSG00000265539",83
"ENSG00000265541",357
"ENSG00000265542",2207
"ENSG00000265544",1241
"ENSG00000265545",229
"ENSG00000265547",1354
"ENSG00000265552",904
"ENSG00000265554",2888
"ENSG00000265555",2149
"ENSG00000265558",93
"ENSG00000265559",300
"ENSG00000265561",50
"ENSG00000265564",307
"ENSG00000265565",63
"ENSG00000265566",281
"ENSG00000265574",1029
"ENSG00000265579",2206
"ENSG00000265584",101
"ENSG00000265588",85
"ENSG00000265590",19326
"ENSG00000265593",559
"ENSG00000265595",78
"ENSG00000265596",99
"ENSG00000265598",81
"ENSG00000265599",83
"ENSG00000265606",74
"ENSG00000265612",60
"ENSG00000265614",367
"ENSG00000265617",64
"ENSG00000265618",1121
"ENSG00000265623",76
"ENSG00000265625",1052
"ENSG00000265626",182
"ENSG00000265630",203
"ENSG00000265631",569
"ENSG00000265635",87
"ENSG00000265639",847
"ENSG00000265641",55
"ENSG00000265643",432
"ENSG00000265644",731
"ENSG00000265646",1347
"ENSG00000265648",284
"ENSG00000265653",57
"ENSG00000265656",447
"ENSG00000265657",76
"ENSG00000265658",75
"ENSG00000265660",71
"ENSG00000265664",229
"ENSG00000265666",1790
"ENSG00000265669",72
"ENSG00000265670",387
"ENSG00000265673",70
"ENSG00000265675",299
"ENSG00000265678",555
"ENSG00000265681",2451
"ENSG00000265682",82
"ENSG00000265683",727
"ENSG00000265684",298
"ENSG00000265688",1895
"ENSG00000265689",372
"ENSG00000265690",2009
"ENSG00000265691",86
"ENSG00000265692",1810
"ENSG00000265693",130
"ENSG00000265694",76
"ENSG00000265697",563
"ENSG00000265698",337
"ENSG00000265699",67
"ENSG00000265702",4984
"ENSG00000265706",78
"ENSG00000265712",685
"ENSG00000265713",955
"ENSG00000265719",72
"ENSG00000265724",81
"ENSG00000265725",79
"ENSG00000265727",301
"ENSG00000265728",855
"ENSG00000265733",201
"ENSG00000265734",93
"ENSG00000265735",321
"ENSG00000265737",586
"ENSG00000265739",546
"ENSG00000265740",296
"ENSG00000265743",409
"ENSG00000265744",68
"ENSG00000265745",298
"ENSG00000265746",1329
"ENSG00000265749",1725
"ENSG00000265750",735
"ENSG00000265751",1140
"ENSG00000265752",3003
"ENSG00000265753",300
"ENSG00000265758",4182
"ENSG00000265763",3516
"ENSG00000265766",1100
"ENSG00000265768",77
"ENSG00000265775",536
"ENSG00000265776",65
"ENSG00000265777",278
"ENSG00000265778",1710
"ENSG00000265781",374
"ENSG00000265784",456
"ENSG00000265786",499
"ENSG00000265787",390
"ENSG00000265788",1647
"ENSG00000265789",105
"ENSG00000265790",742
"ENSG00000265791",308
"ENSG00000265793",75
"ENSG00000265794",561
"ENSG00000265798",1967
"ENSG00000265799",1675
"ENSG00000265800",400
"ENSG00000265801",430
"ENSG00000265802",298
"ENSG00000265806",67
"ENSG00000265808",9039
"ENSG00000265810",151
"ENSG00000265813",318
"ENSG00000265814",264
"ENSG00000265815",100
"ENSG00000265817",7413
"ENSG00000265818",768
"ENSG00000265820",82
"ENSG00000265822",83
"ENSG00000265828",106
"ENSG00000265829",66
"ENSG00000265831",75
"ENSG00000265833",73
"ENSG00000265836",537
"ENSG00000265840",287
"ENSG00000265841",75
"ENSG00000265843",7995
"ENSG00000265844",2133
"ENSG00000265845",1532
"ENSG00000265846",70
"ENSG00000265847",78
"ENSG00000265848",74
"ENSG00000265850",71
"ENSG00000265853",232
"ENSG00000265855",57
"ENSG00000265859",77
"ENSG00000265861",66
"ENSG00000265863",1591
"ENSG00000265867",86
"ENSG00000265871",87
"ENSG00000265872",78
"ENSG00000265873",70
"ENSG00000265874",62
"ENSG00000265878",99
"ENSG00000265879",82
"ENSG00000265881",607
"ENSG00000265882",252
"ENSG00000265883",164
"ENSG00000265885",301
"ENSG00000265888",4478
"ENSG00000265889",102
"ENSG00000265892",306
"ENSG00000265894",298
"ENSG00000265897",224
"ENSG00000265902",70
"ENSG00000265905",283
"ENSG00000265907",3632
"ENSG00000265908",599
"ENSG00000265912",2474
"ENSG00000265916",634
"ENSG00000265917",62
"ENSG00000265918",299
"ENSG00000265919",76
"ENSG00000265924",91
"ENSG00000265927",1027
"ENSG00000265929",115
"ENSG00000265932",79
"ENSG00000265933",5336
"ENSG00000265934",478
"ENSG00000265935",468
"ENSG00000265936",173
"ENSG00000265939",510
"ENSG00000265942",303
"ENSG00000265944",6306
"ENSG00000265946",378
"ENSG00000265948",361
"ENSG00000265954",61
"ENSG00000265956",70
"ENSG00000265957",85
"ENSG00000265961",114
"ENSG00000265962",1030
"ENSG00000265965",55
"ENSG00000265967",554
"ENSG00000265971",355
"ENSG00000265972",3604
"ENSG00000265973",1091
"ENSG00000265976",90
"ENSG00000265980",471
"ENSG00000265981",78
"ENSG00000265982",96
"ENSG00000265984",3284
"ENSG00000265986",69
"ENSG00000265987",403
"ENSG00000265991",58
"ENSG00000265992",3451
"ENSG00000265993",76
"ENSG00000265994",2835
"ENSG00000265995",287
"ENSG00000265996",88
"ENSG00000266003",1347
"ENSG00000266006",62
"ENSG00000266009",166
"ENSG00000266010",4241
"ENSG00000266012",88
"ENSG00000266013",2945
"ENSG00000266014",4237
"ENSG00000266015",83
"ENSG00000266016",97
"ENSG00000266017",81
"ENSG00000266019",80
"ENSG00000266028",15609
"ENSG00000266036",1010
"ENSG00000266038",81
"ENSG00000266039",94
"ENSG00000266041",60
"ENSG00000266042",109
"ENSG00000266043",66
"ENSG00000266048",117
"ENSG00000266049",1049
"ENSG00000266050",211
"ENSG00000266052",76
"ENSG00000266053",1533
"ENSG00000266059",294
"ENSG00000266063",74
"ENSG00000266065",567
"ENSG00000266066",3668
"ENSG00000266071",79
"ENSG00000266072",73
"ENSG00000266074",13490
"ENSG00000266075",297
"ENSG00000266076",1616
"ENSG00000266078",84
"ENSG00000266079",701
"ENSG00000266086",2270
"ENSG00000266088",3577
"ENSG00000266094",6975
"ENSG00000266097",92
"ENSG00000266099",71
"ENSG00000266100",563
"ENSG00000266101",958
"ENSG00000266102",472
"ENSG00000266104",59
"ENSG00000266105",586
"ENSG00000266106",651
"ENSG00000266107",75
"ENSG00000266109",98
"ENSG00000266110",80
"ENSG00000266111",419
"ENSG00000266114",575
"ENSG00000266117",471
"ENSG00000266120",2131
"ENSG00000266124",53
"ENSG00000266126",366
"ENSG00000266127",1166
"ENSG00000266128",292
"ENSG00000266129",269
"ENSG00000266133",83
"ENSG00000266139",74
"ENSG00000266140",71
"ENSG00000266144",76
"ENSG00000266145",324
"ENSG00000266146",80
"ENSG00000266148",59
"ENSG00000266149",1148
"ENSG00000266150",70
"ENSG00000266151",84
"ENSG00000266153",547
"ENSG00000266155",257
"ENSG00000266158",253
"ENSG00000266160",295
"ENSG00000266162",112
"ENSG00000266166",286
"ENSG00000266168",66
"ENSG00000266171",1714
"ENSG00000266173",10860
"ENSG00000266174",79
"ENSG00000266179",182
"ENSG00000266180",67
"ENSG00000266181",647
"ENSG00000266184",913
"ENSG00000266185",298
"ENSG00000266187",294
"ENSG00000266188",88
"ENSG00000266189",85
"ENSG00000266190",291
"ENSG00000266192",89
"ENSG00000266194",75
"ENSG00000266195",276
"ENSG00000266196",1080
"ENSG00000266200",1569
"ENSG00000266201",235
"ENSG00000266202",582
"ENSG00000266203",59
"ENSG00000266204",60
"ENSG00000266206",73
"ENSG00000266208",2773
"ENSG00000266210",267
"ENSG00000266211",77
"ENSG00000266213",2727
"ENSG00000266215",85
"ENSG00000266217",394
"ENSG00000266222",333
"ENSG00000266226",69
"ENSG00000266227",867
"ENSG00000266228",83
"ENSG00000266232",84
"ENSG00000266235",90
"ENSG00000266236",769
"ENSG00000266237",839
"ENSG00000266240",93
"ENSG00000266242",1232
"ENSG00000266243",58
"ENSG00000266245",84
"ENSG00000266251",223
"ENSG00000266255",61
"ENSG00000266256",21879
"ENSG00000266258",1841
"ENSG00000266261",571
"ENSG00000266262",73
"ENSG00000266265",3511
"ENSG00000266268",1906
"ENSG00000266270",70
"ENSG00000266273",2532
"ENSG00000266274",287
"ENSG00000266276",69
"ENSG00000266278",2637
"ENSG00000266279",794
"ENSG00000266282",219
"ENSG00000266283",931
"ENSG00000266287",82
"ENSG00000266288",463
"ENSG00000266289",777
"ENSG00000266290",6142
"ENSG00000266291",94
"ENSG00000266296",1477
"ENSG00000266297",98
"ENSG00000266299",76
"ENSG00000266302",8802
"ENSG00000266304",844
"ENSG00000266305",83
"ENSG00000266306",3377
"ENSG00000266307",100
"ENSG00000266308",263
"ENSG00000266311",721
"ENSG00000266312",5789
"ENSG00000266313",3962
"ENSG00000266315",70
"ENSG00000266317",302
"ENSG00000266318",69
"ENSG00000266320",119
"ENSG00000266321",78
"ENSG00000266324",76
"ENSG00000266325",105
"ENSG00000266327",83
"ENSG00000266328",88
"ENSG00000266329",62
"ENSG00000266335",714
"ENSG00000266338",5305
"ENSG00000266340",668
"ENSG00000266341",192
"ENSG00000266354",80
"ENSG00000266356",154
"ENSG00000266357",8152
"ENSG00000266364",226
"ENSG00000266365",843
"ENSG00000266368",463
"ENSG00000266369",1372
"ENSG00000266370",117
"ENSG00000266371",2780
"ENSG00000266373",586
"ENSG00000266378",2140
"ENSG00000266379",297
"ENSG00000266383",97
"ENSG00000266385",552
"ENSG00000266389",2555
"ENSG00000266392",63
"ENSG00000266396",84
"ENSG00000266397",673
"ENSG00000266401",1761
"ENSG00000266402",1483
"ENSG00000266405",535
"ENSG00000266407",85
"ENSG00000266412",3988
"ENSG00000266415",80
"ENSG00000266416",28
"ENSG00000266417",86
"ENSG00000266420",302
"ENSG00000266421",66
"ENSG00000266423",73
"ENSG00000266426",84
"ENSG00000266431",58
"ENSG00000266433",1545
"ENSG00000266436",66
"ENSG00000266437",71
"ENSG00000266439",299
"ENSG00000266441",1225
"ENSG00000266445",838
"ENSG00000266446",435
"ENSG00000266448",292
"ENSG00000266449",45
"ENSG00000266454",84
"ENSG00000266456",2106
"ENSG00000266458",101
"ENSG00000266460",597
"ENSG00000266461",84
"ENSG00000266463",64
"ENSG00000266466",965
"ENSG00000266467",300
"ENSG00000266469",1657
"ENSG00000266470",159
"ENSG00000266472",1500
"ENSG00000266473",5919
"ENSG00000266477",269
"ENSG00000266478",112
"ENSG00000266479",244
"ENSG00000266489",4446
"ENSG00000266494",66
"ENSG00000266495",389
"ENSG00000266497",470
"ENSG00000266498",686
"ENSG00000266501",419
"ENSG00000266502",75
"ENSG00000266503",292
"ENSG00000266504",470
"ENSG00000266505",1780
"ENSG00000266507",71
"ENSG00000266508",52
"ENSG00000266509",107
"ENSG00000266513",557
"ENSG00000266514",66
"ENSG00000266515",71
"ENSG00000266517",79
"ENSG00000266518",64
"ENSG00000266520",580
"ENSG00000266521",433
"ENSG00000266522",1175
"ENSG00000266524",2677
"ENSG00000266525",76
"ENSG00000266527",2266
"ENSG00000266529",1093
"ENSG00000266530",81
"ENSG00000266531",82
"ENSG00000266533",83
"ENSG00000266535",1162
"ENSG00000266537",798
"ENSG00000266538",317
"ENSG00000266541",534
"ENSG00000266545",82
"ENSG00000266549",358
"ENSG00000266553",248
"ENSG00000266554",3152
"ENSG00000266555",82
"ENSG00000266559",56
"ENSG00000266560",1310
"ENSG00000266561",177
"ENSG00000266563",234
"ENSG00000266564",62
"ENSG00000266569",278
"ENSG00000266570",58
"ENSG00000266573",11091
"ENSG00000266575",232
"ENSG00000266578",1669
"ENSG00000266579",345
"ENSG00000266580",76
"ENSG00000266581",92
"ENSG00000266582",70
"ENSG00000266583",86
"ENSG00000266586",179
"ENSG00000266589",77
"ENSG00000266593",75
"ENSG00000266594",76
"ENSG00000266598",537
"ENSG00000266599",871
"ENSG00000266602",13752
"ENSG00000266604",3902
"ENSG00000266605",668
"ENSG00000266610",264
"ENSG00000266611",79
"ENSG00000266613",2176
"ENSG00000266617",69
"ENSG00000266618",85
"ENSG00000266619",82
"ENSG00000266627",262
"ENSG00000266634",87
"ENSG00000266640",89
"ENSG00000266642",1264
"ENSG00000266643",60
"ENSG00000266644",560
"ENSG00000266645",72
"ENSG00000266647",216
"ENSG00000266648",813
"ENSG00000266649",74
"ENSG00000266651",304
"ENSG00000266654",345
"ENSG00000266655",126
"ENSG00000266663",83
"ENSG00000266664",191
"ENSG00000266665",74
"ENSG00000266666",90
"ENSG00000266667",1241
"ENSG00000266668",77
"ENSG00000266673",203
"ENSG00000266676",76
"ENSG00000266677",2349
"ENSG00000266680",1404
"ENSG00000266690",91
"ENSG00000266691",1423
"ENSG00000266692",55
"ENSG00000266693",1048
"ENSG00000266696",472
"ENSG00000266698",98
"ENSG00000266703",84
"ENSG00000266704",66
"ENSG00000266705",60
"ENSG00000266707",546
"ENSG00000266708",780
"ENSG00000266709",1652
"ENSG00000266710",293
"ENSG00000266711",547
"ENSG00000266712",83
"ENSG00000266714",13330
"ENSG00000266717",709
"ENSG00000266718",4060
"ENSG00000266719",72
"ENSG00000266720",298
"ENSG00000266721",85
"ENSG00000266728",730
"ENSG00000266729",2185
"ENSG00000266733",1079
"ENSG00000266736",541
"ENSG00000266738",77
"ENSG00000266740",67
"ENSG00000266743",5974
"ENSG00000266744",511
"ENSG00000266745",77
"ENSG00000266750",77
"ENSG00000266751",96
"ENSG00000266754",300
"ENSG00000266756",84
"ENSG00000266758",87
"ENSG00000266760",92
"ENSG00000266761",73
"ENSG00000266765",419
"ENSG00000266767",2742
"ENSG00000266770",258
"ENSG00000266771",104
"ENSG00000266774",1632
"ENSG00000266775",771
"ENSG00000266776",63
"ENSG00000266777",1088
"ENSG00000266780",74
"ENSG00000266782",97
"ENSG00000266783",1049
"ENSG00000266786",764
"ENSG00000266794",298
"ENSG00000266801",641
"ENSG00000266802",77
"ENSG00000266803",689
"ENSG00000266805",3485
"ENSG00000266806",229
"ENSG00000266807",60
"ENSG00000266808",70
"ENSG00000266809",248
"ENSG00000266818",1796
"ENSG00000266820",848
"ENSG00000266821",2927
"ENSG00000266824",1184
"ENSG00000266826",1513
"ENSG00000266827",72
"ENSG00000266828",308
"ENSG00000266830",4252
"ENSG00000266835",1531
"ENSG00000266839",280
"ENSG00000266840",483
"ENSG00000266844",2602
"ENSG00000266846",2234
"ENSG00000266850",9408
"ENSG00000266852",70
"ENSG00000266853",664
"ENSG00000266855",111
"ENSG00000266858",862
"ENSG00000266863",292
"ENSG00000266865",527
"ENSG00000266869",5012
"ENSG00000266872",656
"ENSG00000266875",296
"ENSG00000266876",1000
"ENSG00000266877",568
"ENSG00000266885",434
"ENSG00000266887",59
"ENSG00000266890",54
"ENSG00000266891",368
"ENSG00000266896",1630
"ENSG00000266897",391
"ENSG00000266899",952
"ENSG00000266900",1603
"ENSG00000266901",474
"ENSG00000266903",4721
"ENSG00000266904",7568
"ENSG00000266905",1483
"ENSG00000266906",301
"ENSG00000266907",2171
"ENSG00000266909",553
"ENSG00000266910",759
"ENSG00000266913",1701
"ENSG00000266915",325
"ENSG00000266916",2556
"ENSG00000266918",2262
"ENSG00000266919",94
"ENSG00000266920",1099
"ENSG00000266921",3371
"ENSG00000266922",491
"ENSG00000266923",1968
"ENSG00000266924",911
"ENSG00000266925",1519
"ENSG00000266928",1568
"ENSG00000266929",594
"ENSG00000266931",285
"ENSG00000266932",988
"ENSG00000266933",2072
"ENSG00000266934",1329
"ENSG00000266936",366
"ENSG00000266938",598
"ENSG00000266941",356
"ENSG00000266943",606
"ENSG00000266944",362
"ENSG00000266946",1337
"ENSG00000266947",3963
"ENSG00000266950",408
"ENSG00000266951",602
"ENSG00000266952",3153
"ENSG00000266953",974
"ENSG00000266954",538
"ENSG00000266955",528
"ENSG00000266957",200
"ENSG00000266959",154
"ENSG00000266961",310
"ENSG00000266962",2411
"ENSG00000266963",472
"ENSG00000266964",1910
"ENSG00000266965",1699
"ENSG00000266967",3704
"ENSG00000266968",1785
"ENSG00000266969",872
"ENSG00000266970",6167
"ENSG00000266971",937
"ENSG00000266973",566
"ENSG00000266975",241
"ENSG00000266976",4778
"ENSG00000266977",937
"ENSG00000266978",3028
"ENSG00000266979",2136
"ENSG00000266980",890
"ENSG00000266981",559
"ENSG00000266983",4858
"ENSG00000266984",668
"ENSG00000266985",1389
"ENSG00000266987",360
"ENSG00000266988",2769
"ENSG00000266989",534
"ENSG00000266990",641
"ENSG00000266992",1412
"ENSG00000266993",1819
"ENSG00000266994",556
"ENSG00000266995",200
"ENSG00000266997",936
"ENSG00000266998",3903
"ENSG00000267000",487
"ENSG00000267001",543
"ENSG00000267002",9134
"ENSG00000267004",97
"ENSG00000267005",448
"ENSG00000267006",1176
"ENSG00000267007",447
"ENSG00000267009",1863
"ENSG00000267011",837
"ENSG00000267013",4376
"ENSG00000267014",4452
"ENSG00000267015",599
"ENSG00000267016",1132
"ENSG00000267019",560
"ENSG00000267022",3766
"ENSG00000267023",3725
"ENSG00000267024",516
"ENSG00000267026",4954
"ENSG00000267027",240
"ENSG00000267028",396
"ENSG00000267030",540
"ENSG00000267032",1053
"ENSG00000267033",578
"ENSG00000267035",396
"ENSG00000267036",871
"ENSG00000267038",1836
"ENSG00000267039",1009
"ENSG00000267040",9662
"ENSG00000267041",7850
"ENSG00000267042",709
"ENSG00000267044",472
"ENSG00000267046",1230
"ENSG00000267048",559
"ENSG00000267049",427
"ENSG00000267051",5037
"ENSG00000267052",1770
"ENSG00000267053",5538
"ENSG00000267054",375
"ENSG00000267055",670
"ENSG00000267056",1243
"ENSG00000267057",11226
"ENSG00000267058",2193
"ENSG00000267059",1002
"ENSG00000267060",2856
"ENSG00000267061",1301
"ENSG00000267062",296
"ENSG00000267063",824
"ENSG00000267064",6568
"ENSG00000267065",3085
"ENSG00000267066",489
"ENSG00000267069",2144
"ENSG00000267072",521
"ENSG00000267073",896
"ENSG00000267074",849
"ENSG00000267075",4582
"ENSG00000267076",430
"ENSG00000267077",720
"ENSG00000267078",1449
"ENSG00000267079",7878
"ENSG00000267080",7408
"ENSG00000267082",3682
"ENSG00000267083",1298
"ENSG00000267084",189
"ENSG00000267085",256
"ENSG00000267088",441
"ENSG00000267089",442
"ENSG00000267090",297
"ENSG00000267091",1244
"ENSG00000267092",457
"ENSG00000267095",542
"ENSG00000267096",802
"ENSG00000267097",1678
"ENSG00000267098",1762
"ENSG00000267099",616
"ENSG00000267100",2021
"ENSG00000267101",6184
"ENSG00000267102",627
"ENSG00000267104",4522
"ENSG00000267106",16215
"ENSG00000267107",9509
"ENSG00000267108",168
"ENSG00000267109",734
"ENSG00000267110",975
"ENSG00000267112",754
"ENSG00000267113",262
"ENSG00000267114",361
"ENSG00000267116",732
"ENSG00000267117",441
"ENSG00000267119",315
"ENSG00000267120",1925
"ENSG00000267121",4782
"ENSG00000267122",2738
"ENSG00000267123",4576
"ENSG00000267124",542
"ENSG00000267125",500
"ENSG00000267127",3902
"ENSG00000267128",5040
"ENSG00000267129",76
"ENSG00000267130",406
"ENSG00000267132",561
"ENSG00000267133",3212
"ENSG00000267134",4466
"ENSG00000267135",287
"ENSG00000267136",4745
"ENSG00000267137",552
"ENSG00000267138",337
"ENSG00000267139",452
"ENSG00000267140",455
"ENSG00000267141",607
"ENSG00000267142",999
"ENSG00000267143",296
"ENSG00000267144",1071
"ENSG00000267145",361
"ENSG00000267146",581
"ENSG00000267147",1857
"ENSG00000267148",187
"ENSG00000267149",1271
"ENSG00000267150",1101
"ENSG00000267151",506
"ENSG00000267152",1360
"ENSG00000267153",1255
"ENSG00000267154",287
"ENSG00000267156",737
"ENSG00000267157",581
"ENSG00000267159",486
"ENSG00000267160",2569
"ENSG00000267162",474
"ENSG00000267165",553
"ENSG00000267166",2430
"ENSG00000267168",479
"ENSG00000267169",3344
"ENSG00000267170",438
"ENSG00000267172",2593
"ENSG00000267173",561
"ENSG00000267174",1665
"ENSG00000267175",4235
"ENSG00000267177",228
"ENSG00000267178",325
"ENSG00000267179",2219
"ENSG00000267180",199
"ENSG00000267182",210
"ENSG00000267184",181
"ENSG00000267185",478
"ENSG00000267187",571
"ENSG00000267188",574
"ENSG00000267189",310
"ENSG00000267190",424
"ENSG00000267191",6516
"ENSG00000267192",452
"ENSG00000267193",2040
"ENSG00000267195",110
"ENSG00000267196",375
"ENSG00000267197",357
"ENSG00000267198",5889
"ENSG00000267199",5428
"ENSG00000267200",101
"ENSG00000267201",371
"ENSG00000267202",1045
"ENSG00000267203",229
"ENSG00000267204",2908
"ENSG00000267205",556
"ENSG00000267206",1672
"ENSG00000267207",6422
"ENSG00000267209",405
"ENSG00000267211",337
"ENSG00000267212",388
"ENSG00000267213",3858
"ENSG00000267214",454
"ENSG00000267215",3253
"ENSG00000267216",4227
"ENSG00000267218",939
"ENSG00000267219",2230
"ENSG00000267220",283
"ENSG00000267221",3733
"ENSG00000267222",684
"ENSG00000267223",1189
"ENSG00000267224",465
"ENSG00000267225",565
"ENSG00000267226",1580
"ENSG00000267227",613
"ENSG00000267228",1786
"ENSG00000267231",369
"ENSG00000267232",581
"ENSG00000267233",1016
"ENSG00000267234",488
"ENSG00000267235",700
"ENSG00000267238",556
"ENSG00000267239",2425
"ENSG00000267240",399
"ENSG00000267241",752
"ENSG00000267244",2454
"ENSG00000267245",364
"ENSG00000267247",1791
"ENSG00000267248",5641
"ENSG00000267249",720
"ENSG00000267250",2126
"ENSG00000267251",2232
"ENSG00000267252",9872
"ENSG00000267253",2123
"ENSG00000267254",8324
"ENSG00000267255",569
"ENSG00000267257",2553
"ENSG00000267258",472
"ENSG00000267259",4817
"ENSG00000267260",2132
"ENSG00000267261",1199
"ENSG00000267262",1211
"ENSG00000267263",768
"ENSG00000267264",523
"ENSG00000267265",4553
"ENSG00000267269",862
"ENSG00000267270",6496
"ENSG00000267271",334
"ENSG00000267272",6717
"ENSG00000267273",677
"ENSG00000267274",468
"ENSG00000267275",2967
"ENSG00000267277",866
"ENSG00000267278",5600
"ENSG00000267280",4966
"ENSG00000267281",1609
"ENSG00000267282",520
"ENSG00000267283",935
"ENSG00000267284",7275
"ENSG00000267285",574
"ENSG00000267286",466
"ENSG00000267287",7874
"ENSG00000267288",3199
"ENSG00000267289",1955
"ENSG00000267291",1321
"ENSG00000267292",364
"ENSG00000267293",1524
"ENSG00000267295",569
"ENSG00000267296",2520
"ENSG00000267298",559
"ENSG00000267299",325
"ENSG00000267301",463
"ENSG00000267302",2137
"ENSG00000267303",1850
"ENSG00000267304",482
"ENSG00000267305",372
"ENSG00000267308",8347
"ENSG00000267309",1420
"ENSG00000267310",938
"ENSG00000267311",1100
"ENSG00000267312",1070
"ENSG00000267313",9784
"ENSG00000267314",580
"ENSG00000267315",263
"ENSG00000267317",911
"ENSG00000267318",481
"ENSG00000267319",285
"ENSG00000267320",1155
"ENSG00000267321",1620
"ENSG00000267322",2831
"ENSG00000267323",783
"ENSG00000267324",1240
"ENSG00000267325",4752
"ENSG00000267328",660
"ENSG00000267332",323
"ENSG00000267333",1618
"ENSG00000267334",1028
"ENSG00000267335",786
"ENSG00000267336",1063
"ENSG00000267337",6815
"ENSG00000267338",546
"ENSG00000267339",12960
"ENSG00000267340",198
"ENSG00000267341",324
"ENSG00000267342",1419
"ENSG00000267343",1494
"ENSG00000267344",457
"ENSG00000267345",794
"ENSG00000267346",462
"ENSG00000267348",3489
"ENSG00000267349",451
"ENSG00000267352",930
"ENSG00000267353",2197
"ENSG00000267354",726
"ENSG00000267355",593
"ENSG00000267356",517
"ENSG00000267359",457
"ENSG00000267360",1654
"ENSG00000267361",1211
"ENSG00000267363",249
"ENSG00000267364",1941
"ENSG00000267365",2444
"ENSG00000267366",487
"ENSG00000267368",1342
"ENSG00000267369",958
"ENSG00000267370",712
"ENSG00000267371",482
"ENSG00000267372",1238
"ENSG00000267373",367
"ENSG00000267374",21301
"ENSG00000267375",242
"ENSG00000267376",153
"ENSG00000267378",1360
"ENSG00000267379",252
"ENSG00000267382",1447
"ENSG00000267383",17377
"ENSG00000267384",177
"ENSG00000267385",1803
"ENSG00000267387",1346
"ENSG00000267389",1568
"ENSG00000267390",1343
"ENSG00000267391",6208
"ENSG00000267392",1339
"ENSG00000267393",480
"ENSG00000267394",4372
"ENSG00000267395",1586
"ENSG00000267396",1498
"ENSG00000267397",1609
"ENSG00000267398",326
"ENSG00000267400",287
"ENSG00000267401",995
"ENSG00000267402",733
"ENSG00000267404",1026
"ENSG00000267405",3512
"ENSG00000267407",970
"ENSG00000267408",486
"ENSG00000267409",1411
"ENSG00000267412",1708
"ENSG00000267413",2962
"ENSG00000267414",2065
"ENSG00000267415",187
"ENSG00000267416",1699
"ENSG00000267417",760
"ENSG00000267418",334
"ENSG00000267419",1325
"ENSG00000267421",1274
"ENSG00000267422",1094
"ENSG00000267423",579
"ENSG00000267424",918
"ENSG00000267425",504
"ENSG00000267426",5062
"ENSG00000267428",404
"ENSG00000267429",1103
"ENSG00000267430",1153
"ENSG00000267432",7659
"ENSG00000267433",174
"ENSG00000267436",565
"ENSG00000267437",319
"ENSG00000267439",2075
"ENSG00000267440",1476
"ENSG00000267441",589
"ENSG00000267443",529
"ENSG00000267444",811
"ENSG00000267446",1246
"ENSG00000267448",574
"ENSG00000267450",761
"ENSG00000267452",7981
"ENSG00000267453",567
"ENSG00000267454",2582
"ENSG00000267455",568
"ENSG00000267456",385
"ENSG00000267457",544
"ENSG00000267458",270
"ENSG00000267461",384
"ENSG00000267462",1762
"ENSG00000267463",504
"ENSG00000267465",3563
"ENSG00000267466",1767
"ENSG00000267467",742
"ENSG00000267469",564
"ENSG00000267470",8420
"ENSG00000267471",349
"ENSG00000267472",676
"ENSG00000267474",889
"ENSG00000267475",2706
"ENSG00000267476",1837
"ENSG00000267477",727
"ENSG00000267478",1468
"ENSG00000267480",527
"ENSG00000267481",921
"ENSG00000267482",94
"ENSG00000267484",511
"ENSG00000267486",418
"ENSG00000267487",259
"ENSG00000267489",13062
"ENSG00000267490",983
"ENSG00000267491",1735
"ENSG00000267492",166
"ENSG00000267493",1356
"ENSG00000267496",1745
"ENSG00000267497",1959
"ENSG00000267498",4957
"ENSG00000267500",1407
"ENSG00000267501",740
"ENSG00000267503",665
"ENSG00000267504",1101
"ENSG00000267505",1131
"ENSG00000267506",20154
"ENSG00000267507",488
"ENSG00000267508",6866
"ENSG00000267509",1341
"ENSG00000267510",405
"ENSG00000267511",646
"ENSG00000267512",458
"ENSG00000267513",304
"ENSG00000267515",596
"ENSG00000267518",321
"ENSG00000267519",19049
"ENSG00000267520",5702
"ENSG00000267522",1862
"ENSG00000267523",561
"ENSG00000267524",832
"ENSG00000267526",1447
"ENSG00000267529",1698
"ENSG00000267530",2542
"ENSG00000267532",16194
"ENSG00000267533",1148
"ENSG00000267534",3643
"ENSG00000267535",1385
"ENSG00000267541",225
"ENSG00000267543",570
"ENSG00000267544",412
"ENSG00000267546",1930
"ENSG00000267547",537
"ENSG00000267549",4924
"ENSG00000267550",346
"ENSG00000267551",2319
"ENSG00000267552",785
"ENSG00000267554",560
"ENSG00000267555",435
"ENSG00000267557",1488
"ENSG00000267558",141
"ENSG00000267559",2518
"ENSG00000267560",1567
"ENSG00000267561",2013
"ENSG00000267563",523
"ENSG00000267564",1374
"ENSG00000267565",403
"ENSG00000267567",1169
"ENSG00000267568",6410
"ENSG00000267570",838
"ENSG00000267571",2846
"ENSG00000267573",1458
"ENSG00000267574",415
"ENSG00000267575",19995
"ENSG00000267576",906
"ENSG00000267577",2748
"ENSG00000267579",679
"ENSG00000267580",659
"ENSG00000267582",360
"ENSG00000267583",1321
"ENSG00000267585",537
"ENSG00000267586",12599
"ENSG00000267587",621
"ENSG00000267589",418
"ENSG00000267590",252
"ENSG00000267591",421
"ENSG00000267592",225
"ENSG00000267593",851
"ENSG00000267594",1580
"ENSG00000267595",80
"ENSG00000267597",742
"ENSG00000267598",946
"ENSG00000267599",293
"ENSG00000267601",367
"ENSG00000267603",2094
"ENSG00000267604",494
"ENSG00000267605",7863
"ENSG00000267606",1040
"ENSG00000267607",3530
"ENSG00000267609",1762
"ENSG00000267610",1583
"ENSG00000267611",187
"ENSG00000267612",600
"ENSG00000267614",241
"ENSG00000267615",230
"ENSG00000267617",2291
"ENSG00000267618",2002
"ENSG00000267620",1618
"ENSG00000267623",1060
"ENSG00000267624",291
"ENSG00000267625",185
"ENSG00000267626",685
"ENSG00000267627",1199
"ENSG00000267628",784
"ENSG00000267629",5409
"ENSG00000267630",625
"ENSG00000267631",870
"ENSG00000267632",1736
"ENSG00000267633",1081
"ENSG00000267634",738
"ENSG00000267638",359
"ENSG00000267640",207
"ENSG00000267641",534
"ENSG00000267642",2492
"ENSG00000267644",721
"ENSG00000267645",1598
"ENSG00000267646",2515
"ENSG00000267647",330
"ENSG00000267648",871
"ENSG00000267649",1726
"ENSG00000267650",1167
"ENSG00000267651",2124
"ENSG00000267652",234
"ENSG00000267653",1215
"ENSG00000267655",714
"ENSG00000267656",710
"ENSG00000267658",1667
"ENSG00000267659",6935
"ENSG00000267661",329
"ENSG00000267662",7738
"ENSG00000267663",467
"ENSG00000267664",509
"ENSG00000267665",8300
"ENSG00000267666",3353
"ENSG00000267669",959
"ENSG00000267670",518
"ENSG00000267672",1224
"ENSG00000267673",1500
"ENSG00000267674",340
"ENSG00000267675",646
"ENSG00000267676",1145
"ENSG00000267677",2384
"ENSG00000267678",152
"ENSG00000267679",1047
"ENSG00000267680",7082
"ENSG00000267681",300
"ENSG00000267682",375
"ENSG00000267685",560
"ENSG00000267686",942
"ENSG00000267687",541
"ENSG00000267688",578
"ENSG00000267689",195
"ENSG00000267690",2873
"ENSG00000267691",1469
"ENSG00000267692",127
"ENSG00000267693",259
"ENSG00000267694",1105
"ENSG00000267695",1059
"ENSG00000267696",595
"ENSG00000267698",1768
"ENSG00000267699",1305
"ENSG00000267703",401
"ENSG00000267704",1563
"ENSG00000267705",625
"ENSG00000267706",3058
"ENSG00000267707",701
"ENSG00000267708",579
"ENSG00000267709",1198
"ENSG00000267710",2351
"ENSG00000267711",394
"ENSG00000267712",11902
"ENSG00000267713",398
"ENSG00000267714",2663
"ENSG00000267716",670
"ENSG00000267717",764
"ENSG00000267719",4237
"ENSG00000267722",258
"ENSG00000267723",4795
"ENSG00000267724",2117
"ENSG00000267725",259
"ENSG00000267726",478
"ENSG00000267727",482
"ENSG00000267729",197
"ENSG00000267731",2919
"ENSG00000267732",1709
"ENSG00000267733",719
"ENSG00000267734",746
"ENSG00000267735",727
"ENSG00000267736",634
"ENSG00000267737",2387
"ENSG00000267740",2193
"ENSG00000267741",464
"ENSG00000267742",664
"ENSG00000267743",582
"ENSG00000267744",742
"ENSG00000267745",1212
"ENSG00000267746",507
"ENSG00000267748",546
"ENSG00000267749",2016
"ENSG00000267750",7205
"ENSG00000267751",1901
"ENSG00000267752",496
"ENSG00000267755",446
"ENSG00000267756",830
"ENSG00000267757",1527
"ENSG00000267758",496
"ENSG00000267760",1758
"ENSG00000267761",2430
"ENSG00000267762",618
"ENSG00000267764",1688
"ENSG00000267765",719
"ENSG00000267766",207
"ENSG00000267767",3956
"ENSG00000267768",199
"ENSG00000267769",510
"ENSG00000267770",582
"ENSG00000267771",111
"ENSG00000267772",2469
"ENSG00000267773",489
"ENSG00000267774",1081
"ENSG00000267775",885
"ENSG00000267777",3486
"ENSG00000267778",1366
"ENSG00000267779",4573
"ENSG00000267780",2226
"ENSG00000267781",465
"ENSG00000267782",475
"ENSG00000267783",1723
"ENSG00000267784",3590
"ENSG00000267786",1133
"ENSG00000267788",259
"ENSG00000267789",1579
"ENSG00000267790",2464
"ENSG00000267791",272
"ENSG00000267792",328
"ENSG00000267793",570
"ENSG00000267794",108
"ENSG00000267795",1771
"ENSG00000267796",2820
"ENSG00000267797",859
"ENSG00000267799",1400
"ENSG00000267800",273
"ENSG00000267801",3175
"ENSG00000267808",1187
"ENSG00000267809",907
"ENSG00000267811",640
"ENSG00000267815",457
"ENSG00000267827",599
"ENSG00000267828",102
"ENSG00000267834",497
"ENSG00000267838",880
"ENSG00000267852",882
"ENSG00000267855",1392
"ENSG00000267857",789
"ENSG00000267858",17918
"ENSG00000267868",1297
"ENSG00000267871",2502
"ENSG00000267872",2094
"ENSG00000267879",3266
"ENSG00000267881",277
"ENSG00000267882",2253
"ENSG00000267886",967
"ENSG00000267890",575
"ENSG00000267892",1580
"ENSG00000267895",371
"ENSG00000267898",1211
"ENSG00000267904",546
"ENSG00000267905",438
"ENSG00000267908",1488
"ENSG00000267909",4182
"ENSG00000267919",542
"ENSG00000267920",1224
"ENSG00000267922",332
"ENSG00000267924",2291
"ENSG00000267927",578
"ENSG00000267934",5134
"ENSG00000267938",334
"ENSG00000267939",1321
"ENSG00000267940",1353
"ENSG00000267943",4060
"ENSG00000267952",634
"ENSG00000267959",85
"ENSG00000267961",958
"ENSG00000267968",392
"ENSG00000267978",1927
"ENSG00000267980",746
"ENSG00000267984",219
"ENSG00000267986",388
"ENSG00000267990",421
"ENSG00000267992",797
"ENSG00000268001",1969
"ENSG00000268006",4246
"ENSG00000268009",1232
"ENSG00000268015",1399
"ENSG00000268020",840
"ENSG00000268027",1440
"ENSG00000268030",2001
"ENSG00000268034",747
"ENSG00000268038",2107
"ENSG00000268041",2012
"ENSG00000268043",7663
"ENSG00000268047",1216
"ENSG00000268049",1154
"ENSG00000268051",607
"ENSG00000268053",1916
"ENSG00000268055",807
"ENSG00000268056",632
"ENSG00000268058",556
"ENSG00000268061",2737
"ENSG00000268062",203
"ENSG00000268066",3199
"ENSG00000268067",283
"ENSG00000268069",1080
"ENSG00000268070",572
"ENSG00000268074",389
"ENSG00000268078",581
"ENSG00000268079",574
"ENSG00000268080",258
"ENSG00000268081",4027
"ENSG00000268083",963
"ENSG00000268087",376
"ENSG00000268088",363
"ENSG00000268089",6468
"ENSG00000268093",1330
"ENSG00000268095",593
"ENSG00000268100",1632
"ENSG00000268101",1485
"ENSG00000268104",4536
"ENSG00000268105",896
"ENSG00000268107",2258
"ENSG00000268108",520
"ENSG00000268112",217
"ENSG00000268116",165
"ENSG00000268117",235
"ENSG00000268119",6342
"ENSG00000268120",667
"ENSG00000268129",665
"ENSG00000268133",456
"ENSG00000268140",1051
"ENSG00000268144",845
"ENSG00000268148",169
"ENSG00000268149",438
"ENSG00000268153",384
"ENSG00000268154",283
"ENSG00000268157",494
"ENSG00000268163",1028
"ENSG00000268170",1800
"ENSG00000268173",5142
"ENSG00000268174",556
"ENSG00000268181",3049
"ENSG00000268182",2543
"ENSG00000268184",921
"ENSG00000268186",2452
"ENSG00000268189",2286
"ENSG00000268191",520
"ENSG00000268193",685
"ENSG00000268199",1004
"ENSG00000268201",550
"ENSG00000268203",296
"ENSG00000268204",843
"ENSG00000268205",4258
"ENSG00000268209",728
"ENSG00000268218",3660
"ENSG00000268221",1998
"ENSG00000268222",1394
"ENSG00000268223",1914
"ENSG00000268230",4151
"ENSG00000268231",813
"ENSG00000268234",1332
"ENSG00000268235",2284
"ENSG00000268238",330
"ENSG00000268240",3368
"ENSG00000268243",111
"ENSG00000268257",4506
"ENSG00000268266",1036
"ENSG00000268267",1114
"ENSG00000268272",564
"ENSG00000268278",1367
"ENSG00000268279",1335
"ENSG00000268282",1111
"ENSG00000268287",598
"ENSG00000268288",515
"ENSG00000268289",280
"ENSG00000268292",583
"ENSG00000268293",342
"ENSG00000268295",261
"ENSG00000268296",1181
"ENSG00000268297",870
"ENSG00000268307",459
"ENSG00000268309",432
"ENSG00000268316",552
"ENSG00000268318",1813
"ENSG00000268320",435
"ENSG00000268322",559
"ENSG00000268324",3119
"ENSG00000268326",868
"ENSG00000268335",511
"ENSG00000268336",1311
"ENSG00000268350",6608
"ENSG00000268357",372
"ENSG00000268361",393
"ENSG00000268362",12224
"ENSG00000268366",558
"ENSG00000268375",260
"ENSG00000268379",2072
"ENSG00000268388",6995
"ENSG00000268390",443
"ENSG00000268391",518
"ENSG00000268392",462
"ENSG00000268400",2223
"ENSG00000268401",3297
"ENSG00000268403",1155
"ENSG00000268407",202
"ENSG00000268412",372
"ENSG00000268416",8328
"ENSG00000268433",672
"ENSG00000268434",859
"ENSG00000268438",412
"ENSG00000268442",1056
"ENSG00000268447",2255
"ENSG00000268455",1595
"ENSG00000268458",332
"ENSG00000268460",7206
"ENSG00000268461",212
"ENSG00000268465",443
"ENSG00000268469",544
"ENSG00000268471",3004
"ENSG00000268472",1132
"ENSG00000268473",744
"ENSG00000268475",344
"ENSG00000268480",5135
"ENSG00000268483",806
"ENSG00000268486",737
"ENSG00000268496",483
"ENSG00000268499",432
"ENSG00000268500",3005
"ENSG00000268505",5430
"ENSG00000268510",501
"ENSG00000268516",3539
"ENSG00000268518",1814
"ENSG00000268520",473
"ENSG00000268521",445
"ENSG00000268529",817
"ENSG00000268530",1861
"ENSG00000268531",2163
"ENSG00000268532",2065
"ENSG00000268533",521
"ENSG00000268535",670
"ENSG00000268536",2001
"ENSG00000268541",292
"ENSG00000268543",495
"ENSG00000268545",209
"ENSG00000268555",3325
"ENSG00000268560",628
"ENSG00000268564",504
"ENSG00000268565",392
"ENSG00000268566",3150
"ENSG00000268573",4382
"ENSG00000268575",5079
"ENSG00000268580",821
"ENSG00000268581",909
"ENSG00000268582",288
"ENSG00000268583",2502
"ENSG00000268584",795
"ENSG00000268589",242
"ENSG00000268592",1217
"ENSG00000268593",306
"ENSG00000268595",7753
"ENSG00000268597",386
"ENSG00000268598",338
"ENSG00000268601",556
"ENSG00000268603",1105
"ENSG00000268605",561
"ENSG00000268606",2272
"ENSG00000268614",942
"ENSG00000268618",297
"ENSG00000268620",212
"ENSG00000268621",3485
"ENSG00000268623",729
"ENSG00000268628",1900
"ENSG00000268629",1397
"ENSG00000268635",3660
"ENSG00000268636",360
"ENSG00000268643",664
"ENSG00000268649",594
"ENSG00000268650",2952
"ENSG00000268651",1008
"ENSG00000268652",872
"ENSG00000268654",2055
"ENSG00000268655",1310
"ENSG00000268658",5889
"ENSG00000268659",631
"ENSG00000268660",2178
"ENSG00000268663",424
"ENSG00000268669",558
"ENSG00000268670",684
"ENSG00000268673",561
"ENSG00000268674",510
"ENSG00000268677",427
"ENSG00000268678",1056
"ENSG00000268681",208
"ENSG00000268683",413
"ENSG00000268685",237
"ENSG00000268686",3835
"ENSG00000268696",1865
"ENSG00000268705",554
"ENSG00000268707",507
"ENSG00000268711",322
"ENSG00000268713",1385
"ENSG00000268717",569
"ENSG00000268723",355
"ENSG00000268729",359
"ENSG00000268731",394
"ENSG00000268734",748
"ENSG00000268736",518
"ENSG00000268738",1966
"ENSG00000268739",240
"ENSG00000268742",540
"ENSG00000268743",371
"ENSG00000268744",2593
"ENSG00000268745",68
"ENSG00000268746",344
"ENSG00000268747",310
"ENSG00000268750",1159
"ENSG00000268751",2027
"ENSG00000268754",2948
"ENSG00000268756",1206
"ENSG00000268758",1810
"ENSG00000268764",328
"ENSG00000268777",430
"ENSG00000268785",727
"ENSG00000268789",487
"ENSG00000268790",1184
"ENSG00000268794",726
"ENSG00000268797",575
"ENSG00000268798",1100
"ENSG00000268799",1110
"ENSG00000268803",728
"ENSG00000268804",809
"ENSG00000268812",794
"ENSG00000268818",852
"ENSG00000268830",554
"ENSG00000268833",2159
"ENSG00000268834",970
"ENSG00000268836",547
"ENSG00000268839",304
"ENSG00000268842",359
"ENSG00000268845",573
"ENSG00000268847",551
"ENSG00000268849",714
"ENSG00000268854",375
"ENSG00000268858",4572
"ENSG00000268864",1356
"ENSG00000268866",964
"ENSG00000268869",3774
"ENSG00000268870",617
"ENSG00000268873",2112
"ENSG00000268879",360
"ENSG00000268883",1200
"ENSG00000268884",594
"ENSG00000268886",640
"ENSG00000268889",4583
"ENSG00000268892",1102
"ENSG00000268894",3406
"ENSG00000268895",3374
"ENSG00000268896",448
"ENSG00000268902",1652
"ENSG00000268903",755
"ENSG00000268906",746
"ENSG00000268908",928
"ENSG00000268912",2517
"ENSG00000268916",1083
"ENSG00000268922",197
"ENSG00000268926",3919
"ENSG00000268931",511
"ENSG00000268938",668
"ENSG00000268940",1139
"ENSG00000268941",967
"ENSG00000268942",237
"ENSG00000268945",635
"ENSG00000268947",1016
"ENSG00000268949",3130
"ENSG00000268951",578
"ENSG00000268957",277
"ENSG00000268964",3033
"ENSG00000268967",245
"ENSG00000268970",644
"ENSG00000268975",1809
"ENSG00000268981",1167
"ENSG00000268983",432
"ENSG00000268985",405
"ENSG00000268987",540
"ENSG00000268988",707
"ENSG00000268992",764
"ENSG00000268993",388
"ENSG00000268994",465
"ENSG00000268995",356
"ENSG00000268996",1872
"ENSG00000268997",331
"ENSG00000269001",3644
"ENSG00000269009",369
"ENSG00000269012",1571
"ENSG00000269014",284
"ENSG00000269019",2168
"ENSG00000269021",1185
"ENSG00000269025",528
"ENSG00000269026",833
"ENSG00000269032",199
"ENSG00000269035",892
"ENSG00000269037",2649
"ENSG00000269038",479
"ENSG00000269040",557
"ENSG00000269043",4324
"ENSG00000269044",1473
"ENSG00000269050",818
"ENSG00000269053",470
"ENSG00000269054",1835
"ENSG00000269055",575
"ENSG00000269058",1431
"ENSG00000269066",610
"ENSG00000269067",2777
"ENSG00000269068",1260
"ENSG00000269069",2039
"ENSG00000269082",553
"ENSG00000269085",190
"ENSG00000269086",8902
"ENSG00000269091",1869
"ENSG00000269095",515
"ENSG00000269096",1166
"ENSG00000269097",760
"ENSG00000269099",133
"ENSG00000269102",447
"ENSG00000269103",284
"ENSG00000269106",409
"ENSG00000269107",574
"ENSG00000269110",522
"ENSG00000269113",7524
"ENSG00000269118",1683
"ENSG00000269119",947
"ENSG00000269124",472
"ENSG00000269125",182
"ENSG00000269130",329
"ENSG00000269136",787
"ENSG00000269138",2304
"ENSG00000269139",834
"ENSG00000269145",463
"ENSG00000269148",764
"ENSG00000269151",3763
"ENSG00000269153",676
"ENSG00000269154",566
"ENSG00000269155",2719
"ENSG00000269161",460
"ENSG00000269172",365
"ENSG00000269176",763
"ENSG00000269177",561
"ENSG00000269179",575
"ENSG00000269181",272
"ENSG00000269186",3637
"ENSG00000269188",469
"ENSG00000269189",1051
"ENSG00000269190",4792
"ENSG00000269191",440
"ENSG00000269194",658
"ENSG00000269210",1111
"ENSG00000269220",2721
"ENSG00000269226",2766
"ENSG00000269228",458
"ENSG00000269235",6213
"ENSG00000269236",980
"ENSG00000269237",472
"ENSG00000269242",838
"ENSG00000269243",3927
"ENSG00000269244",470
"ENSG00000269246",352
"ENSG00000269253",1010
"ENSG00000269256",1384
"ENSG00000269266",302
"ENSG00000269271",847
"ENSG00000269274",1113
"ENSG00000269275",547
"ENSG00000269281",272
"ENSG00000269288",337
"ENSG00000269289",3077
"ENSG00000269292",296
"ENSG00000269293",13743
"ENSG00000269296",3783
"ENSG00000269300",537
"ENSG00000269303",664
"ENSG00000269304",318
"ENSG00000269307",1207
"ENSG00000269313",5398
"ENSG00000269316",996
"ENSG00000269318",1812
"ENSG00000269320",540
"ENSG00000269321",359
"ENSG00000269332",1937
"ENSG00000269335",5425
"ENSG00000269343",6079
"ENSG00000269345",426
"ENSG00000269349",880
"ENSG00000269350",661
"ENSG00000269352",1023
"ENSG00000269353",549
"ENSG00000269354",255
"ENSG00000269356",647
"ENSG00000269364",1862
"ENSG00000269365",282
"ENSG00000269371",293
"ENSG00000269373",317
"ENSG00000269374",639
"ENSG00000269376",649
"ENSG00000269378",609
"ENSG00000269383",291
"ENSG00000269385",272
"ENSG00000269386",2397
"ENSG00000269387",169
"ENSG00000269388",929
"ENSG00000269392",333
"ENSG00000269397",1500
"ENSG00000269399",2285
"ENSG00000269400",477
"ENSG00000269403",551
"ENSG00000269404",4282
"ENSG00000269405",2340
"ENSG00000269416",4338
"ENSG00000269419",118
"ENSG00000269420",873
"ENSG00000269421",954
"ENSG00000269425",279
"ENSG00000269427",533
"ENSG00000269431",560
"ENSG00000269433",1239
"ENSG00000269437",2674
"ENSG00000269439",3260
"ENSG00000269444",447
"ENSG00000269445",570
"ENSG00000269446",1093
"ENSG00000269458",171
"ENSG00000269463",382
"ENSG00000269466",982
"ENSG00000269469",675
"ENSG00000269471",547
"ENSG00000269473",5402
"ENSG00000269475",955
"ENSG00000269476",1020
"ENSG00000269480",629
"ENSG00000269481",691
"ENSG00000269482",472
"ENSG00000269483",163
"ENSG00000269486",3336
"ENSG00000269487",562
"ENSG00000269489",549
"ENSG00000269495",959
"ENSG00000269502",1876
"ENSG00000269504",5976
"ENSG00000269505",1059
"ENSG00000269506",1614
"ENSG00000269509",572
"ENSG00000269514",8985
"ENSG00000269516",1579
"ENSG00000269519",147
"ENSG00000269524",359
"ENSG00000269526",2203
"ENSG00000269533",1210
"ENSG00000269534",1009
"ENSG00000269535",1905
"ENSG00000269540",1351
"ENSG00000269543",1124
"ENSG00000269546",717
"ENSG00000269547",1967
"ENSG00000269552",913
"ENSG00000269553",435
"ENSG00000269556",5158
"ENSG00000269559",1863
"ENSG00000269560",533
"ENSG00000269564",661
"ENSG00000269565",811
"ENSG00000269570",1524
"ENSG00000269575",586
"ENSG00000269576",599
"ENSG00000269578",1081
"ENSG00000269580",545
"ENSG00000269583",546
"ENSG00000269584",559
"ENSG00000269586",1112
"ENSG00000269588",440
"ENSG00000269590",585
"ENSG00000269599",508
"ENSG00000269600",2513
"ENSG00000269604",3572
"ENSG00000269608",453
"ENSG00000269609",7056
"ENSG00000269615",714
"ENSG00000269621",629
"ENSG00000269622",346
"ENSG00000269635",277
"ENSG00000269637",498
"ENSG00000269646",731
"ENSG00000269651",847
"ENSG00000269652",286
"ENSG00000269653",1890
"ENSG00000269656",944
"ENSG00000269662",554
"ENSG00000269667",701
"ENSG00000269678",277
"ENSG00000269680",686
"ENSG00000269681",337
"ENSG00000269688",493
"ENSG00000269692",1371
"ENSG00000269693",5857
"ENSG00000269694",683
"ENSG00000269696",3418
"ENSG00000269699",3114
"ENSG00000269706",630
"ENSG00000269707",6079
"ENSG00000269711",777
"ENSG00000269713",13748
"ENSG00000269720",4815
"ENSG00000269729",1455
"ENSG00000269732",363
"ENSG00000269736",759
"ENSG00000269737",502
"ENSG00000269741",1933
"ENSG00000269742",571
"ENSG00000269743",6827
"ENSG00000269745",258
"ENSG00000269749",461
"ENSG00000269752",419
"ENSG00000269755",588
"ENSG00000269758",507
"ENSG00000269761",1063
"ENSG00000269763",497
"ENSG00000269765",315
"ENSG00000269776",340
"ENSG00000269779",2737
"ENSG00000269782",61
"ENSG00000269786",196
"ENSG00000269787",907
"ENSG00000269791",1278
"ENSG00000269792",2921
"ENSG00000269793",2092
"ENSG00000269794",1213
"ENSG00000269796",180
"ENSG00000269799",221
"ENSG00000269800",894
"ENSG00000269802",807
"ENSG00000269806",547
"ENSG00000269807",357
"ENSG00000269811",409
"ENSG00000269813",528
"ENSG00000269815",500
"ENSG00000269821",92625
"ENSG00000269825",8435
"ENSG00000269826",1519
"ENSG00000269833",514
"ENSG00000269834",6487
"ENSG00000269836",125
"ENSG00000269837",287
"ENSG00000269839",313
"ENSG00000269842",10875
"ENSG00000269843",482
"ENSG00000269845",1073
"ENSG00000269846",1613
"ENSG00000269848",156
"ENSG00000269855",1424
"ENSG00000269858",6574
"ENSG00000269859",500
"ENSG00000269867",679
"ENSG00000269877",1064
"ENSG00000269883",2314
"ENSG00000269885",513
"ENSG00000269886",336
"ENSG00000269887",715
"ENSG00000269889",1292
"ENSG00000269891",4089
"ENSG00000269892",657
"ENSG00000269893",6855
"ENSG00000269895",1192
"ENSG00000269896",214
"ENSG00000269897",1904
"ENSG00000269898",498
"ENSG00000269901",450
"ENSG00000269902",528
"ENSG00000269903",433
"ENSG00000269904",1195
"ENSG00000269906",668
"ENSG00000269907",330
"ENSG00000269910",535
"ENSG00000269911",1490
"ENSG00000269915",532
"ENSG00000269918",2014
"ENSG00000269919",454
"ENSG00000269921",2362
"ENSG00000269924",752
"ENSG00000269925",393
"ENSG00000269929",5352
"ENSG00000269930",792
"ENSG00000269931",1866
"ENSG00000269934",10019
"ENSG00000269935",1677
"ENSG00000269937",3626
"ENSG00000269938",557
"ENSG00000269939",1516
"ENSG00000269940",611
"ENSG00000269944",545
"ENSG00000269945",3625
"ENSG00000269947",674
"ENSG00000269949",447
"ENSG00000269950",729
"ENSG00000269951",672
"ENSG00000269952",335
"ENSG00000269954",2594
"ENSG00000269955",1661
"ENSG00000269956",2740
"ENSG00000269957",1464
"ENSG00000269958",811
"ENSG00000269959",3962
"ENSG00000269961",963
"ENSG00000269964",5361
"ENSG00000269967",587
"ENSG00000269968",483
"ENSG00000269970",221
"ENSG00000269971",184
"ENSG00000269972",264
"ENSG00000269973",3231
"ENSG00000269976",439
"ENSG00000269978",573
"ENSG00000269980",343
"ENSG00000269981",284
"ENSG00000269982",3823
"ENSG00000269983",718
"ENSG00000269984",3143
"ENSG00000269985",1760
"ENSG00000269987",546
"ENSG00000269989",418
"ENSG00000269993",1245
"ENSG00000269994",3467
"ENSG00000269997",553
"ENSG00000270000",431
"ENSG00000270001",491
"ENSG00000270002",2619
"ENSG00000270006",736
"ENSG00000270008",764
"ENSG00000270011",4273
"ENSG00000270012",2715
"ENSG00000270017",475
"ENSG00000270020",3515
"ENSG00000270021",2017
"ENSG00000270022",1820
"ENSG00000270025",1052
"ENSG00000270031",359
"ENSG00000270035",570
"ENSG00000270036",724
"ENSG00000270039",578
"ENSG00000270048",263
"ENSG00000270049",5269
"ENSG00000270050",4171
"ENSG00000270052",435
"ENSG00000270059",450
"ENSG00000270060",574
"ENSG00000270061",355
"ENSG00000270062",496
"ENSG00000270066",1436
"ENSG00000270068",455
"ENSG00000270069",10220
"ENSG00000270071",5984
"ENSG00000270072",430
"ENSG00000270073",926
"ENSG00000270074",1547
"ENSG00000270075",244
"ENSG00000270076",707
"ENSG00000270077",554
"ENSG00000270082",465
"ENSG00000270083",399
"ENSG00000270084",814
"ENSG00000270087",1087
"ENSG00000270090",2652
"ENSG00000270091",698
"ENSG00000270094",1093
"ENSG00000270095",258
"ENSG00000270096",1252
"ENSG00000270098",1143
"ENSG00000270099",492
"ENSG00000270100",679
"ENSG00000270103",131
"ENSG00000270104",574
"ENSG00000270106",4207
"ENSG00000270108",552
"ENSG00000270110",1130
"ENSG00000270111",10877
"ENSG00000270112",10691
"ENSG00000270115",469
"ENSG00000270116",530
"ENSG00000270117",1257
"ENSG00000270118",371
"ENSG00000270120",746
"ENSG00000270123",128
"ENSG00000270124",2212
"ENSG00000270127",2389
"ENSG00000270130",528
"ENSG00000270131",373
"ENSG00000270133",1383
"ENSG00000270135",472
"ENSG00000270136",1276
"ENSG00000270137",725
"ENSG00000270139",467
"ENSG00000270140",370
"ENSG00000270141",1096
"ENSG00000270149",2114
"ENSG00000270159",462
"ENSG00000270164",4562
"ENSG00000270165",569
"ENSG00000270166",274
"ENSG00000270170",870
"ENSG00000270171",1721
"ENSG00000270174",806
"ENSG00000270175",1425
"ENSG00000270177",1768
"ENSG00000270179",640
"ENSG00000270181",5709
"ENSG00000270182",633
"ENSG00000270184",689
"ENSG00000270185",17
"ENSG00000270187",287
"ENSG00000270190",606
"ENSG00000270191",566
"ENSG00000270192",709
"ENSG00000270193",742
"ENSG00000270194",2414
"ENSG00000270196",631
"ENSG00000270200",323
"ENSG00000270202",691
"ENSG00000270204",508
"ENSG00000270207",5141
"ENSG00000270209",421
"ENSG00000270210",775
"ENSG00000270212",856
"ENSG00000270218",589
"ENSG00000270222",526
"ENSG00000270225",681
"ENSG00000270226",529
"ENSG00000270228",2046
"ENSG00000270230",521
"ENSG00000270231",8168
"ENSG00000270232",447
"ENSG00000270234",279
"ENSG00000270236",292
"ENSG00000270240",4256
"ENSG00000270241",434
"ENSG00000270242",1247
"ENSG00000270243",163
"ENSG00000270244",342
"ENSG00000270248",409
"ENSG00000270249",911
"ENSG00000270251",252
"ENSG00000270252",281
"ENSG00000270255",324
"ENSG00000270257",183
"ENSG00000270258",613
"ENSG00000270259",515
"ENSG00000270264",538
"ENSG00000270268",802
"ENSG00000270269",488
"ENSG00000270270",577
"ENSG00000270273",271
"ENSG00000270275",367
"ENSG00000270276",1878
"ENSG00000270277",1798
"ENSG00000270279",1619
"ENSG00000270280",223
"ENSG00000270281",610
"ENSG00000270282",369
"ENSG00000270285",224
"ENSG00000270287",521
"ENSG00000270289",283
"ENSG00000270292",1213
"ENSG00000270293",466
"ENSG00000270294",600
"ENSG00000270296",355
"ENSG00000270299",2714
"ENSG00000270300",1414
"ENSG00000270301",517
"ENSG00000270302",410
"ENSG00000270304",1074
"ENSG00000270306",568
"ENSG00000270307",678
"ENSG00000270308",385
"ENSG00000270313",216
"ENSG00000270314",1109
"ENSG00000270316",2670
"ENSG00000270317",250
"ENSG00000270318",349
"ENSG00000270321",3814
"ENSG00000270322",184
"ENSG00000270323",559
"ENSG00000270324",348
"ENSG00000270325",553
"ENSG00000270326",193
"ENSG00000270328",592
"ENSG00000270330",355
"ENSG00000270332",12571
"ENSG00000270333",237
"ENSG00000270335",636
"ENSG00000270336",409
"ENSG00000270339",760
"ENSG00000270342",403
"ENSG00000270343",675
"ENSG00000270344",11762
"ENSG00000270347",729
"ENSG00000270350",292
"ENSG00000270352",448
"ENSG00000270354",219
"ENSG00000270356",348
"ENSG00000270359",327
"ENSG00000270361",1600
"ENSG00000270362",3273
"ENSG00000270367",1936
"ENSG00000270369",298
"ENSG00000270371",327
"ENSG00000270372",2494
"ENSG00000270377",172
"ENSG00000270378",93
"ENSG00000270379",2930
"ENSG00000270380",482
"ENSG00000270381",226
"ENSG00000270382",279
"ENSG00000270384",167
"ENSG00000270385",467
"ENSG00000270387",858
"ENSG00000270388",784
"ENSG00000270390",787
"ENSG00000270392",397
"ENSG00000270393",874
"ENSG00000270395",85
"ENSG00000270397",252
"ENSG00000270400",364
"ENSG00000270401",352
"ENSG00000270402",617
"ENSG00000270403",706
"ENSG00000270405",253
"ENSG00000270409",830
"ENSG00000270411",325
"ENSG00000270412",621
"ENSG00000270413",216
"ENSG00000270415",430
"ENSG00000270416",1937
"ENSG00000270419",9501
"ENSG00000270421",360
"ENSG00000270422",482
"ENSG00000270423",418
"ENSG00000270424",637
"ENSG00000270425",994
"ENSG00000270426",686
"ENSG00000270427",788
"ENSG00000270429",1317
"ENSG00000270430",1294
"ENSG00000270431",310
"ENSG00000270432",991
"ENSG00000270433",711
"ENSG00000270434",297
"ENSG00000270435",1418
"ENSG00000270437",1352
"ENSG00000270440",531
"ENSG00000270441",1799
"ENSG00000270442",2263
"ENSG00000270443",195
"ENSG00000270444",385
"ENSG00000270445",336
"ENSG00000270446",337
"ENSG00000270447",235
"ENSG00000270449",199
"ENSG00000270450",304
"ENSG00000270451",19
"ENSG00000270453",413
"ENSG00000270455",1676
"ENSG00000270456",251
"ENSG00000270457",338
"ENSG00000270458",165
"ENSG00000270460",8171
"ENSG00000270462",414
"ENSG00000270467",353
"ENSG00000270469",811
"ENSG00000270470",1072
"ENSG00000270472",294
"ENSG00000270474",344
"ENSG00000270475",481
"ENSG00000270477",153
"ENSG00000270479",901
"ENSG00000270480",732
"ENSG00000270482",832
"ENSG00000270484",1780
"ENSG00000270487",129
"ENSG00000270488",277
"ENSG00000270490",2157
"ENSG00000270491",294
"ENSG00000270492",489
"ENSG00000270493",254
"ENSG00000270494",250
"ENSG00000270495",718
"ENSG00000270496",516
"ENSG00000270497",496
"ENSG00000270499",1460
"ENSG00000270500",228
"ENSG00000270503",1271
"ENSG00000270504",2797
"ENSG00000270505",353
"ENSG00000270506",484
"ENSG00000270507",150
"ENSG00000270509",1198
"ENSG00000270510",651
"ENSG00000270512",456
"ENSG00000270513",382
"ENSG00000270516",973
"ENSG00000270518",255
"ENSG00000270521",586
"ENSG00000270522",262
"ENSG00000270524",1078
"ENSG00000270526",189
"ENSG00000270528",706
"ENSG00000270531",268
"ENSG00000270532",558
"ENSG00000270533",547
"ENSG00000270535",327
"ENSG00000270538",136
"ENSG00000270540",1543
"ENSG00000270541",358
"ENSG00000270542",187
"ENSG00000270547",4053
"ENSG00000270549",238
"ENSG00000270550",431
"ENSG00000270552",594
"ENSG00000270553",361
"ENSG00000270554",1099
"ENSG00000270555",394
"ENSG00000270557",883
"ENSG00000270558",529
"ENSG00000270560",592
"ENSG00000270562",2817
"ENSG00000270569",379
"ENSG00000270570",169
"ENSG00000270571",3438
"ENSG00000270574",2117
"ENSG00000270575",311
"ENSG00000270576",90
"ENSG00000270577",259
"ENSG00000270578",568
"ENSG00000270583",902
"ENSG00000270584",256
"ENSG00000270585",665
"ENSG00000270587",413
"ENSG00000270588",607
"ENSG00000270589",1649
"ENSG00000270591",345
"ENSG00000270593",769
"ENSG00000270598",169
"ENSG00000270601",1855
"ENSG00000270605",2823
"ENSG00000270606",492
"ENSG00000270607",1686
"ENSG00000270610",601
"ENSG00000270611",463
"ENSG00000270612",277
"ENSG00000270614",598
"ENSG00000270615",1447
"ENSG00000270617",795
"ENSG00000270618",1013
"ENSG00000270619",190
"ENSG00000270620",211
"ENSG00000270623",608
"ENSG00000270624",568
"ENSG00000270625",682
"ENSG00000270627",382
"ENSG00000270629",11985
"ENSG00000270631",558
"ENSG00000270632",283
"ENSG00000270634",282
"ENSG00000270638",1649
"ENSG00000270639",1279
"ENSG00000270640",296
"ENSG00000270641",37027
"ENSG00000270646",252
"ENSG00000270647",13607
"ENSG00000270648",290
"ENSG00000270652",539
"ENSG00000270654",363
"ENSG00000270655",357
"ENSG00000270659",1774
"ENSG00000270661",1931
"ENSG00000270664",210
"ENSG00000270665",926
"ENSG00000270666",236
"ENSG00000270669",463
"ENSG00000270670",1723
"ENSG00000270673",1579
"ENSG00000270677",620
"ENSG00000270678",252
"ENSG00000270679",526
"ENSG00000270680",304
"ENSG00000270681",1113
"ENSG00000270682",148
"ENSG00000270683",523
"ENSG00000270685",343
"ENSG00000270688",169
"ENSG00000270689",1489
"ENSG00000270690",485
"ENSG00000270691",797
"ENSG00000270694",205
"ENSG00000270695",287
"ENSG00000270696",1747
"ENSG00000270697",391
"ENSG00000270698",315
"ENSG00000270699",112
"ENSG00000270701",235
"ENSG00000270702",303
"ENSG00000270705",42
"ENSG00000270706",1009
"ENSG00000270708",303
"ENSG00000270709",248
"ENSG00000270710",708
"ENSG00000270711",411
"ENSG00000270712",754
"ENSG00000270713",687
"ENSG00000270714",229
"ENSG00000270716",301
"ENSG00000270718",235
"ENSG00000270719",214
"ENSG00000270720",588
"ENSG00000270722",164
"ENSG00000270723",255
"ENSG00000270725",159
"ENSG00000270726",773
"ENSG00000270727",252
"ENSG00000270728",525
"ENSG00000270729",698
"ENSG00000270733",358
"ENSG00000270734",370
"ENSG00000270736",252
"ENSG00000270739",1092
"ENSG00000270741",295
"ENSG00000270745",139
"ENSG00000270747",271
"ENSG00000270748",304
"ENSG00000270749",867
"ENSG00000270751",372
"ENSG00000270753",523
"ENSG00000270754",544
"ENSG00000270755",369
"ENSG00000270757",890
"ENSG00000270759",325
"ENSG00000270760",379
"ENSG00000270761",1720
"ENSG00000270762",285
"ENSG00000270763",1354
"ENSG00000270764",365
"ENSG00000270765",3375
"ENSG00000270766",246
"ENSG00000270767",111
"ENSG00000270771",252
"ENSG00000270772",1070
"ENSG00000270773",754
"ENSG00000270775",800
"ENSG00000270776",231
"ENSG00000270777",460
"ENSG00000270778",607
"ENSG00000270779",430
"ENSG00000270780",565
"ENSG00000270781",301
"ENSG00000270782",201
"ENSG00000270788",969
"ENSG00000270789",144
"ENSG00000270790",274
"ENSG00000270791",568
"ENSG00000270792",484
"ENSG00000270793",367
"ENSG00000270794",787
"ENSG00000270797",338
"ENSG00000270798",204
"ENSG00000270799",835
"ENSG00000270800",5018
"ENSG00000270802",290
"ENSG00000270804",541
"ENSG00000270806",1073
"ENSG00000270807",365
"ENSG00000270808",286
"ENSG00000270809",457
"ENSG00000270811",117
"ENSG00000270812",883
"ENSG00000270813",565
"ENSG00000270814",340
"ENSG00000270815",187
"ENSG00000270816",4629
"ENSG00000270818",1410
"ENSG00000270820",6947
"ENSG00000270822",165
"ENSG00000270823",2634
"ENSG00000270824",23
"ENSG00000270826",474
"ENSG00000270828",533
"ENSG00000270829",409
"ENSG00000270830",136
"ENSG00000270831",2645
"ENSG00000270832",568
"ENSG00000270835",1063
"ENSG00000270837",301
"ENSG00000270838",238
"ENSG00000270839",598
"ENSG00000270842",360
"ENSG00000270846",1080
"ENSG00000270849",451
"ENSG00000270850",341
"ENSG00000270852",1066
"ENSG00000270855",466
"ENSG00000270856",183
"ENSG00000270857",437
"ENSG00000270858",844
"ENSG00000270859",437
"ENSG00000270861",233
"ENSG00000270863",1414
"ENSG00000270864",360
"ENSG00000270865",304
"ENSG00000270866",1850
"ENSG00000270868",160
"ENSG00000270870",482
"ENSG00000270871",488
"ENSG00000270872",1021
"ENSG00000270874",1168
"ENSG00000270876",3277
"ENSG00000270878",1261
"ENSG00000270880",619
"ENSG00000270882",1878
"ENSG00000270883",623
"ENSG00000270885",3512
"ENSG00000270889",421
"ENSG00000270890",628
"ENSG00000270891",477
"ENSG00000270892",343
"ENSG00000270893",797
"ENSG00000270894",421
"ENSG00000270896",135
"ENSG00000270897",307
"ENSG00000270900",585
"ENSG00000270902",165
"ENSG00000270903",979
"ENSG00000270904",355
"ENSG00000270906",1375
"ENSG00000270909",1809
"ENSG00000270911",1251
"ENSG00000270912",187
"ENSG00000270914",93
"ENSG00000270915",332
"ENSG00000270916",116
"ENSG00000270917",371
"ENSG00000270919",538
"ENSG00000270920",209
"ENSG00000270921",2741
"ENSG00000270923",826
"ENSG00000270924",169
"ENSG00000270926",675
"ENSG00000270927",493
"ENSG00000270929",949
"ENSG00000270930",1115
"ENSG00000270933",1051
"ENSG00000270934",613
"ENSG00000270935",1117
"ENSG00000270936",668
"ENSG00000270937",732
"ENSG00000270938",478
"ENSG00000270941",279
"ENSG00000270945",321
"ENSG00000270946",1370
"ENSG00000270947",1216
"ENSG00000270948",784
"ENSG00000270951",390
"ENSG00000270953",623
"ENSG00000270954",301
"ENSG00000270955",2098
"ENSG00000270956",675
"ENSG00000270957",200
"ENSG00000270959",2882
"ENSG00000270960",421
"ENSG00000270961",23
"ENSG00000270962",296
"ENSG00000270964",1533
"ENSG00000270965",646
"ENSG00000270966",286
"ENSG00000270969",1003
"ENSG00000270971",1897
"ENSG00000270972",497
"ENSG00000270973",485
"ENSG00000270975",447
"ENSG00000270976",213
"ENSG00000270977",3178
"ENSG00000270978",1115
"ENSG00000270980",454
"ENSG00000270981",889
"ENSG00000270982",133
"ENSG00000270983",337
"ENSG00000270986",638
"ENSG00000270987",736
"ENSG00000270988",497
"ENSG00000270989",397
"ENSG00000270990",435
"ENSG00000270992",432
"ENSG00000270993",130
"ENSG00000270994",936
"ENSG00000270995",466
"ENSG00000270996",899
"ENSG00000270997",634
"ENSG00000270999",347
"ENSG00000271002",315
"ENSG00000271003",276
"ENSG00000271005",469
"ENSG00000271009",2072
"ENSG00000271010",965
"ENSG00000271011",520
"ENSG00000271013",5376
"ENSG00000271014",128
"ENSG00000271015",304
"ENSG00000271018",193
"ENSG00000271021",462
"ENSG00000271022",772
"ENSG00000271024",295
"ENSG00000271025",237
"ENSG00000271026",748
"ENSG00000271027",186
"ENSG00000271028",1448
"ENSG00000271029",398
"ENSG00000271032",526
"ENSG00000271034",1540
"ENSG00000271035",490
"ENSG00000271036",484
"ENSG00000271040",741
"ENSG00000271041",253
"ENSG00000271042",313
"ENSG00000271044",630
"ENSG00000271045",510
"ENSG00000271046",1383
"ENSG00000271047",144
"ENSG00000271048",382
"ENSG00000271049",874
"ENSG00000271052",237
"ENSG00000271053",881
"ENSG00000271056",851
"ENSG00000271057",305
"ENSG00000271063",214
"ENSG00000271064",240
"ENSG00000271065",1029
"ENSG00000271070",823
"ENSG00000271071",1207
"ENSG00000271072",818
"ENSG00000271074",799
"ENSG00000271075",760
"ENSG00000271077",829
"ENSG00000271078",2059
"ENSG00000271079",2587
"ENSG00000271081",304
"ENSG00000271086",24823
"ENSG00000271088",2983
"ENSG00000271092",1961
"ENSG00000271093",313
"ENSG00000271094",213
"ENSG00000271095",1193
"ENSG00000271096",293
"ENSG00000271097",594
"ENSG00000271098",224
"ENSG00000271099",1675
"ENSG00000271100",169
"ENSG00000271101",1256
"ENSG00000271105",540
"ENSG00000271108",517
"ENSG00000271111",905
"ENSG00000271113",673
"ENSG00000271114",446
"ENSG00000271115",987
"ENSG00000271117",1183
"ENSG00000271118",222
"ENSG00000271119",1702
"ENSG00000271121",546
"ENSG00000271122",4210
"ENSG00000271123",333
"ENSG00000271127",2144
"ENSG00000271128",127
"ENSG00000271129",479
"ENSG00000271130",349
"ENSG00000271131",484
"ENSG00000271133",3691
"ENSG00000271134",372
"ENSG00000271136",439
"ENSG00000271137",884
"ENSG00000271138",397
"ENSG00000271140",180
"ENSG00000271141",543
"ENSG00000271142",658
"ENSG00000271143",203
"ENSG00000271146",397
"ENSG00000271147",4247
"ENSG00000271148",584
"ENSG00000271149",320
"ENSG00000271150",271
"ENSG00000271151",1068
"ENSG00000271153",454
"ENSG00000271154",253
"ENSG00000271155",1402
"ENSG00000271157",785
"ENSG00000271158",1156
"ENSG00000271159",235
"ENSG00000271161",250
"ENSG00000271162",712
"ENSG00000271163",285
"ENSG00000271164",483
"ENSG00000271166",544
"ENSG00000271171",3863
"ENSG00000271172",511
"ENSG00000271173",512
"ENSG00000271174",343
"ENSG00000271175",242
"ENSG00000271177",235
"ENSG00000271178",353
"ENSG00000271179",466
"ENSG00000271180",459
"ENSG00000271181",246
"ENSG00000271182",343
"ENSG00000271184",1063
"ENSG00000271185",313
"ENSG00000271187",219
"ENSG00000271190",712
"ENSG00000271192",8083
"ENSG00000271194",592
"ENSG00000271195",446
"ENSG00000271196",193
"ENSG00000271198",850
"ENSG00000271199",347
"ENSG00000271200",427
"ENSG00000271201",389
"ENSG00000271202",430
"ENSG00000271204",1998
"ENSG00000271205",150
"ENSG00000271207",1360
"ENSG00000271208",594
"ENSG00000271209",677
"ENSG00000271211",253
"ENSG00000271214",178
"ENSG00000271215",396
"ENSG00000271216",3015
"ENSG00000271218",456
"ENSG00000271219",562
"ENSG00000271220",241
"ENSG00000271222",325
"ENSG00000271225",565
"ENSG00000271227",338
"ENSG00000271228",308
"ENSG00000271230",310
"ENSG00000271231",1300
"ENSG00000271232",889
"ENSG00000271234",500
"ENSG00000271235",605
"ENSG00000271236",278
"ENSG00000271237",607
"ENSG00000271238",175
"ENSG00000271239",627
"ENSG00000271240",268
"ENSG00000271242",201
"ENSG00000271243",621
"ENSG00000271245",222
"ENSG00000271248",448
"ENSG00000271249",763
"ENSG00000271250",106
"ENSG00000271251",234
"ENSG00000271252",287
"ENSG00000271253",397
"ENSG00000271254",4292
"ENSG00000271257",406
"ENSG00000271264",246
"ENSG00000271265",446
"ENSG00000271266",446
"ENSG00000271267",257
"ENSG00000271268",474
"ENSG00000271269",408
"ENSG00000271270",7943
"ENSG00000271271",2568
"ENSG00000271272",732
"ENSG00000271275",458
"ENSG00000271277",379
"ENSG00000271278",632
"ENSG00000271283",207
"ENSG00000271284",274
"ENSG00000271286",700
"ENSG00000271287",388
"ENSG00000271288",351
"ENSG00000271290",629
"ENSG00000271291",287
"ENSG00000271296",331
"ENSG00000271298",220
"ENSG00000271299",304
"ENSG00000271302",436
"ENSG00000271303",2528
"ENSG00000271304",557
"ENSG00000271306",392
"ENSG00000271307",889
"ENSG00000271309",208
"ENSG00000271313",304
"ENSG00000271314",456
"ENSG00000271315",144
"ENSG00000271317",19
"ENSG00000271318",586
"ENSG00000271320",660
"ENSG00000271321",2608
"ENSG00000271322",298
"ENSG00000271327",1495
"ENSG00000271328",288
"ENSG00000271329",796
"ENSG00000271330",304
"ENSG00000271332",298
"ENSG00000271333",147
"ENSG00000271334",1343
"ENSG00000271335",3148
"ENSG00000271336",17
"ENSG00000271337",1105
"ENSG00000271338",685
"ENSG00000271339",502
"ENSG00000271340",156
"ENSG00000271343",202
"ENSG00000271344",1267
"ENSG00000271346",254
"ENSG00000271349",835
"ENSG00000271350",919
"ENSG00000271351",287
"ENSG00000271353",430
"ENSG00000271355",465
"ENSG00000271356",907
"ENSG00000271357",251
"ENSG00000271358",282
"ENSG00000271360",923
"ENSG00000271361",631
"ENSG00000271362",242
"ENSG00000271364",948
"ENSG00000271365",199
"ENSG00000271366",618
"ENSG00000271367",548
"ENSG00000271368",784
"ENSG00000271369",562
"ENSG00000271370",379
"ENSG00000271373",286
"ENSG00000271375",389
"ENSG00000271377",394
"ENSG00000271378",271
"ENSG00000271379",691
"ENSG00000271380",799
"ENSG00000271381",2108
"ENSG00000271382",2773
"ENSG00000271383",14043
"ENSG00000271384",673
"ENSG00000271385",131
"ENSG00000271386",451
"ENSG00000271387",1648
"ENSG00000271389",1469
"ENSG00000271390",499
"ENSG00000271392",684
"ENSG00000271394",247
"ENSG00000271395",5114
"ENSG00000271396",894
"ENSG00000271397",613
"ENSG00000271398",425
"ENSG00000271399",547
"ENSG00000271400",829
"ENSG00000271401",463
"ENSG00000271402",300
"ENSG00000271404",248
"ENSG00000271408",719
"ENSG00000271410",1216
"ENSG00000271412",376
"ENSG00000271413",146
"ENSG00000271414",445
"ENSG00000271415",236
"ENSG00000271418",301
"ENSG00000271419",864
"ENSG00000271420",650
"ENSG00000271421",358
"ENSG00000271423",315
"ENSG00000271424",478
"ENSG00000271425",14362
"ENSG00000271426",646
"ENSG00000271427",575
"ENSG00000271428",488
"ENSG00000271429",238
"ENSG00000271433",508
"ENSG00000271434",1638
"ENSG00000271435",478
"ENSG00000271437",538
"ENSG00000271439",287
"ENSG00000271440",214
"ENSG00000271443",438
"ENSG00000271447",3190
"ENSG00000271449",1321
"ENSG00000271452",466
"ENSG00000271454",1249
"ENSG00000271455",283
"ENSG00000271456",221
"ENSG00000271457",542
"ENSG00000271459",521
"ENSG00000271461",2185
"ENSG00000271462",235
"ENSG00000271464",466
"ENSG00000271465",859
"ENSG00000271466",2705
"ENSG00000271468",844
"ENSG00000271474",3534
"ENSG00000271475",554
"ENSG00000271477",649
"ENSG00000271480",345
"ENSG00000271482",260
"ENSG00000271483",163
"ENSG00000271484",1120
"ENSG00000271486",851
"ENSG00000271488",799
"ENSG00000271490",103
"ENSG00000271491",693
"ENSG00000271492",406
"ENSG00000271494",1376
"ENSG00000271495",328
"ENSG00000271496",205
"ENSG00000271498",532
"ENSG00000271499",1927
"ENSG00000271500",1979
"ENSG00000271502",253
"ENSG00000271503",1364
"ENSG00000271507",343
"ENSG00000271508",189
"ENSG00000271509",208
"ENSG00000271511",246
"ENSG00000271519",4774
"ENSG00000271522",1517
"ENSG00000271523",457
"ENSG00000271524",595
"ENSG00000271525",541
"ENSG00000271526",154
"ENSG00000271527",535
"ENSG00000271530",331
"ENSG00000271532",279
"ENSG00000271533",3685
"ENSG00000271536",527
"ENSG00000271537",586
"ENSG00000271538",7850
"ENSG00000271543",211
"ENSG00000271544",23
"ENSG00000271546",529
"ENSG00000271547",511
"ENSG00000271550",563
"ENSG00000271551",1249
"ENSG00000271553",1114
"ENSG00000271554",661
"ENSG00000271555",239
"ENSG00000271557",359
"ENSG00000271558",260
"ENSG00000271559",313
"ENSG00000271560",154
"ENSG00000271563",787
"ENSG00000271564",1582
"ENSG00000271565",211
"ENSG00000271567",760
"ENSG00000271568",1084
"ENSG00000271569",277
"ENSG00000271573",294
"ENSG00000271576",2082
"ENSG00000271578",475
"ENSG00000271579",1121
"ENSG00000271580",784
"ENSG00000271581",991
"ENSG00000271582",1075
"ENSG00000271583",538
"ENSG00000271584",4314
"ENSG00000271585",355
"ENSG00000271586",456
"ENSG00000271587",310
"ENSG00000271588",316
"ENSG00000271589",160
"ENSG00000271590",1482
"ENSG00000271595",336
"ENSG00000271596",268
"ENSG00000271597",547
"ENSG00000271598",127
"ENSG00000271600",241
"ENSG00000271601",3991
"ENSG00000271602",1432
"ENSG00000271605",5281
"ENSG00000271606",141
"ENSG00000271607",311
"ENSG00000271608",190
"ENSG00000271609",308
"ENSG00000271611",144
"ENSG00000271612",302
"ENSG00000271614",13118
"ENSG00000271615",1099
"ENSG00000271616",259
"ENSG00000271618",182
"ENSG00000271620",360
"ENSG00000271621",388
"ENSG00000271623",634
"ENSG00000271624",844
"ENSG00000271625",718
"ENSG00000271626",382
"ENSG00000271627",583
"ENSG00000271629",379
"ENSG00000271631",610
"ENSG00000271632",517
"ENSG00000271635",1525
"ENSG00000271638",577
"ENSG00000271639",1551
"ENSG00000271642",643
"ENSG00000271643",6802
"ENSG00000271644",111
"ENSG00000271646",4617
"ENSG00000271647",1398
"ENSG00000271650",394
"ENSG00000271652",376
"ENSG00000271653",1210
"ENSG00000271654",670
"ENSG00000271655",490
"ENSG00000271656",321
"ENSG00000271657",395
"ENSG00000271659",476
"ENSG00000271660",310
"ENSG00000271661",574
"ENSG00000271662",1070
"ENSG00000271664",1095
"ENSG00000271666",583
"ENSG00000271667",170
"ENSG00000271670",625
"ENSG00000271671",296
"ENSG00000271672",622
"ENSG00000271676",964
"ENSG00000271677",398
"ENSG00000271679",322
"ENSG00000271680",466
"ENSG00000271681",474
"ENSG00000271682",351
"ENSG00000271686",820
"ENSG00000271687",1809
"ENSG00000271691",201
"ENSG00000271693",117
"ENSG00000271696",943
"ENSG00000271697",156
"ENSG00000271698",1596
"ENSG00000271699",875
"ENSG00000271701",454
"ENSG00000271702",275
"ENSG00000271704",578
"ENSG00000271705",525
"ENSG00000271707",821
"ENSG00000271709",709
"ENSG00000271710",367
"ENSG00000271711",616
"ENSG00000271712",1019
"ENSG00000271714",1962
"ENSG00000271715",430
"ENSG00000271716",580
"ENSG00000271717",348
"ENSG00000271723",7090
"ENSG00000271724",512
"ENSG00000271725",476
"ENSG00000271727",7892
"ENSG00000271730",644
"ENSG00000271732",1857
"ENSG00000271736",1871
"ENSG00000271737",769
"ENSG00000271739",126
"ENSG00000271741",3099
"ENSG00000271742",256
"ENSG00000271743",1595
"ENSG00000271746",837
"ENSG00000271749",232
"ENSG00000271752",408
"ENSG00000271754",545
"ENSG00000271755",2955
"ENSG00000271758",589
"ENSG00000271761",540
"ENSG00000271763",446
"ENSG00000271765",301
"ENSG00000271766",443
"ENSG00000271771",647
"ENSG00000271774",724
"ENSG00000271776",3491
"ENSG00000271778",578
"ENSG00000271779",253
"ENSG00000271780",3181
"ENSG00000271781",791
"ENSG00000271784",631
"ENSG00000271787",446
"ENSG00000271789",1385
"ENSG00000271793",8624
"ENSG00000271795",3317
"ENSG00000271797",2107
"ENSG00000271798",132
"ENSG00000271803",440
"ENSG00000271806",4196
"ENSG00000271810",1078
"ENSG00000271811",2045
"ENSG00000271814",195
"ENSG00000271816",1913
"ENSG00000271817",219
"ENSG00000271818",322
"ENSG00000271819",107
"ENSG00000271820",2052
"ENSG00000271821",517
"ENSG00000271824",1695
"ENSG00000271825",444
"ENSG00000271826",2075
"ENSG00000271828",1700
"ENSG00000271830",354
"ENSG00000271833",628
"ENSG00000271841",63
"ENSG00000271843",611
"ENSG00000271848",4672
"ENSG00000271849",528
"ENSG00000271850",7573
"ENSG00000271851",2374
"ENSG00000271852",90
"ENSG00000271855",5084
"ENSG00000271856",4214
"ENSG00000271857",927
"ENSG00000271858",1202
"ENSG00000271860",23626
"ENSG00000271862",1589
"ENSG00000271868",473
"ENSG00000271869",846
"ENSG00000271871",957
"ENSG00000271874",1948
"ENSG00000271882",411
"ENSG00000271886",119
"ENSG00000271888",1078
"ENSG00000271889",6617
"ENSG00000271890",1029
"ENSG00000271892",430
"ENSG00000271893",1201
"ENSG00000271894",2704
"ENSG00000271897",4677
"ENSG00000271898",84
"ENSG00000271899",54
"ENSG00000271900",104
"ENSG00000271901",1556
"ENSG00000271907",129
"ENSG00000271913",16518
"ENSG00000271914",396
"ENSG00000271916",256
"ENSG00000271917",1517
"ENSG00000271918",1649
"ENSG00000271919",556
"ENSG00000271922",104
"ENSG00000271923",107
"ENSG00000271924",117
"ENSG00000271926",640
"ENSG00000271930",504
"ENSG00000271931",504
"ENSG00000271932",107
"ENSG00000271933",2163
"ENSG00000271934",342
"ENSG00000271936",1108
"ENSG00000271937",612
"ENSG00000271938",1362
"ENSG00000271943",745
"ENSG00000271945",3893
"ENSG00000271947",578
"ENSG00000271949",654
"ENSG00000271952",2869
"ENSG00000271958",376
"ENSG00000271959",3502
"ENSG00000271963",392
"ENSG00000271964",549
"ENSG00000271966",4535
"ENSG00000271967",543
"ENSG00000271968",999
"ENSG00000271969",434
"ENSG00000271971",736
"ENSG00000271974",136
"ENSG00000271976",2583
"ENSG00000271977",530
"ENSG00000271978",4590
"ENSG00000271980",2550
"ENSG00000271981",1859
"ENSG00000271982",66
"ENSG00000271983",492
"ENSG00000271984",569
"ENSG00000271985",124
"ENSG00000271986",288
"ENSG00000271989",797
"ENSG00000271991",2169
"ENSG00000271992",466
"ENSG00000271993",628
"ENSG00000271996",564
"ENSG00000271998",2436
"ENSG00000272002",634
"ENSG00000272004",1185
"ENSG00000272006",112
"ENSG00000272008",4333
"ENSG00000272010",623
"ENSG00000272015",83
"ENSG00000272020",163
"ENSG00000272021",3325
"ENSG00000272023",1738
"ENSG00000272024",407
"ENSG00000272025",199
"ENSG00000272027",912
"ENSG00000272028",108
"ENSG00000272031",3671
"ENSG00000272033",1893
"ENSG00000272034",91
"ENSG00000272036",68
"ENSG00000272037",1430
"ENSG00000272043",1018
"ENSG00000272046",3599
"ENSG00000272047",8762
"ENSG00000272050",725
"ENSG00000272051",102
"ENSG00000272054",3803
"ENSG00000272055",107
"ENSG00000272056",659
"ENSG00000272057",382
"ENSG00000272068",3222
"ENSG00000272071",541
"ENSG00000272072",742
"ENSG00000272075",303
"ENSG00000272076",572
"ENSG00000272077",1953
"ENSG00000272078",7923
"ENSG00000272079",1398
"ENSG00000272080",86
"ENSG00000272081",2128
"ENSG00000272084",3402
"ENSG00000272086",2124
"ENSG00000272087",649
"ENSG00000272088",382
"ENSG00000272092",1098
"ENSG00000272094",879
"ENSG00000272096",286
"ENSG00000272097",1874
"ENSG00000272100",391
"ENSG00000272103",2237
"ENSG00000272104",408
"ENSG00000272106",2038
"ENSG00000272108",2086
"ENSG00000272109",1354
"ENSG00000272112",526
"ENSG00000272113",90
"ENSG00000272114",188
"ENSG00000272115",485
"ENSG00000272121",2434
"ENSG00000272123",453
"ENSG00000272128",461
"ENSG00000272129",1436
"ENSG00000272130",291
"ENSG00000272134",91
"ENSG00000272138",6104
"ENSG00000272139",377
"ENSG00000272140",1192
"ENSG00000272141",987
"ENSG00000272142",5277
"ENSG00000272143",1130
"ENSG00000272144",1047
"ENSG00000272145",2636
"ENSG00000272148",480
"ENSG00000272149",305
"ENSG00000272150",2019
"ENSG00000272153",531
"ENSG00000272154",3552
"ENSG00000272155",445
"ENSG00000272156",732
"ENSG00000272157",1435
"ENSG00000272158",443
"ENSG00000272159",695
"ENSG00000272160",135
"ENSG00000272161",493
"ENSG00000272162",1589
"ENSG00000272163",2561
"ENSG00000272164",481
"ENSG00000272166",64
"ENSG00000272167",2011
"ENSG00000272168",53388
"ENSG00000272170",1666
"ENSG00000272172",223
"ENSG00000272173",1221
"ENSG00000272175",280
"ENSG00000272180",2475
"ENSG00000272181",418
"ENSG00000272182",561
"ENSG00000272183",649
"ENSG00000272186",1035
"ENSG00000272189",1894
"ENSG00000272192",1607
"ENSG00000272195",1880
"ENSG00000272197",307
"ENSG00000272202",1197
"ENSG00000272203",753
"ENSG00000272205",3083
"ENSG00000272209",1779
"ENSG00000272211",2065
"ENSG00000272215",63
"ENSG00000272217",3296
"ENSG00000272219",1779
"ENSG00000272220",118
"ENSG00000272221",5065
"ENSG00000272223",509
"ENSG00000272226",535
"ENSG00000272230",111
"ENSG00000272232",299
"ENSG00000272234",604
"ENSG00000272235",3461
"ENSG00000272236",243
"ENSG00000272237",114
"ENSG00000272239",237
"ENSG00000272243",2605
"ENSG00000272247",679
"ENSG00000272248",847
"ENSG00000272249",545
"ENSG00000272253",107
"ENSG00000272254",437
"ENSG00000272255",543
"ENSG00000272256",710
"ENSG00000272259",4395
"ENSG00000272262",100
"ENSG00000272263",510
"ENSG00000272264",577
"ENSG00000272265",461
"ENSG00000272269",2179
"ENSG00000272273",1070
"ENSG00000272274",13613
"ENSG00000272275",393
"ENSG00000272277",851
"ENSG00000272279",5393
"ENSG00000272281",1466
"ENSG00000272282",3157
"ENSG00000272288",1181
"ENSG00000272293",630
"ENSG00000272296",79
"ENSG00000272297",700
"ENSG00000272298",240
"ENSG00000272305",1760
"ENSG00000272311",540
"ENSG00000272312",441
"ENSG00000272319",135
"ENSG00000272320",1989
"ENSG00000272321",2622
"ENSG00000272323",1624
"ENSG00000272324",735
"ENSG00000272325",9900
"ENSG00000272328",3685
"ENSG00000272329",1370
"ENSG00000272330",158
"ENSG00000272333",10807
"ENSG00000272334",556
"ENSG00000272335",2517
"ENSG00000272337",106
"ENSG00000272338",577
"ENSG00000272342",577
"ENSG00000272343",486
"ENSG00000272344",72
"ENSG00000272345",887
"ENSG00000272346",112
"ENSG00000272347",1585
"ENSG00000272356",4315
"ENSG00000272359",133
"ENSG00000272360",1425
"ENSG00000272361",599
"ENSG00000272362",526
"ENSG00000272366",239
"ENSG00000272368",1117
"ENSG00000272371",2566
"ENSG00000272372",1639
"ENSG00000272374",4261
"ENSG00000272375",645
"ENSG00000272379",473
"ENSG00000272380",139
"ENSG00000272381",8029
"ENSG00000272383",1036
"ENSG00000272384",2048
"ENSG00000272386",399
"ENSG00000272387",135
"ENSG00000272391",8796
"ENSG00000272393",104
"ENSG00000272395",1637
"ENSG00000272396",459
"ENSG00000272397",2144
"ENSG00000272398",3096
"ENSG00000272400",343
"ENSG00000272402",405
"ENSG00000272405",3222
"ENSG00000272406",549
"ENSG00000272407",292
"ENSG00000272410",2977
"ENSG00000272411",314
"ENSG00000272412",297
"ENSG00000272414",3242
"ENSG00000272416",759
"ENSG00000272417",441
"ENSG00000272418",369
"ENSG00000272419",143
"ENSG00000272420",568
"ENSG00000272425",2172
"ENSG00000272426",659
"ENSG00000272428",391
"ENSG00000272430",852
"ENSG00000272431",2246
"ENSG00000272432",485
"ENSG00000272434",779
"ENSG00000272435",119
"ENSG00000272436",298
"ENSG00000272438",10117
"ENSG00000272439",107
"ENSG00000272442",3513
"ENSG00000272443",555
"ENSG00000272445",102
"ENSG00000272447",1701
"ENSG00000272449",1949
"ENSG00000272455",1523
"ENSG00000272456",1003
"ENSG00000272457",500
"ENSG00000272458",94
"ENSG00000272459",1282
"ENSG00000272460",82
"ENSG00000272461",1075
"ENSG00000272462",7358
"ENSG00000272463",3220
"ENSG00000272469",270
"ENSG00000272472",1384
"ENSG00000272473",3486
"ENSG00000272474",78
"ENSG00000272476",2574
"ENSG00000272477",956
"ENSG00000272478",222
"ENSG00000272479",594
"ENSG00000272480",391
"ENSG00000272483",596
"ENSG00000272485",2437
"ENSG00000272489",1595
"ENSG00000272491",1674
"ENSG00000272494",931
"ENSG00000272498",564
"ENSG00000272501",3912
"ENSG00000272502",1141
"ENSG00000272505",2860
"ENSG00000272506",618
"ENSG00000272507",100
"ENSG00000272509",462
"ENSG00000272510",346
"ENSG00000272512",2086
"ENSG00000272514",3624
"ENSG00000272516",584
"ENSG00000272518",917
"ENSG00000272523",3038
"ENSG00000272525",1934
"ENSG00000272529",551
"ENSG00000272533",126
"ENSG00000272536",284
"ENSG00000272537",2971
"ENSG00000272540",773
"ENSG00000272542",977
"ENSG00000272543",84
"ENSG00000272545",580
"ENSG00000272549",5427
"ENSG00000272554",2375
"ENSG00000272555",455
"ENSG00000272556",386
"ENSG00000272558",1156
"ENSG00000272559",901
"ENSG00000272562",2107
"ENSG00000272563",3443
"ENSG00000272566",610
"ENSG00000272568",9731
"ENSG00000272569",624
"ENSG00000272572",1998
"ENSG00000272573",702
"ENSG00000272574",505
"ENSG00000272575",986
"ENSG00000272576",610
"ENSG00000272578",847
"ENSG00000272582",814
"ENSG00000272588",719
"ENSG00000272589",1460
"ENSG00000272595",953
"ENSG00000272597",533
"ENSG00000272599",960
"ENSG00000272600",373
"ENSG00000272601",450
"ENSG00000272602",3929
"ENSG00000272604",2578
"ENSG00000272606",1104
"ENSG00000272609",474
"ENSG00000272610",2567
"ENSG00000272617",887
"ENSG00000272619",2288
"ENSG00000272620",12180
"ENSG00000272622",5803
"ENSG00000272625",720
"ENSG00000272626",1254
"ENSG00000272627",493
"ENSG00000272630",3005
"ENSG00000272631",8032
"ENSG00000272632",454
"ENSG00000272634",942
"ENSG00000272636",6489
"ENSG00000272638",741
"ENSG00000272642",1638
"ENSG00000272645",360
"ENSG00000272646",427
"ENSG00000272647",830
"ENSG00000272654",1478
"ENSG00000272655",324
"ENSG00000272656",348
"ENSG00000272660",140
"ENSG00000272661",574
"ENSG00000272662",504
"ENSG00000272663",1664
"ENSG00000272664",948
"ENSG00000272666",1895
"ENSG00000272667",630
"ENSG00000272668",7957
"ENSG00000272669",491
"ENSG00000272672",547
"ENSG00000272674",3840
"ENSG00000272676",300
"ENSG00000272677",2118
"ENSG00000272678",391
"ENSG00000272679",561
"ENSG00000272681",713
"ENSG00000272682",1554
"ENSG00000272685",942
"ENSG00000272686",2433
"ENSG00000272688",5869
"ENSG00000272689",331
"ENSG00000272690",14216
"ENSG00000272691",2156
"ENSG00000272692",2292
"ENSG00000272693",248
"ENSG00000272694",1046
"ENSG00000272695",2437
"ENSG00000272696",573
"ENSG00000272699",497
"ENSG00000272701",4118
"ENSG00000272702",3467
"ENSG00000272703",400
"ENSG00000272707",160
"ENSG00000272710",222
"ENSG00000272711",1333
"ENSG00000272714",381
"ENSG00000272715",1541
"ENSG00000272716",726
"ENSG00000272717",845
"ENSG00000272719",515
"ENSG00000272720",1433
"ENSG00000272721",3416
"ENSG00000272727",3213
"ENSG00000272729",1553
"ENSG00000272733",1081
"ENSG00000272734",6339
"ENSG00000272735",1043
"ENSG00000272741",708
"ENSG00000272742",664
"ENSG00000272744",634
"ENSG00000272745",672
"ENSG00000272748",521
"ENSG00000272750",2646
"ENSG00000272752",5762
"ENSG00000272754",1365
"ENSG00000272758",4772
"ENSG00000272760",963
"ENSG00000272762",547
"ENSG00000272763",3967
"ENSG00000272764",276
"ENSG00000272767",1517
"ENSG00000272768",1442
"ENSG00000272769",1741
"ENSG00000272770",626
"ENSG00000272772",1239
"ENSG00000272774",532
"ENSG00000272777",870
"ENSG00000272779",1121
"ENSG00000272783",289
"ENSG00000272784",634
"ENSG00000272787",663
"ENSG00000272788",650
"ENSG00000272789",852
"ENSG00000272791",935
"ENSG00000272795",2432
"ENSG00000272797",445
"ENSG00000272798",604
"ENSG00000272799",534
"ENSG00000272800",2104
"ENSG00000272801",368
"ENSG00000272804",1578
"ENSG00000272807",740
"ENSG00000272808",10594
"ENSG00000272810",517
"ENSG00000272812",574
"ENSG00000272814",274
"ENSG00000272815",3243
"ENSG00000272817",571
"ENSG00000272821",855
"ENSG00000272822",1336
"ENSG00000272823",536
"ENSG00000272824",442
"ENSG00000272825",652
"ENSG00000272829",883
"ENSG00000272831",823
"ENSG00000272832",814
"ENSG00000272834",443
"ENSG00000272836",478
"ENSG00000272837",469
"ENSG00000272839",617
"ENSG00000272841",2025
"ENSG00000272842",560
"ENSG00000272843",713
"ENSG00000272844",707
"ENSG00000272848",5019
"ENSG00000272849",572
"ENSG00000272851",564
"ENSG00000272853",2795
"ENSG00000272854",1792
"ENSG00000272855",463
"ENSG00000272856",828
"ENSG00000272858",749
"ENSG00000272861",734
"ENSG00000272862",497
"ENSG00000272864",565
"ENSG00000272865",3698
"ENSG00000272866",615
"ENSG00000272870",9294
"ENSG00000272871",1269
"ENSG00000272874",1672
"ENSG00000272882",864
"ENSG00000272884",5553
"ENSG00000272885",420
"ENSG00000272886",6102
"ENSG00000272887",3730
"ENSG00000272888",9910
"ENSG00000272892",1266
"ENSG00000272894",4023
"ENSG00000272895",736
"ENSG00000272896",735
"ENSG00000272897",872
"ENSG00000272899",3883
"ENSG00000272900",940
"ENSG00000272902",2478
"ENSG00000272905",668
"ENSG00000272906",1097
"ENSG00000272908",1968
"ENSG00000272909",1870
"ENSG00000272910",501
"ENSG00000272911",818
"ENSG00000272912",820
"ENSG00000272913",2065
"ENSG00000272914",1560
"ENSG00000272915",364
"ENSG00000272916",5818
"ENSG00000272918",2646
"ENSG00000272920",105
"ENSG00000272921",818
"ENSG00000272927",1570
"ENSG00000272931",695
"ENSG00000272933",1349
"ENSG00000272936",561
"ENSG00000272937",932
"ENSG00000272941",1145
"ENSG00000272942",6352
"ENSG00000272944",1949
"ENSG00000272945",586
"ENSG00000272950",578
"ENSG00000272958",510
"ENSG00000272963",733
"ENSG00000272966",462
"ENSG00000272967",439
"ENSG00000272968",1049
"ENSG00000272969",1377
"ENSG00000272970",10200
"ENSG00000272973",1398
"ENSG00000272975",11080
"ENSG00000272977",3754
"ENSG00000272980",7618
"ENSG00000272982",118
"ENSG00000272983",7063
"ENSG00000272984",532
"ENSG00000272986",745
"ENSG00000272987",985
"ENSG00000272988",744
"ENSG00000272989",1725
"ENSG00000272990",508
"ENSG00000272991",431
"ENSG00000272994",3575
"ENSG00000272995",565
"ENSG00000273001",4098
"ENSG00000273002",2473
"ENSG00000273003",2392
"ENSG00000273004",1935
"ENSG00000273006",282
"ENSG00000273007",2849
"ENSG00000273008",1512
"ENSG00000273010",1348
"ENSG00000273011",678
"ENSG00000273012",251
"ENSG00000273013",594
"ENSG00000273014",472
"ENSG00000273015",9815
"ENSG00000273017",452
"ENSG00000273018",29305
"ENSG00000273024",2019
"ENSG00000273025",1902
"ENSG00000273026",415
"ENSG00000273027",460
"ENSG00000273032",15412
"ENSG00000273033",5483
"ENSG00000273035",477
"ENSG00000273036",256
"ENSG00000273041",1073
"ENSG00000273044",484
"ENSG00000273045",2058
"ENSG00000273046",1389
"ENSG00000273047",586
"ENSG00000273049",777
"ENSG00000273051",899
"ENSG00000273055",704
"ENSG00000273056",584
"ENSG00000273058",543
"ENSG00000273059",430
"ENSG00000273061",1695
"ENSG00000273062",1980
"ENSG00000273063",338
"ENSG00000273064",979
"ENSG00000273066",4335
"ENSG00000273068",364
"ENSG00000273069",387
"ENSG00000273073",580
"ENSG00000273076",416
"ENSG00000273077",2371
"ENSG00000273079",31005
"ENSG00000273080",1497
"ENSG00000273082",956
"ENSG00000273084",7615
"ENSG00000273085",926
"ENSG00000273088",753
"ENSG00000273090",478
"ENSG00000273091",676
"ENSG00000273093",533
"ENSG00000273096",183
"ENSG00000273098",2058
"ENSG00000273100",980
"ENSG00000273102",1606
"ENSG00000273104",388
"ENSG00000273106",2396
"ENSG00000273107",652
"ENSG00000273108",1432
"ENSG00000273110",681
"ENSG00000273111",2165
"ENSG00000273112",553
"ENSG00000273113",805
"ENSG00000273115",312
"ENSG00000273117",4427
"ENSG00000273118",1459
"ENSG00000273124",4365
"ENSG00000273125",3131
"ENSG00000273129",3058
"ENSG00000273132",398
"ENSG00000273133",556
"ENSG00000273136",7206
"ENSG00000273137",640
"ENSG00000273139",1303
"ENSG00000273141",512
"ENSG00000273142",3441
"ENSG00000273143",10431
"ENSG00000273145",1947
"ENSG00000273148",1990
"ENSG00000273149",967
"ENSG00000273151",6758
"ENSG00000273153",250
"ENSG00000273154",3190
"ENSG00000273155",669
"ENSG00000273156",1899
"ENSG00000273160",303
"ENSG00000273162",3224
"ENSG00000273165",448
"ENSG00000273167",4157
"ENSG00000273171",851
"ENSG00000273172",2800
"ENSG00000273173",1560
"ENSG00000273174",565
"ENSG00000273175",2144
"ENSG00000273176",385
"ENSG00000273177",430
"ENSG00000273179",397
"ENSG00000273180",554
"ENSG00000273183",679
"ENSG00000273184",707
"ENSG00000273186",409
"ENSG00000273188",679
"ENSG00000273189",1421
"ENSG00000273192",2349
"ENSG00000273196",73
"ENSG00000273198",532
"ENSG00000273199",879
"ENSG00000273204",486
"ENSG00000273209",1107
"ENSG00000273210",456
"ENSG00000273212",460
"ENSG00000273213",3970
"ENSG00000273214",691
"ENSG00000273216",477
"ENSG00000273217",6393
"ENSG00000273218",1769
"ENSG00000273219",305
"ENSG00000273221",647
"ENSG00000273225",268
"ENSG00000273226",546
"ENSG00000273228",315
"ENSG00000273230",3026
"ENSG00000273232",533
"ENSG00000273233",426
"ENSG00000273234",930
"ENSG00000273238",2416
"ENSG00000273240",598
"ENSG00000273243",473
"ENSG00000273244",875
"ENSG00000273245",531
"ENSG00000273247",8253
"ENSG00000273248",1334
"ENSG00000273249",2658
"ENSG00000273252",375
"ENSG00000273253",1632
"ENSG00000273254",636
"ENSG00000273255",546
"ENSG00000273257",2878
"ENSG00000273258",788
"ENSG00000273259",3067
"ENSG00000273261",699
"ENSG00000273262",521
"ENSG00000273264",366
"ENSG00000273265",2612
"ENSG00000273267",462
"ENSG00000273269",983
"ENSG00000273270",7452
"ENSG00000273271",520
"ENSG00000273272",828
"ENSG00000273274",12831
"ENSG00000273275",700
"ENSG00000273284",1003
"ENSG00000273287",3202
"ENSG00000273291",1654
"ENSG00000273293",222
"ENSG00000273294",3424
"ENSG00000273295",5637
"ENSG00000273297",6722
"ENSG00000273299",371
"ENSG00000273300",427
"ENSG00000273302",791
"ENSG00000273305",501
"ENSG00000273306",626
"ENSG00000273308",4002
"ENSG00000273311",2214
"ENSG00000273312",3634
"ENSG00000273313",514
"ENSG00000273314",2198
"ENSG00000273320",1128
"ENSG00000273321",562
"ENSG00000273325",449
"ENSG00000273327",925
"ENSG00000273328",3933
"ENSG00000273329",7427
"ENSG00000273330",186
"ENSG00000273331",964
"ENSG00000273333",662
"ENSG00000273335",586
"ENSG00000273336",533
"ENSG00000273338",225
"ENSG00000273340",1157
"ENSG00000273341",2514
"ENSG00000273342",441
"ENSG00000273343",631
"ENSG00000273344",2590
"ENSG00000273345",3842
"ENSG00000273348",407
"ENSG00000273350",401
"ENSG00000273353",321
"ENSG00000273355",1736
"ENSG00000273356",2060
"ENSG00000273360",970
"ENSG00000273361",879
"ENSG00000273362",661
"ENSG00000273365",729
"ENSG00000273367",626
"ENSG00000273368",513
"ENSG00000273369",441
"ENSG00000273372",5001
"ENSG00000273375",670
"ENSG00000273377",916
"ENSG00000273381",4125
"ENSG00000273382",2888
"ENSG00000273384",1665
"ENSG00000273387",1410
"ENSG00000273391",1295
"ENSG00000273394",566
"ENSG00000273396",1556
"ENSG00000273398",2306
"ENSG00000273399",561
"ENSG00000273402",625
"ENSG00000273406",1281
"ENSG00000273407",350
"ENSG00000273408",904
"ENSG00000273409",1121
"ENSG00000273413",465
"ENSG00000273415",2606
"ENSG00000273416",2391
"ENSG00000273419",4093
"ENSG00000273420",511
"ENSG00000273423",1264
"ENSG00000273424",442
"ENSG00000273428",2223
"ENSG00000273433",919
"ENSG00000273434",188
"ENSG00000273437",335
"ENSG00000273442",756
"ENSG00000273443",1694
"ENSG00000273444",167
"ENSG00000273445",2734
"ENSG00000273447",700
"ENSG00000273448",1337
"ENSG00000273449",927
"ENSG00000273450",421
"ENSG00000273451",1006
"ENSG00000273454",552
"ENSG00000273455",439
"ENSG00000273456",1646
"ENSG00000273461",496
"ENSG00000273464",426
"ENSG00000273471",2200
"ENSG00000273472",3379
"ENSG00000273473",572
"ENSG00000273474",345
"ENSG00000273476",448
"ENSG00000273483",643
"ENSG00000273484",300
"ENSG00000273485",657
"ENSG00000273487",1293
"ENSG00000273489",3731
"ENSG00000273492",5806
"ENSG00000273493",154
"ENSG00000273497",194
"ENSG00000273499",128
"ENSG00000273500",109
"ENSG00000273507",16020
"ENSG00000273509",906
"ENSG00000273512",275
"ENSG00000273513",2122
"ENSG00000273514",2247
"ENSG00000273515",187
"ENSG00000273516",146
"ENSG00000273520",2900
"ENSG00000273521",1098
"ENSG00000273523",3433
"ENSG00000273524",258
"ENSG00000273532",71
"ENSG00000273536",301
"ENSG00000273537",100
"ENSG00000273540",16503
"ENSG00000273541",342
"ENSG00000273542",643
"ENSG00000273544",132
"ENSG00000273549",260
"ENSG00000273550",676
"ENSG00000273551",531
"ENSG00000273552",1335
"ENSG00000273553",341
"ENSG00000273554",3660
"ENSG00000273555",64
"ENSG00000273557",335
"ENSG00000273558",1837
"ENSG00000273559",3715
"ENSG00000273565",1226
"ENSG00000273566",280
"ENSG00000273567",1288
"ENSG00000273568",287
"ENSG00000273569",1320
"ENSG00000273570",126
"ENSG00000273571",172
"ENSG00000273573",280
"ENSG00000273580",682
"ENSG00000273582",772
"ENSG00000273584",552
"ENSG00000273586",944
"ENSG00000273587",127
"ENSG00000273589",297
"ENSG00000273590",870
"ENSG00000273591",250
"ENSG00000273593",52
"ENSG00000273595",722
"ENSG00000273596",200
"ENSG00000273597",1653
"ENSG00000273598",621
"ENSG00000273599",5428
"ENSG00000273600",484
"ENSG00000273604",3255
"ENSG00000273606",59
"ENSG00000273609",111
"ENSG00000273610",297
"ENSG00000273611",6687
"ENSG00000273612",58
"ENSG00000273613",67
"ENSG00000273618",1686
"ENSG00000273619",708
"ENSG00000273621",180
"ENSG00000273623",152
"ENSG00000273627",58
"ENSG00000273628",329
"ENSG00000273629",62
"ENSG00000273634",737
"ENSG00000273637",2171
"ENSG00000273639",1502
"ENSG00000273640",327
"ENSG00000273643",3595
"ENSG00000273644",446
"ENSG00000273648",100
"ENSG00000273650",429
"ENSG00000273654",1401
"ENSG00000273657",67
"ENSG00000273658",182
"ENSG00000273659",543
"ENSG00000273664",424
"ENSG00000273668",226
"ENSG00000273669",663
"ENSG00000273674",5844
"ENSG00000273675",824
"ENSG00000273677",137
"ENSG00000273679",1835
"ENSG00000273680",651
"ENSG00000273682",129
"ENSG00000273687",332
"ENSG00000273691",1049
"ENSG00000273692",666
"ENSG00000273693",586
"ENSG00000273694",145
"ENSG00000273696",1028
"ENSG00000273698",265
"ENSG00000273700",68
"ENSG00000273701",217
"ENSG00000273702",2238
"ENSG00000273703",468
"ENSG00000273704",362
"ENSG00000273706",4913
"ENSG00000273709",191
"ENSG00000273710",286
"ENSG00000273711",2137
"ENSG00000273712",271
"ENSG00000273716",78
"ENSG00000273717",261
"ENSG00000273719",418
"ENSG00000273720",385
"ENSG00000273721",187
"ENSG00000273723",1092
"ENSG00000273724",337
"ENSG00000273725",285
"ENSG00000273727",162
"ENSG00000273730",153
"ENSG00000273731",386
"ENSG00000273732",503
"ENSG00000273734",1268
"ENSG00000273736",382
"ENSG00000273739",90
"ENSG00000273742",95
"ENSG00000273744",87
"ENSG00000273745",60
"ENSG00000273746",1203
"ENSG00000273747",688
"ENSG00000273748",372
"ENSG00000273749",10414
"ENSG00000273750",127
"ENSG00000273756",3731
"ENSG00000273758",63
"ENSG00000273759",677
"ENSG00000273760",826
"ENSG00000273762",456
"ENSG00000273763",243
"ENSG00000273767",76
"ENSG00000273768",164
"ENSG00000273769",1885
"ENSG00000273773",76
"ENSG00000273776",89
"ENSG00000273777",2175
"ENSG00000273778",87
"ENSG00000273782",75
"ENSG00000273783",3439
"ENSG00000273784",8529
"ENSG00000273786",684
"ENSG00000273788",216
"ENSG00000273791",555
"ENSG00000273792",1312
"ENSG00000273796",1135
"ENSG00000273797",527
"ENSG00000273800",112
"ENSG00000273802",489
"ENSG00000273804",109
"ENSG00000273805",1603
"ENSG00000273806",109
"ENSG00000273812",2442
"ENSG00000273813",283
"ENSG00000273816",232
"ENSG00000273818",237
"ENSG00000273819",1102
"ENSG00000273820",3075
"ENSG00000273821",462
"ENSG00000273824",1407
"ENSG00000273825",1892
"ENSG00000273828",6644
"ENSG00000273829",288
"ENSG00000273830",79
"ENSG00000273835",82
"ENSG00000273836",65
"ENSG00000273838",1336
"ENSG00000273840",3427
"ENSG00000273841",7566
"ENSG00000273843",1338
"ENSG00000273844",177
"ENSG00000273846",320
"ENSG00000273849",481
"ENSG00000273851",1947
"ENSG00000273853",543
"ENSG00000273855",442
"ENSG00000273858",222
"ENSG00000273860",252
"ENSG00000273863",713
"ENSG00000273866",254
"ENSG00000273870",179
"ENSG00000273872",289
"ENSG00000273874",68
"ENSG00000273876",315
"ENSG00000273877",1530
"ENSG00000273882",78
"ENSG00000273885",70
"ENSG00000273886",271
"ENSG00000273891",1937
"ENSG00000273893",700
"ENSG00000273894",966
"ENSG00000273897",715
"ENSG00000273898",67
"ENSG00000273899",3587
"ENSG00000273900",228
"ENSG00000273901",633
"ENSG00000273904",125
"ENSG00000273906",2110
"ENSG00000273907",834
"ENSG00000273908",294
"ENSG00000273912",68
"ENSG00000273913",282
"ENSG00000273919",1857
"ENSG00000273920",543
"ENSG00000273925",526
"ENSG00000273927",102
"ENSG00000273932",64
"ENSG00000273933",845
"ENSG00000273937",90
"ENSG00000273940",284
"ENSG00000273942",136
"ENSG00000273945",74
"ENSG00000273946",329
"ENSG00000273948",157
"ENSG00000273950",258
"ENSG00000273951",655
"ENSG00000273956",1600
"ENSG00000273957",3921
"ENSG00000273958",434
"ENSG00000273961",98
"ENSG00000273962",314
"ENSG00000273963",1040
"ENSG00000273964",90
"ENSG00000273965",293
"ENSG00000273966",90
"ENSG00000273971",342
"ENSG00000273972",544
"ENSG00000273973",560
"ENSG00000273974",94
"ENSG00000273975",348
"ENSG00000273976",3822
"ENSG00000273978",1007
"ENSG00000273979",271
"ENSG00000273980",408
"ENSG00000273981",290
"ENSG00000273982",393
"ENSG00000273983",496
"ENSG00000273986",294
"ENSG00000273987",689
"ENSG00000273988",367
"ENSG00000273989",602
"ENSG00000273994",477
"ENSG00000273997",294
"ENSG00000273998",3923
"ENSG00000273999",1405
"ENSG00000274001",449
"ENSG00000274002",1293
"ENSG00000274004",115
"ENSG00000274006",213
"ENSG00000274008",299
"ENSG00000274010",1158
"ENSG00000274011",251
"ENSG00000274012",300
"ENSG00000274015",2004
"ENSG00000274017",279
"ENSG00000274019",522
"ENSG00000274020",29275
"ENSG00000274021",2257
"ENSG00000274022",524
"ENSG00000274023",561
"ENSG00000274024",1136
"ENSG00000274025",65
"ENSG00000274026",7686
"ENSG00000274028",506
"ENSG00000274029",651
"ENSG00000274033",129
"ENSG00000274034",56
"ENSG00000274038",479
"ENSG00000274044",4771
"ENSG00000274046",101
"ENSG00000274049",2040
"ENSG00000274051",181
"ENSG00000274052",464
"ENSG00000274054",55
"ENSG00000274055",144
"ENSG00000274056",70
"ENSG00000274059",84
"ENSG00000274060",92
"ENSG00000274062",191
"ENSG00000274064",1282
"ENSG00000274066",70
"ENSG00000274070",8206
"ENSG00000274072",57
"ENSG00000274075",176
"ENSG00000274076",291
"ENSG00000274079",283
"ENSG00000274080",2241
"ENSG00000274086",127
"ENSG00000274090",4393
"ENSG00000274091",78
"ENSG00000274092",715
"ENSG00000274093",431
"ENSG00000274097",107
"ENSG00000274098",284
"ENSG00000274099",2181
"ENSG00000274102",1473
"ENSG00000274104",1250
"ENSG00000274105",856
"ENSG00000274111",66
"ENSG00000274114",984
"ENSG00000274115",97
"ENSG00000274116",347
"ENSG00000274118",103
"ENSG00000274121",205
"ENSG00000274124",312
"ENSG00000274127",155
"ENSG00000274128",408
"ENSG00000274133",514
"ENSG00000274134",70
"ENSG00000274135",272
"ENSG00000274139",516
"ENSG00000274149",268
"ENSG00000274150",1446
"ENSG00000274154",108
"ENSG00000274156",523
"ENSG00000274157",229
"ENSG00000274159",366
"ENSG00000274162",511
"ENSG00000274164",124
"ENSG00000274167",282
"ENSG00000274168",280
"ENSG00000274170",71
"ENSG00000274172",65
"ENSG00000274173",2022
"ENSG00000274175",1806
"ENSG00000274177",440
"ENSG00000274178",1450
"ENSG00000274180",4931
"ENSG00000274181",1444
"ENSG00000274183",587
"ENSG00000274184",2021
"ENSG00000274186",329
"ENSG00000274191",544
"ENSG00000274196",457
"ENSG00000274197",85
"ENSG00000274198",286
"ENSG00000274199",120
"ENSG00000274202",113
"ENSG00000274204",668
"ENSG00000274206",281
"ENSG00000274209",3621
"ENSG00000274210",165
"ENSG00000274211",9005
"ENSG00000274212",234
"ENSG00000274213",578
"ENSG00000274214",528
"ENSG00000274215",607
"ENSG00000274216",282
"ENSG00000274219",908
"ENSG00000274220",2557
"ENSG00000274225",1392
"ENSG00000274226",2077
"ENSG00000274227",627
"ENSG00000274228",136
"ENSG00000274230",109
"ENSG00000274231",243
"ENSG00000274234",259
"ENSG00000274235",766
"ENSG00000274238",514
"ENSG00000274242",387
"ENSG00000274244",607
"ENSG00000274248",1118
"ENSG00000274251",785
"ENSG00000274252",968
"ENSG00000274253",6793
"ENSG00000274256",247
"ENSG00000274258",89
"ENSG00000274259",1898
"ENSG00000274261",1288
"ENSG00000274263",59
"ENSG00000274265",16026
"ENSG00000274266",206
"ENSG00000274269",572
"ENSG00000274270",2649
"ENSG00000274272",4401
"ENSG00000274274",561
"ENSG00000274275",325
"ENSG00000274276",2495
"ENSG00000274279",4214
"ENSG00000274280",79
"ENSG00000274281",2127
"ENSG00000274282",842
"ENSG00000274284",102
"ENSG00000274286",3696
"ENSG00000274290",2585
"ENSG00000274292",3038
"ENSG00000274293",89
"ENSG00000274294",621
"ENSG00000274295",581
"ENSG00000274297",588
"ENSG00000274299",1059
"ENSG00000274300",70
"ENSG00000274303",298
"ENSG00000274306",79
"ENSG00000274308",814
"ENSG00000274309",132
"ENSG00000274310",619
"ENSG00000274314",69
"ENSG00000274315",503
"ENSG00000274316",995
"ENSG00000274317",6572
"ENSG00000274319",330
"ENSG00000274321",171
"ENSG00000274322",1375
"ENSG00000274326",261
"ENSG00000274328",389
"ENSG00000274330",2203
"ENSG00000274331",1708
"ENSG00000274333",14622
"ENSG00000274340",1549
"ENSG00000274341",297
"ENSG00000274342",181
"ENSG00000274343",2099
"ENSG00000274344",72
"ENSG00000274346",556
"ENSG00000274347",303
"ENSG00000274349",4834
"ENSG00000274350",223
"ENSG00000274351",1244
"ENSG00000274353",220
"ENSG00000274354",713
"ENSG00000274355",472
"ENSG00000274356",411
"ENSG00000274357",275
"ENSG00000274363",740
"ENSG00000274364",364
"ENSG00000274365",192
"ENSG00000274369",1115
"ENSG00000274370",611
"ENSG00000274372",4327
"ENSG00000274373",705
"ENSG00000274374",1165
"ENSG00000274376",4793
"ENSG00000274378",416
"ENSG00000274379",482
"ENSG00000274380",79
"ENSG00000274381",285
"ENSG00000274383",520
"ENSG00000274385",107
"ENSG00000274386",4398
"ENSG00000274387",604
"ENSG00000274390",66
"ENSG00000274391",2596
"ENSG00000274396",102
"ENSG00000274397",1016
"ENSG00000274398",1614
"ENSG00000274400",476
"ENSG00000274403",629
"ENSG00000274408",123
"ENSG00000274409",180
"ENSG00000274414",2335
"ENSG00000274415",668
"ENSG00000274417",57
"ENSG00000274419",2122
"ENSG00000274420",124
"ENSG00000274421",1246
"ENSG00000274422",3293
"ENSG00000274423",573
"ENSG00000274424",291
"ENSG00000274425",2813
"ENSG00000274427",239
"ENSG00000274428",160
"ENSG00000274430",135
"ENSG00000274432",191
"ENSG00000274441",396
"ENSG00000274443",684
"ENSG00000274445",241
"ENSG00000274446",129
"ENSG00000274447",837
"ENSG00000274450",117
"ENSG00000274451",319
"ENSG00000274452",191
"ENSG00000274455",745
"ENSG00000274458",128
"ENSG00000274459",279
"ENSG00000274460",2797
"ENSG00000274461",7534
"ENSG00000274466",116
"ENSG00000274467",116
"ENSG00000274468",298
"ENSG00000274469",2343
"ENSG00000274471",883
"ENSG00000274472",102
"ENSG00000274475",299
"ENSG00000274478",724
"ENSG00000274481",400
"ENSG00000274484",101
"ENSG00000274486",697
"ENSG00000274487",1479
"ENSG00000274489",608
"ENSG00000274491",112
"ENSG00000274492",2544
"ENSG00000274493",220
"ENSG00000274494",72
"ENSG00000274499",1090
"ENSG00000274500",99
"ENSG00000274501",306
"ENSG00000274502",204
"ENSG00000274503",315
"ENSG00000274505",283
"ENSG00000274507",297
"ENSG00000274508",557
"ENSG00000274510",282
"ENSG00000274512",3505
"ENSG00000274514",277
"ENSG00000274515",423
"ENSG00000274516",481
"ENSG00000274520",87
"ENSG00000274523",4196
"ENSG00000274525",246
"ENSG00000274528",866
"ENSG00000274529",1383
"ENSG00000274532",202
"ENSG00000274535",78
"ENSG00000274536",5146
"ENSG00000274541",303
"ENSG00000274544",75
"ENSG00000274547",196
"ENSG00000274549",410
"ENSG00000274551",290
"ENSG00000274552",59
"ENSG00000274553",2791
"ENSG00000274554",2685
"ENSG00000274559",460
"ENSG00000274560",449
"ENSG00000274561",446
"ENSG00000274562",555
"ENSG00000274565",1582
"ENSG00000274568",290
"ENSG00000274569",399
"ENSG00000274570",4254
"ENSG00000274572",118
"ENSG00000274576",358
"ENSG00000274578",471
"ENSG00000274579",123
"ENSG00000274582",137
"ENSG00000274583",469
"ENSG00000274584",309
"ENSG00000274585",191
"ENSG00000274588",7494
"ENSG00000274589",305
"ENSG00000274591",368
"ENSG00000274594",285
"ENSG00000274598",664
"ENSG00000274599",1269
"ENSG00000274600",5728
"ENSG00000274601",283
"ENSG00000274602",1703
"ENSG00000274603",109
"ENSG00000274605",3197
"ENSG00000274606",213
"ENSG00000274607",122
"ENSG00000274611",2077
"ENSG00000274612",564
"ENSG00000274614",582
"ENSG00000274615",1300
"ENSG00000274617",88
"ENSG00000274618",401
"ENSG00000274620",109
"ENSG00000274621",67
"ENSG00000274624",830
"ENSG00000274625",143
"ENSG00000274628",433
"ENSG00000274629",2456
"ENSG00000274630",156
"ENSG00000274631",121
"ENSG00000274632",237
"ENSG00000274637",339
"ENSG00000274640",67
"ENSG00000274641",467
"ENSG00000274642",853
"ENSG00000274647",112
"ENSG00000274649",469
"ENSG00000274653",512
"ENSG00000274654",749
"ENSG00000274655",68
"ENSG00000274656",291
"ENSG00000274658",1426
"ENSG00000274659",4471
"ENSG00000274660",315
"ENSG00000274662",284
"ENSG00000274663",87
"ENSG00000274664",511
"ENSG00000274666",439
"ENSG00000274667",680
"ENSG00000274670",240
"ENSG00000274677",612
"ENSG00000274678",547
"ENSG00000274680",1239
"ENSG00000274682",501
"ENSG00000274685",533
"ENSG00000274686",268
"ENSG00000274688",217
"ENSG00000274691",103
"ENSG00000274693",175
"ENSG00000274695",744
"ENSG00000274697",72
"ENSG00000274698",2036
"ENSG00000274701",298
"ENSG00000274702",274
"ENSG00000274704",268
"ENSG00000274705",68
"ENSG00000274709",142
"ENSG00000274711",264
"ENSG00000274712",570
"ENSG00000274713",79
"ENSG00000274716",82
"ENSG00000274717",1596
"ENSG00000274718",2990
"ENSG00000274719",420
"ENSG00000274721",121
"ENSG00000274723",1428
"ENSG00000274727",555
"ENSG00000274730",130
"ENSG00000274732",152
"ENSG00000274736",742
"ENSG00000274737",516
"ENSG00000274740",62
"ENSG00000274742",282
"ENSG00000274747",303
"ENSG00000274748",333
"ENSG00000274749",721
"ENSG00000274750",2679
"ENSG00000274751",3871
"ENSG00000274752",409
"ENSG00000274755",100
"ENSG00000274756",864
"ENSG00000274758",203
"ENSG00000274759",127
"ENSG00000274760",93
"ENSG00000274764",1947
"ENSG00000274765",435
"ENSG00000274766",6171
"ENSG00000274767",3446
"ENSG00000274769",1383
"ENSG00000274770",109
"ENSG00000274772",296
"ENSG00000274775",18351
"ENSG00000274776",2599
"ENSG00000274777",137
"ENSG00000274790",101
"ENSG00000274792",1343
"ENSG00000274797",433
"ENSG00000274798",502
"ENSG00000274799",282
"ENSG00000274800",616
"ENSG00000274805",72
"ENSG00000274808",2842
"ENSG00000274809",100
"ENSG00000274810",7789
"ENSG00000274813",190
"ENSG00000274814",208
"ENSG00000274816",64
"ENSG00000274817",177
"ENSG00000274818",455
"ENSG00000274819",268
"ENSG00000274820",403
"ENSG00000274822",86
"ENSG00000274823",514
"ENSG00000274824",54
"ENSG00000274825",638
"ENSG00000274827",6996
"ENSG00000274832",236
"ENSG00000274833",352
"ENSG00000274834",402
"ENSG00000274835",280
"ENSG00000274836",161
"ENSG00000274837",371
"ENSG00000274838",66
"ENSG00000274840",643
"ENSG00000274841",281
"ENSG00000274844",349
"ENSG00000274845",182
"ENSG00000274847",1599
"ENSG00000274848",273
"ENSG00000274849",449
"ENSG00000274852",261
"ENSG00000274855",106
"ENSG00000274859",910
"ENSG00000274860",282
"ENSG00000274862",191
"ENSG00000274863",3490
"ENSG00000274864",59
"ENSG00000274866",69
"ENSG00000274867",579
"ENSG00000274868",90
"ENSG00000274874",700
"ENSG00000274878",73
"ENSG00000274879",179
"ENSG00000274883",278
"ENSG00000274884",87
"ENSG00000274886",177
"ENSG00000274892",525
"ENSG00000274893",3825
"ENSG00000274895",2627
"ENSG00000274898",539
"ENSG00000274899",415
"ENSG00000274901",289
"ENSG00000274903",188
"ENSG00000274904",520
"ENSG00000274915",118
"ENSG00000274917",153
"ENSG00000274918",453
"ENSG00000274919",384
"ENSG00000274922",3360
"ENSG00000274923",209
"ENSG00000274925",3441
"ENSG00000274927",1232
"ENSG00000274928",1478
"ENSG00000274929",587
"ENSG00000274930",605
"ENSG00000274932",94
"ENSG00000274933",2305
"ENSG00000274934",167
"ENSG00000274937",1004
"ENSG00000274940",89
"ENSG00000274943",437
"ENSG00000274944",3251
"ENSG00000274954",293
"ENSG00000274962",1221
"ENSG00000274963",299
"ENSG00000274964",1357
"ENSG00000274966",478
"ENSG00000274967",112
"ENSG00000274969",60
"ENSG00000274970",986
"ENSG00000274973",366
"ENSG00000274975",73
"ENSG00000274976",426
"ENSG00000274977",482
"ENSG00000274978",134
"ENSG00000274979",5309
"ENSG00000274984",102
"ENSG00000274985",537
"ENSG00000274986",75
"ENSG00000274987",582
"ENSG00000274988",73
"ENSG00000274993",2555
"ENSG00000274994",82
"ENSG00000274995",707
"ENSG00000274996",774
"ENSG00000274997",457
"ENSG00000274998",133
"ENSG00000274999",69
"ENSG00000275001",182
"ENSG00000275002",155
"ENSG00000275004",5311
"ENSG00000275005",568
"ENSG00000275006",102
"ENSG00000275011",1305
"ENSG00000275012",130
"ENSG00000275014",280
"ENSG00000275015",244
"ENSG00000275016",8239
"ENSG00000275017",471
"ENSG00000275022",164
"ENSG00000275023",13576
"ENSG00000275024",534
"ENSG00000275025",440
"ENSG00000275026",1192
"ENSG00000275029",685
"ENSG00000275030",107
"ENSG00000275033",119
"ENSG00000275034",1970
"ENSG00000275036",93
"ENSG00000275038",3056
"ENSG00000275040",1626
"ENSG00000275041",284
"ENSG00000275043",69
"ENSG00000275046",163
"ENSG00000275048",367
"ENSG00000275052",8217
"ENSG00000275054",74
"ENSG00000275055",1420
"ENSG00000275056",1091
"ENSG00000275060",3800
"ENSG00000275061",233
"ENSG00000275063",351
"ENSG00000275064",1270
"ENSG00000275066",14243
"ENSG00000275067",66
"ENSG00000275068",106
"ENSG00000275069",121
"ENSG00000275070",293
"ENSG00000275071",160
"ENSG00000275072",70
"ENSG00000275074",2880
"ENSG00000275075",99
"ENSG00000275078",271
"ENSG00000275084",222
"ENSG00000275088",3306
"ENSG00000275090",299
"ENSG00000275091",352
"ENSG00000275092",722
"ENSG00000275094",484
"ENSG00000275097",474
"ENSG00000275101",72
"ENSG00000275103",361
"ENSG00000275106",790
"ENSG00000275107",69
"ENSG00000275108",63
"ENSG00000275109",61
"ENSG00000275110",49
"ENSG00000275111",3996
"ENSG00000275113",403
"ENSG00000275115",261
"ENSG00000275119",512
"ENSG00000275120",5750
"ENSG00000275121",113
"ENSG00000275126",387
"ENSG00000275127",92
"ENSG00000275128",296
"ENSG00000275129",109
"ENSG00000275130",126
"ENSG00000275131",8022
"ENSG00000275132",299
"ENSG00000275134",122
"ENSG00000275138",239
"ENSG00000275139",3955
"ENSG00000275140",576
"ENSG00000275141",67
"ENSG00000275143",187
"ENSG00000275144",868
"ENSG00000275146",80
"ENSG00000275152",1745
"ENSG00000275154",216
"ENSG00000275155",615
"ENSG00000275157",122
"ENSG00000275158",411
"ENSG00000275160",589
"ENSG00000275161",204
"ENSG00000275162",341
"ENSG00000275163",1391
"ENSG00000275166",70
"ENSG00000275167",61
"ENSG00000275170",856
"ENSG00000275173",916
"ENSG00000275174",107
"ENSG00000275178",1628
"ENSG00000275180",2311
"ENSG00000275183",2047
"ENSG00000275185",542
"ENSG00000275186",568
"ENSG00000275191",561
"ENSG00000275194",330
"ENSG00000275197",563
"ENSG00000275198",5497
"ENSG00000275201",208
"ENSG00000275202",1101
"ENSG00000275206",171
"ENSG00000275207",113
"ENSG00000275208",127
"ENSG00000275210",1734
"ENSG00000275212",6425
"ENSG00000275213",290
"ENSG00000275215",153
"ENSG00000275219",191
"ENSG00000275221",2868
"ENSG00000275222",252
"ENSG00000275223",723
"ENSG00000275226",3314
"ENSG00000275227",181
"ENSG00000275228",531
"ENSG00000275229",146
"ENSG00000275230",284
"ENSG00000275231",107
"ENSG00000275234",688
"ENSG00000275236",1460
"ENSG00000275238",70
"ENSG00000275239",1820
"ENSG00000275243",347
"ENSG00000275248",552
"ENSG00000275249",1084
"ENSG00000275250",329
"ENSG00000275254",147
"ENSG00000275256",196
"ENSG00000275259",67
"ENSG00000275263",328
"ENSG00000275265",455
"ENSG00000275266",71
"ENSG00000275268",61
"ENSG00000275273",68
"ENSG00000275278",544
"ENSG00000275280",385
"ENSG00000275285",378
"ENSG00000275286",543
"ENSG00000275287",290
"ENSG00000275291",162
"ENSG00000275293",320
"ENSG00000275295",637
"ENSG00000275296",406
"ENSG00000275297",10265
"ENSG00000275302",1795
"ENSG00000275305",119
"ENSG00000275307",181
"ENSG00000275310",249
"ENSG00000275312",217
"ENSG00000275314",559
"ENSG00000275315",124
"ENSG00000275318",734
"ENSG00000275319",316
"ENSG00000275320",572
"ENSG00000275322",1899
"ENSG00000275325",1064
"ENSG00000275327",290
"ENSG00000275328",713
"ENSG00000275329",4288
"ENSG00000275332",433
"ENSG00000275334",55
"ENSG00000275335",86
"ENSG00000275337",299
"ENSG00000275339",255
"ENSG00000275340",2498
"ENSG00000275342",4845
"ENSG00000275343",324
"ENSG00000275344",86
"ENSG00000275345",413
"ENSG00000275348",240
"ENSG00000275350",585
"ENSG00000275352",292
"ENSG00000275355",265
"ENSG00000275356",548
"ENSG00000275358",756
"ENSG00000275359",116
"ENSG00000275360",58
"ENSG00000275361",162
"ENSG00000275362",320
"ENSG00000275363",1406
"ENSG00000275367",3358
"ENSG00000275371",1061
"ENSG00000275372",128
"ENSG00000275373",85
"ENSG00000275374",747
"ENSG00000275377",83
"ENSG00000275379",502
"ENSG00000275381",425
"ENSG00000275383",3043
"ENSG00000275385",1405
"ENSG00000275386",106
"ENSG00000275387",121
"ENSG00000275389",2838
"ENSG00000275390",507
"ENSG00000275391",60
"ENSG00000275392",477
"ENSG00000275393",788
"ENSG00000275395",12961
"ENSG00000275400",395
"ENSG00000275401",720
"ENSG00000275405",164
"ENSG00000275406",540
"ENSG00000275409",553
"ENSG00000275410",5774
"ENSG00000275411",66
"ENSG00000275413",331
"ENSG00000275414",179
"ENSG00000275417",341
"ENSG00000275418",1373
"ENSG00000275419",189
"ENSG00000275423",902
"ENSG00000275426",580
"ENSG00000275427",3049
"ENSG00000275429",70
"ENSG00000275431",3952
"ENSG00000275432",203
"ENSG00000275437",3700
"ENSG00000275438",541
"ENSG00000275441",717
"ENSG00000275443",8717
"ENSG00000275445",583
"ENSG00000275448",198
"ENSG00000275449",68
"ENSG00000275450",3803
"ENSG00000275451",110
"ENSG00000275453",70
"ENSG00000275454",1217
"ENSG00000275455",82
"ENSG00000275457",1161
"ENSG00000275458",116
"ENSG00000275460",260
"ENSG00000275461",221
"ENSG00000275464",3188
"ENSG00000275465",6020
"ENSG00000275467",455
"ENSG00000275468",929
"ENSG00000275469",109
"ENSG00000275475",353
"ENSG00000275476",486
"ENSG00000275479",3540
"ENSG00000275480",248
"ENSG00000275481",3271
"ENSG00000275484",517
"ENSG00000275485",500
"ENSG00000275488",807
"ENSG00000275489",617
"ENSG00000275490",104
"ENSG00000275491",1408
"ENSG00000275493",342
"ENSG00000275494",600
"ENSG00000275496",9792
"ENSG00000275497",748
"ENSG00000275502",204
"ENSG00000275503",236
"ENSG00000275504",64
"ENSG00000275506",362
"ENSG00000275508",1197
"ENSG00000275512",2533
"ENSG00000275515",186
"ENSG00000275516",939
"ENSG00000275518",80
"ENSG00000275519",68
"ENSG00000275520",465
"ENSG00000275523",60
"ENSG00000275524",82
"ENSG00000275527",2584
"ENSG00000275529",96
"ENSG00000275532",2085
"ENSG00000275538",167
"ENSG00000275540",1440
"ENSG00000275547",369
"ENSG00000275549",1701
"ENSG00000275550",159
"ENSG00000275552",2671
"ENSG00000275553",1218
"ENSG00000275558",289
"ENSG00000275559",136
"ENSG00000275562",618
"ENSG00000275563",2086
"ENSG00000275567",205
"ENSG00000275569",557
"ENSG00000275572",1001
"ENSG00000275576",459
"ENSG00000275578",398
"ENSG00000275580",647
"ENSG00000275582",669
"ENSG00000275585",997
"ENSG00000275586",269
"ENSG00000275588",298
"ENSG00000275589",69
"ENSG00000275591",4911
"ENSG00000275592",903
"ENSG00000275597",601
"ENSG00000275598",1252
"ENSG00000275601",635
"ENSG00000275607",309
"ENSG00000275609",210
"ENSG00000275610",1269
"ENSG00000275612",443
"ENSG00000275613",6756
"ENSG00000275616",191
"ENSG00000275620",7638
"ENSG00000275625",147
"ENSG00000275628",394
"ENSG00000275630",1061
"ENSG00000275631",176
"ENSG00000275632",524
"ENSG00000275634",250
"ENSG00000275635",60
"ENSG00000275638",466
"ENSG00000275640",63
"ENSG00000275642",281
"ENSG00000275643",867
"ENSG00000275645",418
"ENSG00000275646",131
"ENSG00000275647",329
"ENSG00000275649",2840
"ENSG00000275651",67
"ENSG00000275652",62
"ENSG00000275654",256
"ENSG00000275655",288
"ENSG00000275656",88
"ENSG00000275661",116
"ENSG00000275662",77
"ENSG00000275663",386
"ENSG00000275664",90
"ENSG00000275665",1425
"ENSG00000275666",464
"ENSG00000275667",113
"ENSG00000275669",66
"ENSG00000275670",83
"ENSG00000275672",1651
"ENSG00000275674",518
"ENSG00000275675",246
"ENSG00000275676",1126
"ENSG00000275678",2352
"ENSG00000275680",329
"ENSG00000275681",168
"ENSG00000275688",1047
"ENSG00000275689",126
"ENSG00000275691",182
"ENSG00000275692",92
"ENSG00000275693",170
"ENSG00000275695",153
"ENSG00000275696",276
"ENSG00000275700",12155
"ENSG00000275703",461
"ENSG00000275708",180
"ENSG00000275709",548
"ENSG00000275710",206
"ENSG00000275711",68
"ENSG00000275713",462
"ENSG00000275714",508
"ENSG00000275716",458
"ENSG00000275718",1075
"ENSG00000275719",1229
"ENSG00000275720",630
"ENSG00000275722",1140
"ENSG00000275725",150
"ENSG00000275726",51
"ENSG00000275728",365
"ENSG00000275733",165
"ENSG00000275734",3077
"ENSG00000275740",3311
"ENSG00000275741",1596
"ENSG00000275743",406
"ENSG00000275745",111
"ENSG00000275747",341
"ENSG00000275756",1027
"ENSG00000275757",153
"ENSG00000275759",590
"ENSG00000275763",2076
"ENSG00000275764",1861
"ENSG00000275765",1803
"ENSG00000275767",1861
"ENSG00000275768",909
"ENSG00000275769",417
"ENSG00000275770",71
"ENSG00000275771",880
"ENSG00000275772",1006
"ENSG00000275773",315
"ENSG00000275774",1156
"ENSG00000275776",249
"ENSG00000275778",1622
"ENSG00000275785",288
"ENSG00000275787",333
"ENSG00000275788",250
"ENSG00000275789",90
"ENSG00000275791",368
"ENSG00000275793",6105
"ENSG00000275799",449
"ENSG00000275800",1035
"ENSG00000275801",523
"ENSG00000275803",269
"ENSG00000275805",1678
"ENSG00000275807",2243
"ENSG00000275808",282
"ENSG00000275810",81
"ENSG00000275811",888
"ENSG00000275812",328
"ENSG00000275816",86
"ENSG00000275818",65
"ENSG00000275823",73
"ENSG00000275826",1799
"ENSG00000275827",169
"ENSG00000275828",254
"ENSG00000275830",10943
"ENSG00000275832",8080
"ENSG00000275833",238
"ENSG00000275834",65
"ENSG00000275835",6376
"ENSG00000275836",60
"ENSG00000275839",443
"ENSG00000275840",318
"ENSG00000275842",72
"ENSG00000275846",3932
"ENSG00000275850",2400
"ENSG00000275852",948
"ENSG00000275853",304
"ENSG00000275854",731
"ENSG00000275856",76
"ENSG00000275857",1074
"ENSG00000275859",98
"ENSG00000275860",421
"ENSG00000275862",600
"ENSG00000275863",68
"ENSG00000275866",385
"ENSG00000275868",86
"ENSG00000275869",1426
"ENSG00000275871",422
"ENSG00000275874",1729
"ENSG00000275875",345
"ENSG00000275877",152
"ENSG00000275878",291
"ENSG00000275880",3272
"ENSG00000275881",274
"ENSG00000275882",1073
"ENSG00000275888",629
"ENSG00000275894",709
"ENSG00000275895",945
"ENSG00000275896",1259
"ENSG00000275897",2573
"ENSG00000275898",2699
"ENSG00000275900",214
"ENSG00000275901",254
"ENSG00000275902",690
"ENSG00000275904",112
"ENSG00000275905",605
"ENSG00000275906",656
"ENSG00000275908",95
"ENSG00000275909",282
"ENSG00000275910",563
"ENSG00000275915",108
"ENSG00000275919",264
"ENSG00000275923",310
"ENSG00000275924",92
"ENSG00000275927",556
"ENSG00000275928",1927
"ENSG00000275929",363
"ENSG00000275930",102
"ENSG00000275933",250
"ENSG00000275936",678
"ENSG00000275939",166
"ENSG00000275940",176
"ENSG00000275942",85
"ENSG00000275944",1919
"ENSG00000275945",806
"ENSG00000275948",58
"ENSG00000275950",92
"ENSG00000275953",1087
"ENSG00000275954",2117
"ENSG00000275956",1321
"ENSG00000275958",191
"ENSG00000275959",1597
"ENSG00000275961",288
"ENSG00000275963",775
"ENSG00000275964",2544
"ENSG00000275965",361
"ENSG00000275967",62
"ENSG00000275968",201
"ENSG00000275969",4223
"ENSG00000275971",203
"ENSG00000275975",303
"ENSG00000275976",3141
"ENSG00000275978",315
"ENSG00000275980",594
"ENSG00000275981",353
"ENSG00000275982",94
"ENSG00000275987",144
"ENSG00000275989",183
"ENSG00000275992",223
"ENSG00000275993",4747
"ENSG00000275994",131
"ENSG00000275995",545
"ENSG00000275996",72
"ENSG00000275997",210
"ENSG00000276002",280
"ENSG00000276003",108
"ENSG00000276006",912
"ENSG00000276007",1090
"ENSG00000276012",429
"ENSG00000276014",298
"ENSG00000276015",226
"ENSG00000276017",2404
"ENSG00000276019",240
"ENSG00000276023",2439
"ENSG00000276027",150
"ENSG00000276029",81
"ENSG00000276030",381
"ENSG00000276031",299
"ENSG00000276036",119
"ENSG00000276039",78
"ENSG00000276040",4956
"ENSG00000276043",5145
"ENSG00000276045",2844
"ENSG00000276046",1267
"ENSG00000276047",299
"ENSG00000276048",271
"ENSG00000276050",311
"ENSG00000276054",735
"ENSG00000276055",79
"ENSG00000276057",87
"ENSG00000276058",440
"ENSG00000276063",494
"ENSG00000276064",98
"ENSG00000276067",1067
"ENSG00000276070",1397
"ENSG00000276071",1303
"ENSG00000276074",232
"ENSG00000276076",2504
"ENSG00000276077",10050
"ENSG00000276081",60
"ENSG00000276083",66
"ENSG00000276085",1469
"ENSG00000276087",2400
"ENSG00000276088",303
"ENSG00000276089",190
"ENSG00000276092",479
"ENSG00000276093",513
"ENSG00000276094",95
"ENSG00000276095",2973
"ENSG00000276096",296
"ENSG00000276097",578
"ENSG00000276098",500
"ENSG00000276100",293
"ENSG00000276101",610
"ENSG00000276102",61
"ENSG00000276103",117
"ENSG00000276105",196
"ENSG00000276107",733
"ENSG00000276109",560
"ENSG00000276110",3496
"ENSG00000276115",1796
"ENSG00000276116",1667
"ENSG00000276118",96
"ENSG00000276119",957
"ENSG00000276121",526
"ENSG00000276122",2076
"ENSG00000276123",300
"ENSG00000276124",67
"ENSG00000276127",1231
"ENSG00000276128",1189
"ENSG00000276131",655
"ENSG00000276136",848
"ENSG00000276137",108
"ENSG00000276138",107
"ENSG00000276140",79
"ENSG00000276141",1609
"ENSG00000276147",107
"ENSG00000276148",413
"ENSG00000276149",370
"ENSG00000276150",157
"ENSG00000276156",239
"ENSG00000276158",69
"ENSG00000276160",998
"ENSG00000276161",130
"ENSG00000276162",80
"ENSG00000276164",1269
"ENSG00000276166",667
"ENSG00000276168",299
"ENSG00000276169",56
"ENSG00000276170",2437
"ENSG00000276172",794
"ENSG00000276174",326
"ENSG00000276176",60
"ENSG00000276178",102
"ENSG00000276179",218
"ENSG00000276180",1359
"ENSG00000276181",68
"ENSG00000276183",107
"ENSG00000276185",182
"ENSG00000276188",412
"ENSG00000276189",161
"ENSG00000276193",282
"ENSG00000276197",90
"ENSG00000276200",299
"ENSG00000276202",259
"ENSG00000276203",4230
"ENSG00000276204",1198
"ENSG00000276205",241
"ENSG00000276206",93
"ENSG00000276208",262
"ENSG00000276210",1078
"ENSG00000276213",279
"ENSG00000276214",691
"ENSG00000276216",1849
"ENSG00000276221",69
"ENSG00000276223",560
"ENSG00000276225",97
"ENSG00000276229",75
"ENSG00000276231",3565
"ENSG00000276232",248
"ENSG00000276233",131
"ENSG00000276234",5637
"ENSG00000276240",3796
"ENSG00000276241",3841
"ENSG00000276248",3362
"ENSG00000276255",2642
"ENSG00000276256",2195
"ENSG00000276257",228
"ENSG00000276259",873
"ENSG00000276261",509
"ENSG00000276266",1907
"ENSG00000276270",69
"ENSG00000276272",1247
"ENSG00000276277",78
"ENSG00000276281",299
"ENSG00000276282",666
"ENSG00000276289",3195
"ENSG00000276290",1283
"ENSG00000276291",757
"ENSG00000276292",213
"ENSG00000276293",5784
"ENSG00000276294",178
"ENSG00000276298",324
"ENSG00000276302",557
"ENSG00000276304",107
"ENSG00000276308",1749
"ENSG00000276309",314
"ENSG00000276311",67
"ENSG00000276312",90
"ENSG00000276314",75
"ENSG00000276316",848
"ENSG00000276317",614
"ENSG00000276318",584
"ENSG00000276319",72
"ENSG00000276326",69
"ENSG00000276332",717
"ENSG00000276334",1621
"ENSG00000276337",4001
"ENSG00000276345",740
"ENSG00000276350",67
"ENSG00000276351",69
"ENSG00000276352",66
"ENSG00000276353",279
"ENSG00000276359",284
"ENSG00000276362",438
"ENSG00000276365",88
"ENSG00000276366",228
"ENSG00000276368",476
"ENSG00000276375",2055
"ENSG00000276376",63
"ENSG00000276380",1185
"ENSG00000276384",626
"ENSG00000276385",498
"ENSG00000276386",3861
"ENSG00000276388",128
"ENSG00000276390",517
"ENSG00000276391",831
"ENSG00000276393",517
"ENSG00000276396",292
"ENSG00000276398",193
"ENSG00000276399",8152
"ENSG00000276400",867
"ENSG00000276403",1294
"ENSG00000276404",64
"ENSG00000276405",374
"ENSG00000276406",122
"ENSG00000276407",3583
"ENSG00000276408",668
"ENSG00000276409",3272
"ENSG00000276410",943
"ENSG00000276411",596
"ENSG00000276412",4747
"ENSG00000276413",211
"ENSG00000276417",1414
"ENSG00000276418",1527
"ENSG00000276422",1913
"ENSG00000276426",95
"ENSG00000276427",133
"ENSG00000276428",358
"ENSG00000276430",352
"ENSG00000276431",211
"ENSG00000276434",509
"ENSG00000276436",422
"ENSG00000276442",110
"ENSG00000276445",584
"ENSG00000276449",3323
"ENSG00000276454",444
"ENSG00000276457",1369
"ENSG00000276460",800
"ENSG00000276462",4824
"ENSG00000276467",2623
"ENSG00000276470",173
"ENSG00000276473",426
"ENSG00000276474",597
"ENSG00000276475",535
"ENSG00000276476",8469
"ENSG00000276478",745
"ENSG00000276479",95
"ENSG00000276484",267
"ENSG00000276486",441
"ENSG00000276487",2117
"ENSG00000276488",608
"ENSG00000276489",67
"ENSG00000276490",2395
"ENSG00000276493",291
"ENSG00000276494",116
"ENSG00000276496",98
"ENSG00000276500",606
"ENSG00000276502",371
"ENSG00000276505",324
"ENSG00000276507",403
"ENSG00000276508",376
"ENSG00000276509",5642
"ENSG00000276514",179
"ENSG00000276517",3004
"ENSG00000276519",354
"ENSG00000276520",440
"ENSG00000276521",372
"ENSG00000276522",261
"ENSG00000276523",501
"ENSG00000276524",677
"ENSG00000276525",252
"ENSG00000276527",1657
"ENSG00000276528",125
"ENSG00000276529",443
"ENSG00000276530",121
"ENSG00000276531",568
"ENSG00000276532",303
"ENSG00000276533",498
"ENSG00000276535",1000
"ENSG00000276538",246
"ENSG00000276540",1290
"ENSG00000276542",872
"ENSG00000276544",329
"ENSG00000276545",2297
"ENSG00000276546",101
"ENSG00000276547",4887
"ENSG00000276548",110
"ENSG00000276550",5181
"ENSG00000276556",311
"ENSG00000276557",428
"ENSG00000276562",284
"ENSG00000276563",217
"ENSG00000276564",2403
"ENSG00000276566",376
"ENSG00000276568",285
"ENSG00000276569",1693
"ENSG00000276570",3061
"ENSG00000276571",394
"ENSG00000276573",223
"ENSG00000276575",78
"ENSG00000276576",468
"ENSG00000276577",110
"ENSG00000276578",607
"ENSG00000276580",97
"ENSG00000276581",4226
"ENSG00000276584",70
"ENSG00000276586",272
"ENSG00000276588",299
"ENSG00000276592",786
"ENSG00000276593",550
"ENSG00000276596",191
"ENSG00000276597",392
"ENSG00000276598",69
"ENSG00000276599",114
"ENSG00000276600",3686
"ENSG00000276601",286
"ENSG00000276603",419
"ENSG00000276605",951
"ENSG00000276609",57
"ENSG00000276610",67
"ENSG00000276620",274
"ENSG00000276622",62
"ENSG00000276623",547
"ENSG00000276626",244
"ENSG00000276627",5764
"ENSG00000276632",470
"ENSG00000276633",2492
"ENSG00000276637",573
"ENSG00000276638",558
"ENSG00000276639",73
"ENSG00000276641",73
"ENSG00000276642",118
"ENSG00000276643",72
"ENSG00000276644",5678
"ENSG00000276645",345
"ENSG00000276647",272
"ENSG00000276650",211
"ENSG00000276651",2347
"ENSG00000276653",298
"ENSG00000276656",106
"ENSG00000276662",716
"ENSG00000276663",565
"ENSG00000276664",145
"ENSG00000276667",174
"ENSG00000276668",427
"ENSG00000276669",283
"ENSG00000276670",201
"ENSG00000276672",4636
"ENSG00000276673",175
"ENSG00000276674",347
"ENSG00000276675",112
"ENSG00000276678",70
"ENSG00000276680",238
"ENSG00000276685",89
"ENSG00000276687",2247
"ENSG00000276688",313
"ENSG00000276689",407
"ENSG00000276690",276
"ENSG00000276691",546
"ENSG00000276693",221
"ENSG00000276696",130
"ENSG00000276698",658
"ENSG00000276699",58
"ENSG00000276700",153
"ENSG00000276702",641
"ENSG00000276703",78
"ENSG00000276704",363
"ENSG00000276706",203
"ENSG00000276707",544
"ENSG00000276710",4817
"ENSG00000276711",113
"ENSG00000276712",72
"ENSG00000276713",266
"ENSG00000276715",312
"ENSG00000276717",968
"ENSG00000276718",599
"ENSG00000276721",106
"ENSG00000276722",114
"ENSG00000276723",112
"ENSG00000276724",701
"ENSG00000276727",705
"ENSG00000276728",1928
"ENSG00000276729",302
"ENSG00000276730",77
"ENSG00000276733",71
"ENSG00000276735",314
"ENSG00000276738",211
"ENSG00000276740",691
"ENSG00000276742",317
"ENSG00000276744",984
"ENSG00000276746",251
"ENSG00000276747",2396
"ENSG00000276753",74
"ENSG00000276754",383
"ENSG00000276755",108
"ENSG00000276756",1197
"ENSG00000276757",299
"ENSG00000276758",59
"ENSG00000276759",2320
"ENSG00000276760",2627
"ENSG00000276763",382
"ENSG00000276764",267
"ENSG00000276765",72
"ENSG00000276768",465
"ENSG00000276769",71
"ENSG00000276770",79
"ENSG00000276771",215
"ENSG00000276772",1726
"ENSG00000276775",417
"ENSG00000276778",7095
"ENSG00000276782",285
"ENSG00000276784",69
"ENSG00000276786",977
"ENSG00000276788",75
"ENSG00000276789",778
"ENSG00000276791",3250
"ENSG00000276800",317
"ENSG00000276805",349
"ENSG00000276807",1980
"ENSG00000276809",1040
"ENSG00000276810",524
"ENSG00000276819",421
"ENSG00000276822",108
"ENSG00000276823",327
"ENSG00000276824",66
"ENSG00000276828",640
"ENSG00000276829",452
"ENSG00000276830",67
"ENSG00000276831",1873
"ENSG00000276832",581
"ENSG00000276835",109
"ENSG00000276839",269
"ENSG00000276840",612
"ENSG00000276841",171
"ENSG00000276842",746
"ENSG00000276844",71
"ENSG00000276845",219
"ENSG00000276846",753
"ENSG00000276850",9064
"ENSG00000276851",583
"ENSG00000276853",656
"ENSG00000276855",690
"ENSG00000276857",79
"ENSG00000276859",103
"ENSG00000276861",110
"ENSG00000276863",526
"ENSG00000276866",60
"ENSG00000276868",130
"ENSG00000276869",65
"ENSG00000276871",151
"ENSG00000276872",921
"ENSG00000276873",99
"ENSG00000276874",375
"ENSG00000276878",107
"ENSG00000276884",136
"ENSG00000276888",2566
"ENSG00000276890",283
"ENSG00000276891",290
"ENSG00000276892",108
"ENSG00000276894",665
"ENSG00000276897",180
"ENSG00000276898",800
"ENSG00000276900",2088
"ENSG00000276902",101
"ENSG00000276903",482
"ENSG00000276904",1267
"ENSG00000276908",65
"ENSG00000276915",430
"ENSG00000276916",418
"ENSG00000276917",89
"ENSG00000276918",298
"ENSG00000276919",105
"ENSG00000276923",320
"ENSG00000276925",211
"ENSG00000276926",72
"ENSG00000276928",226
"ENSG00000276929",943
"ENSG00000276931",638
"ENSG00000276932",101
"ENSG00000276934",483
"ENSG00000276940",305
"ENSG00000276941",94
"ENSG00000276945",531
"ENSG00000276949",283
"ENSG00000276950",2028
"ENSG00000276951",332
"ENSG00000276952",674
"ENSG00000276953",406
"ENSG00000276955",290
"ENSG00000276956",295
"ENSG00000276957",2319
"ENSG00000276958",138
"ENSG00000276960",157
"ENSG00000276961",101
"ENSG00000276963",657
"ENSG00000276964",1269
"ENSG00000276965",237
"ENSG00000276966",412
"ENSG00000276968",434
"ENSG00000276972",2653
"ENSG00000276975",14154
"ENSG00000276980",1357
"ENSG00000276984",301
"ENSG00000276988",252
"ENSG00000276991",377
"ENSG00000276992",153
"ENSG00000276993",541
"ENSG00000276997",1588
"ENSG00000276998",2069
"ENSG00000277000",516
"ENSG00000277001",282
"ENSG00000277003",107
"ENSG00000277004",123
"ENSG00000277007",2614
"ENSG00000277008",1221
"ENSG00000277009",1216
"ENSG00000277011",1793
"ENSG00000277013",2042
"ENSG00000277014",84
"ENSG00000277017",1079
"ENSG00000277020",2747
"ENSG00000277022",1794
"ENSG00000277024",325
"ENSG00000277027",264
"ENSG00000277029",107
"ENSG00000277030",65
"ENSG00000277031",291
"ENSG00000277034",128
"ENSG00000277035",178
"ENSG00000277039",316
"ENSG00000277040",437
"ENSG00000277041",107
"ENSG00000277043",1331
"ENSG00000277047",5137
"ENSG00000277049",118
"ENSG00000277051",311
"ENSG00000277052",65
"ENSG00000277053",2047
"ENSG00000277056",248
"ENSG00000277057",64
"ENSG00000277058",1897
"ENSG00000277062",299
"ENSG00000277063",89
"ENSG00000277066",90
"ENSG00000277067",9506
"ENSG00000277072",1017
"ENSG00000277073",109
"ENSG00000277075",1595
"ENSG00000277081",154
"ENSG00000277083",682
"ENSG00000277084",192
"ENSG00000277087",516
"ENSG00000277089",1855
"ENSG00000277095",1807
"ENSG00000277096",281
"ENSG00000277099",822
"ENSG00000277103",801
"ENSG00000277108",72
"ENSG00000277109",232
"ENSG00000277112",3588
"ENSG00000277117",3237
"ENSG00000277118",286
"ENSG00000277119",275
"ENSG00000277120",64
"ENSG00000277124",207
"ENSG00000277125",699
"ENSG00000277127",312
"ENSG00000277128",7344
"ENSG00000277129",151
"ENSG00000277130",682
"ENSG00000277133",90
"ENSG00000277135",981
"ENSG00000277136",291
"ENSG00000277138",85
"ENSG00000277141",297
"ENSG00000277142",2253
"ENSG00000277143",348
"ENSG00000277144",543
"ENSG00000277146",111
"ENSG00000277147",870
"ENSG00000277149",3262
"ENSG00000277150",1707
"ENSG00000277151",5305
"ENSG00000277152",6721
"ENSG00000277156",1050
"ENSG00000277157",403
"ENSG00000277159",3590
"ENSG00000277161",2832
"ENSG00000277162",682
"ENSG00000277168",273
"ENSG00000277170",479
"ENSG00000277171",978
"ENSG00000277172",975
"ENSG00000277173",1120
"ENSG00000277174",1070
"ENSG00000277182",2499
"ENSG00000277184",133
"ENSG00000277186",1512
"ENSG00000277188",133
"ENSG00000277191",107
"ENSG00000277194",126
"ENSG00000277196",2405
"ENSG00000277198",281
"ENSG00000277199",1190
"ENSG00000277200",4643
"ENSG00000277202",81
"ENSG00000277206",186
"ENSG00000277209",333
"ENSG00000277210",2143
"ENSG00000277211",2744
"ENSG00000277213",481
"ENSG00000277214",606
"ENSG00000277215",7819
"ENSG00000277217",147
"ENSG00000277218",430
"ENSG00000277223",446
"ENSG00000277224",473
"ENSG00000277227",225
"ENSG00000277228",1279
"ENSG00000277229",656
"ENSG00000277232",1518
"ENSG00000277233",286
"ENSG00000277234",144
"ENSG00000277235",321
"ENSG00000277241",727
"ENSG00000277243",75
"ENSG00000277245",578
"ENSG00000277246",415
"ENSG00000277247",472
"ENSG00000277248",113
"ENSG00000277249",67
"ENSG00000277250",341
"ENSG00000277252",117
"ENSG00000277253",2813
"ENSG00000277255",65
"ENSG00000277258",3510
"ENSG00000277260",727
"ENSG00000277264",61
"ENSG00000277265",298
"ENSG00000277268",5440
"ENSG00000277269",140
"ENSG00000277270",4748
"ENSG00000277274",1269
"ENSG00000277277",961
"ENSG00000277282",353
"ENSG00000277283",2097
"ENSG00000277287",5687
"ENSG00000277288",2208
"ENSG00000277289",343
"ENSG00000277290",385
"ENSG00000277295",223
"ENSG00000277297",1603
"ENSG00000277299",641
"ENSG00000277301",1771
"ENSG00000277304",1765
"ENSG00000277306",187
"ENSG00000277308",268
"ENSG00000277310",426
"ENSG00000277311",217
"ENSG00000277313",250
"ENSG00000277315",288
"ENSG00000277319",286
"ENSG00000277320",409
"ENSG00000277322",4013
"ENSG00000277324",2214
"ENSG00000277327",632
"ENSG00000277332",5250
"ENSG00000277340",298
"ENSG00000277341",107
"ENSG00000277342",527
"ENSG00000277344",144
"ENSG00000277349",1804
"ENSG00000277350",4304
"ENSG00000277351",615
"ENSG00000277357",823
"ENSG00000277358",129
"ENSG00000277363",11665
"ENSG00000277367",1341
"ENSG00000277368",996
"ENSG00000277369",1741
"ENSG00000277370",71
"ENSG00000277371",282
"ENSG00000277373",351
"ENSG00000277374",176
"ENSG00000277379",92
"ENSG00000277382",566
"ENSG00000277383",837
"ENSG00000277385",262
"ENSG00000277386",501
"ENSG00000277387",89
"ENSG00000277388",75
"ENSG00000277391",76
"ENSG00000277396",262
"ENSG00000277397",718
"ENSG00000277399",9247
"ENSG00000277400",2179
"ENSG00000277402",93
"ENSG00000277406",463
"ENSG00000277408",314
"ENSG00000277410",333
"ENSG00000277411",106
"ENSG00000277412",1988
"ENSG00000277413",164
"ENSG00000277418",102
"ENSG00000277422",1515
"ENSG00000277425",609
"ENSG00000277426",209
"ENSG00000277428",101
"ENSG00000277435",705
"ENSG00000277436",2098
"ENSG00000277437",61
"ENSG00000277438",298
"ENSG00000277440",582
"ENSG00000277443",4296
"ENSG00000277444",78
"ENSG00000277446",294
"ENSG00000277447",319
"ENSG00000277448",2802
"ENSG00000277449",2853
"ENSG00000277450",307
"ENSG00000277452",299
"ENSG00000277453",588
"ENSG00000277455",265
"ENSG00000277458",109
"ENSG00000277459",631
"ENSG00000277460",162
"ENSG00000277462",4197
"ENSG00000277463",423
"ENSG00000277464",291
"ENSG00000277465",120
"ENSG00000277466",67
"ENSG00000277467",237
"ENSG00000277468",137
"ENSG00000277469",337
"ENSG00000277473",277
"ENSG00000277474",57
"ENSG00000277475",831
"ENSG00000277476",2735
"ENSG00000277478",84
"ENSG00000277479",228
"ENSG00000277481",5623
"ENSG00000277482",224
"ENSG00000277483",299
"ENSG00000277486",1635
"ENSG00000277488",87
"ENSG00000277490",487
"ENSG00000277491",489
"ENSG00000277492",217
"ENSG00000277493",175
"ENSG00000277494",2257
"ENSG00000277496",1807
"ENSG00000277498",2034
"ENSG00000277499",1594
"ENSG00000277500",241
"ENSG00000277502",182
"ENSG00000277504",533
"ENSG00000277505",668
"ENSG00000277506",299
"ENSG00000277508",364
"ENSG00000277509",437
"ENSG00000277510",256
"ENSG00000277511",9883
"ENSG00000277512",73
"ENSG00000277513",412
"ENSG00000277514",682
"ENSG00000277515",237
"ENSG00000277516",333
"ENSG00000277519",318
"ENSG00000277521",84
"ENSG00000277524",124
"ENSG00000277526",2214
"ENSG00000277527",2514
"ENSG00000277529",742
"ENSG00000277531",4240
"ENSG00000277532",421
"ENSG00000277533",75
"ENSG00000277534",2821
"ENSG00000277535",1772
"ENSG00000277541",397
"ENSG00000277542",81
"ENSG00000277543",467
"ENSG00000277544",955
"ENSG00000277545",593
"ENSG00000277548",406
"ENSG00000277549",176
"ENSG00000277550",1438
"ENSG00000277553",165
"ENSG00000277556",957
"ENSG00000277558",583
"ENSG00000277561",2100
"ENSG00000277562",676
"ENSG00000277563",88
"ENSG00000277565",58
"ENSG00000277566",577
"ENSG00000277568",156
"ENSG00000277569",109
"ENSG00000277572",89
"ENSG00000277575",944
"ENSG00000277576",659
"ENSG00000277577",126
"ENSG00000277578",277
"ENSG00000277579",411
"ENSG00000277581",522
"ENSG00000277582",247
"ENSG00000277583",111
"ENSG00000277586",3940
"ENSG00000277587",508
"ENSG00000277588",64
"ENSG00000277589",710
"ENSG00000277590",99
"ENSG00000277591",299
"ENSG00000277592",277
"ENSG00000277595",559
"ENSG00000277597",739
"ENSG00000277598",235
"ENSG00000277599",159
"ENSG00000277602",242
"ENSG00000277604",95
"ENSG00000277605",331
"ENSG00000277608",685
"ENSG00000277610",164
"ENSG00000277611",566
"ENSG00000277613",104
"ENSG00000277617",260
"ENSG00000277618",280
"ENSG00000277619",1374
"ENSG00000277621",390
"ENSG00000277628",253
"ENSG00000277630",2637
"ENSG00000277631",4315
"ENSG00000277632",1494
"ENSG00000277634",93
"ENSG00000277635",260
"ENSG00000277636",75
"ENSG00000277637",237
"ENSG00000277639",3268
"ENSG00000277640",130
"ENSG00000277646",1120
"ENSG00000277647",111
"ENSG00000277651",481
"ENSG00000277653",150
"ENSG00000277654",1439
"ENSG00000277655",451
"ENSG00000277661",2531
"ENSG00000277662",497
"ENSG00000277668",264
"ENSG00000277670",263
"ENSG00000277671",90
"ENSG00000277672",277
"ENSG00000277673",141
"ENSG00000277675",4479
"ENSG00000277677",283
"ENSG00000277678",146
"ENSG00000277681",75
"ENSG00000277684",534
"ENSG00000277687",1175
"ENSG00000277688",2976
"ENSG00000277689",90
"ENSG00000277690",470
"ENSG00000277692",682
"ENSG00000277693",4483
"ENSG00000277694",145
"ENSG00000277695",522
"ENSG00000277698",60
"ENSG00000277701",5751
"ENSG00000277702",213
"ENSG00000277704",557
"ENSG00000277705",247
"ENSG00000277708",615
"ENSG00000277710",693
"ENSG00000277711",756
"ENSG00000277713",67
"ENSG00000277715",2608
"ENSG00000277717",103
"ENSG00000277718",1716
"ENSG00000277720",196
"ENSG00000277721",254
"ENSG00000277728",464
"ENSG00000277732",201
"ENSG00000277734",978
"ENSG00000277737",1042
"ENSG00000277738",2212
"ENSG00000277739",153
"ENSG00000277740",289
"ENSG00000277741",1398
"ENSG00000277743",710
"ENSG00000277744",449
"ENSG00000277745",591
"ENSG00000277746",297
"ENSG00000277747",193
"ENSG00000277748",286
"ENSG00000277749",652
"ENSG00000277752",84
"ENSG00000277754",216
"ENSG00000277755",254
"ENSG00000277758",11673
"ENSG00000277759",87
"ENSG00000277762",282
"ENSG00000277763",775
"ENSG00000277764",197
"ENSG00000277766",536
"ENSG00000277767",2544
"ENSG00000277769",1240
"ENSG00000277770",263
"ENSG00000277771",265
"ENSG00000277774",284
"ENSG00000277775",494
"ENSG00000277777",101
"ENSG00000277778",1043
"ENSG00000277782",1744
"ENSG00000277784",113
"ENSG00000277785",92
"ENSG00000277790",161
"ENSG00000277791",1168
"ENSG00000277794",273
"ENSG00000277795",1235
"ENSG00000277797",2407
"ENSG00000277801",832
"ENSG00000277803",596
"ENSG00000277806",634
"ENSG00000277809",324
"ENSG00000277817",64
"ENSG00000277818",102
"ENSG00000277825",721
"ENSG00000277826",160
"ENSG00000277828",131
"ENSG00000277829",549
"ENSG00000277830",198
"ENSG00000277831",2086
"ENSG00000277836",288
"ENSG00000277837",4980
"ENSG00000277840",690
"ENSG00000277841",82
"ENSG00000277842",58
"ENSG00000277846",70
"ENSG00000277851",5241
"ENSG00000277852",398
"ENSG00000277855",4468
"ENSG00000277856",294
"ENSG00000277858",591
"ENSG00000277859",266
"ENSG00000277862",1447
"ENSG00000277863",950
"ENSG00000277864",127
"ENSG00000277865",4401
"ENSG00000277866",757
"ENSG00000277867",287
"ENSG00000277869",229
"ENSG00000277870",4764
"ENSG00000277872",66
"ENSG00000277873",702
"ENSG00000277876",1211
"ENSG00000277878",162
"ENSG00000277879",1553
"ENSG00000277880",344
"ENSG00000277881",349
"ENSG00000277882",206
"ENSG00000277883",1785
"ENSG00000277887",133
"ENSG00000277888",60
"ENSG00000277889",95
"ENSG00000277890",107
"ENSG00000277892",63
"ENSG00000277893",4519
"ENSG00000277895",1564
"ENSG00000277899",709
"ENSG00000277900",283
"ENSG00000277903",191
"ENSG00000277904",79
"ENSG00000277907",210
"ENSG00000277911",256
"ENSG00000277912",82
"ENSG00000277913",120
"ENSG00000277914",1455
"ENSG00000277916",169
"ENSG00000277918",164
"ENSG00000277919",77
"ENSG00000277920",109
"ENSG00000277922",218
"ENSG00000277925",438
"ENSG00000277927",107
"ENSG00000277930",1527
"ENSG00000277932",2244
"ENSG00000277935",546
"ENSG00000277938",2784
"ENSG00000277941",149
"ENSG00000277942",80
"ENSG00000277945",301
"ENSG00000277946",298
"ENSG00000277947",218
"ENSG00000277948",187
"ENSG00000277950",250
"ENSG00000277952",216
"ENSG00000277954",4116
"ENSG00000277957",3519
"ENSG00000277958",282
"ENSG00000277959",332
"ENSG00000277965",283
"ENSG00000277966",233
"ENSG00000277967",87
"ENSG00000277968",91
"ENSG00000277969",2385
"ENSG00000277971",644
"ENSG00000277972",3118
"ENSG00000277973",383
"ENSG00000277975",398
"ENSG00000277977",97
"ENSG00000277978",531
"ENSG00000277981",770
"ENSG00000277984",703
"ENSG00000277985",137
"ENSG00000277986",123
"ENSG00000277987",6761
"ENSG00000277988",397
"ENSG00000277991",10267
"ENSG00000277994",97
"ENSG00000277997",548
"ENSG00000277998",314
"ENSG00000278000",662
"ENSG00000278001",415
"ENSG00000278002",1662
"ENSG00000278004",154
"ENSG00000278007",241
"ENSG00000278008",3527
"ENSG00000278009",114
"ENSG00000278010",95
"ENSG00000278012",651
"ENSG00000278013",421
"ENSG00000278017",875
"ENSG00000278020",179
"ENSG00000278022",727
"ENSG00000278023",1975
"ENSG00000278026",109
"ENSG00000278028",112
"ENSG00000278030",347
"ENSG00000278034",72
"ENSG00000278035",447
"ENSG00000278038",113
"ENSG00000278039",85
"ENSG00000278040",168
"ENSG00000278041",3874
"ENSG00000278044",1241
"ENSG00000278045",234
"ENSG00000278048",191
"ENSG00000278050",105
"ENSG00000278052",500
"ENSG00000278053",9528
"ENSG00000278054",211
"ENSG00000278055",235
"ENSG00000278057",1901
"ENSG00000278058",2927
"ENSG00000278060",473
"ENSG00000278066",603
"ENSG00000278068",906
"ENSG00000278069",71
"ENSG00000278071",1209
"ENSG00000278072",165
"ENSG00000278073",61
"ENSG00000278075",349
"ENSG00000278077",211
"ENSG00000278078",104
"ENSG00000278083",459
"ENSG00000278085",1012
"ENSG00000278089",82
"ENSG00000278090",5141
"ENSG00000278095",572
"ENSG00000278097",1245
"ENSG00000278098",76
"ENSG00000278099",165
"ENSG00000278100",322
"ENSG00000278102",192
"ENSG00000278103",76
"ENSG00000278104",68
"ENSG00000278106",135
"ENSG00000278108",69
"ENSG00000278109",288
"ENSG00000278110",758
"ENSG00000278112",467
"ENSG00000278113",168
"ENSG00000278122",1049
"ENSG00000278123",91
"ENSG00000278124",297
"ENSG00000278126",898
"ENSG00000278128",1014
"ENSG00000278129",9110
"ENSG00000278130",872
"ENSG00000278131",1779
"ENSG00000278133",756
"ENSG00000278135",95
"ENSG00000278138",1026
"ENSG00000278139",1553
"ENSG00000278143",1530
"ENSG00000278144",120
"ENSG00000278146",249
"ENSG00000278147",341
"ENSG00000278151",119
"ENSG00000278153",413
"ENSG00000278156",10362
"ENSG00000278158",535
"ENSG00000278159",85
"ENSG00000278160",630
"ENSG00000278171",256
"ENSG00000278172",258
"ENSG00000278175",10878
"ENSG00000278177",706
"ENSG00000278180",776
"ENSG00000278181",378
"ENSG00000278182",270
"ENSG00000278184",1282
"ENSG00000278188",106
"ENSG00000278189",153
"ENSG00000278192",1932
"ENSG00000278193",603
"ENSG00000278195",4677
"ENSG00000278196",517
"ENSG00000278197",749
"ENSG00000278200",3920
"ENSG00000278202",785
"ENSG00000278204",93
"ENSG00000278205",1652
"ENSG00000278206",2079
"ENSG00000278212",1268
"ENSG00000278213",888
"ENSG00000278214",3235
"ENSG00000278215",121
"ENSG00000278217",95
"ENSG00000278218",186
"ENSG00000278221",67
"ENSG00000278222",290
"ENSG00000278223",64
"ENSG00000278224",2778
"ENSG00000278226",260
"ENSG00000278231",1091
"ENSG00000278233",153
"ENSG00000278234",84
"ENSG00000278236",172
"ENSG00000278237",99
"ENSG00000278238",632
"ENSG00000278239",2265
"ENSG00000278242",259
"ENSG00000278249",420
"ENSG00000278250",362
"ENSG00000278254",3404
"ENSG00000278255",459
"ENSG00000278256",280
"ENSG00000278259",13072
"ENSG00000278261",72
"ENSG00000278263",353
"ENSG00000278264",65
"ENSG00000278265",60
"ENSG00000278267",68
"ENSG00000278273",1178
"ENSG00000278274",130
"ENSG00000278275",1349
"ENSG00000278276",620
"ENSG00000278278",66
"ENSG00000278281",56
"ENSG00000278283",373
"ENSG00000278287",84
"ENSG00000278289",1068
"ENSG00000278291",4412
"ENSG00000278292",846
"ENSG00000278294",152
"ENSG00000278299",2105
"ENSG00000278301",1669
"ENSG00000278305",2038
"ENSG00000278311",9705
"ENSG00000278313",426
"ENSG00000278317",294
"ENSG00000278318",5500
"ENSG00000278319",390
"ENSG00000278324",95
"ENSG00000278328",65
"ENSG00000278330",3125
"ENSG00000278331",107
"ENSG00000278332",194
"ENSG00000278333",170
"ENSG00000278334",187
"ENSG00000278337",153
"ENSG00000278338",2369
"ENSG00000278340",70
"ENSG00000278341",1482
"ENSG00000278342",94
"ENSG00000278344",356
"ENSG00000278346",880
"ENSG00000278348",281
"ENSG00000278349",66
"ENSG00000278351",254
"ENSG00000278356",456
"ENSG00000278358",296
"ENSG00000278359",56
"ENSG00000278367",602
"ENSG00000278370",473
"ENSG00000278374",127
"ENSG00000278376",2113
"ENSG00000278381",284
"ENSG00000278382",275
"ENSG00000278383",466
"ENSG00000278384",3027
"ENSG00000278385",1744
"ENSG00000278388",122
"ENSG00000278389",450
"ENSG00000278390",6414
"ENSG00000278391",90
"ENSG00000278395",106
"ENSG00000278396",530
"ENSG00000278399",926
"ENSG00000278400",309
"ENSG00000278404",135
"ENSG00000278406",131
"ENSG00000278408",928
"ENSG00000278410",458
"ENSG00000278412",69
"ENSG00000278413",174
"ENSG00000278416",1316
"ENSG00000278418",77
"ENSG00000278419",447
"ENSG00000278420",61
"ENSG00000278421",71
"ENSG00000278422",247
"ENSG00000278424",490
"ENSG00000278428",87
"ENSG00000278431",234
"ENSG00000278433",103
"ENSG00000278434",1455
"ENSG00000278438",106
"ENSG00000278441",208
"ENSG00000278445",822
"ENSG00000278446",326
"ENSG00000278447",64
"ENSG00000278449",115
"ENSG00000278454",80
"ENSG00000278455",1838
"ENSG00000278456",635
"ENSG00000278457",119
"ENSG00000278459",303
"ENSG00000278462",266
"ENSG00000278463",527
"ENSG00000278464",4423
"ENSG00000278465",62
"ENSG00000278467",573
"ENSG00000278469",287
"ENSG00000278472",457
"ENSG00000278473",348
"ENSG00000278475",469
"ENSG00000278477",228
"ENSG00000278478",279
"ENSG00000278480",966
"ENSG00000278482",115
"ENSG00000278483",78
"ENSG00000278484",1081
"ENSG00000278485",82
"ENSG00000278486",643
"ENSG00000278487",153
"ENSG00000278492",288
"ENSG00000278493",511
"ENSG00000278496",745
"ENSG00000278497",290
"ENSG00000278498",163
"ENSG00000278499",1026
"ENSG00000278502",109
"ENSG00000278505",1920
"ENSG00000278510",291
"ENSG00000278513",665
"ENSG00000278517",65
"ENSG00000278518",2209
"ENSG00000278520",160
"ENSG00000278522",6308
"ENSG00000278523",71
"ENSG00000278524",70
"ENSG00000278525",299
"ENSG00000278526",137
"ENSG00000278527",125
"ENSG00000278528",255
"ENSG00000278529",88
"ENSG00000278530",597
"ENSG00000278531",882
"ENSG00000278532",524
"ENSG00000278535",5379
"ENSG00000278537",300
"ENSG00000278540",13022
"ENSG00000278541",206
"ENSG00000278543",1904
"ENSG00000278546",442
"ENSG00000278549",59
"ENSG00000278551",107
"ENSG00000278552",400
"ENSG00000278554",286
"ENSG00000278558",2067
"ENSG00000278561",920
"ENSG00000278569",277
"ENSG00000278570",3244
"ENSG00000278571",84
"ENSG00000278572",899
"ENSG00000278573",603
"ENSG00000278576",3178
"ENSG00000278577",103
"ENSG00000278580",407
"ENSG00000278581",66
"ENSG00000278582",448
"ENSG00000278585",176
"ENSG00000278586",274
"ENSG00000278587",158
"ENSG00000278588",482
"ENSG00000278589",710
"ENSG00000278590",299
"ENSG00000278591",191
"ENSG00000278592",203
"ENSG00000278593",1748
"ENSG00000278594",1049
"ENSG00000278595",1786
"ENSG00000278596",82
"ENSG00000278598",69
"ENSG00000278599",2082
"ENSG00000278600",2261
"ENSG00000278601",700
"ENSG00000278602",791
"ENSG00000278603",224
"ENSG00000278604",223
"ENSG00000278607",4268
"ENSG00000278611",1078
"ENSG00000278615",879
"ENSG00000278616",2440
"ENSG00000278617",81
"ENSG00000278618",86
"ENSG00000278619",1839
"ENSG00000278621",526
"ENSG00000278625",106
"ENSG00000278627",652
"ENSG00000278630",1763
"ENSG00000278631",1306
"ENSG00000278633",2404
"ENSG00000278635",482
"ENSG00000278636",283
"ENSG00000278637",1199
"ENSG00000278638",1067
"ENSG00000278640",287
"ENSG00000278641",1267
"ENSG00000278642",179
"ENSG00000278643",186
"ENSG00000278646",291
"ENSG00000278647",328
"ENSG00000278650",216
"ENSG00000278654",524
"ENSG00000278655",381
"ENSG00000278657",780
"ENSG00000278658",98
"ENSG00000278661",65
"ENSG00000278662",4720
"ENSG00000278664",1267
"ENSG00000278665",740
"ENSG00000278667",366
"ENSG00000278668",588
"ENSG00000278672",81
"ENSG00000278673",1651
"ENSG00000278677",487
"ENSG00000278678",296
"ENSG00000278681",281
"ENSG00000278683",394
"ENSG00000278684",139
"ENSG00000278685",2826
"ENSG00000278687",102
"ENSG00000278690",388
"ENSG00000278694",234
"ENSG00000278696",237
"ENSG00000278698",1512
"ENSG00000278700",301
"ENSG00000278701",303
"ENSG00000278702",323
"ENSG00000278703",481
"ENSG00000278704",2237
"ENSG00000278705",1482
"ENSG00000278708",376
"ENSG00000278709",2625
"ENSG00000278713",658
"ENSG00000278715",92
"ENSG00000278716",1019
"ENSG00000278719",1997
"ENSG00000278720",697
"ENSG00000278722",654
"ENSG00000278724",281
"ENSG00000278725",400
"ENSG00000278727",3585
"ENSG00000278730",2921
"ENSG00000278732",282
"ENSG00000278733",566
"ENSG00000278734",472
"ENSG00000278736",382
"ENSG00000278737",803
"ENSG00000278739",68
"ENSG00000278740",619
"ENSG00000278743",1231
"ENSG00000278744",186
"ENSG00000278745",163
"ENSG00000278746",299
"ENSG00000278752",61
"ENSG00000278754",132
"ENSG00000278756",78
"ENSG00000278757",104
"ENSG00000278761",1267
"ENSG00000278763",213
"ENSG00000278764",282
"ENSG00000278765",590
"ENSG00000278766",1489
"ENSG00000278768",5002
"ENSG00000278769",821
"ENSG00000278770",281
"ENSG00000278771",299
"ENSG00000278773",104
"ENSG00000278774",192
"ENSG00000278775",90
"ENSG00000278778",230
"ENSG00000278783",78
"ENSG00000278784",1302
"ENSG00000278785",247
"ENSG00000278790",1267
"ENSG00000278791",89
"ENSG00000278793",107
"ENSG00000278794",267
"ENSG00000278797",683
"ENSG00000278799",61
"ENSG00000278802",165
"ENSG00000278803",8071
"ENSG00000278811",8293
"ENSG00000278813",264
"ENSG00000278816",304
"ENSG00000278817",1213
"ENSG00000278818",332
"ENSG00000278819",573
"ENSG00000278822",109
"ENSG00000278824",836
"ENSG00000278825",261
"ENSG00000278828",1250
"ENSG00000278829",819
"ENSG00000278830",292
"ENSG00000278831",727
"ENSG00000278834",1707
"ENSG00000278837",316
"ENSG00000278838",285
"ENSG00000278840",340
"ENSG00000278842",1204
"ENSG00000278845",1704
"ENSG00000278847",366
"ENSG00000278848",1968
"ENSG00000278851",66
"ENSG00000278852",149
"ENSG00000278854",671
"ENSG00000278857",371
"ENSG00000278859",423
"ENSG00000278860",401
"ENSG00000278861",601
"ENSG00000278862",3397
"ENSG00000278863",614
"ENSG00000278864",1754
"ENSG00000278865",328
"ENSG00000278866",349
"ENSG00000278867",2179
"ENSG00000278869",2148
"ENSG00000278870",966
"ENSG00000278872",1645
"ENSG00000278873",2050
"ENSG00000278874",311
"ENSG00000278875",1802
"ENSG00000278876",325
"ENSG00000278877",291
"ENSG00000278879",1937
"ENSG00000278880",218
"ENSG00000278881",1380
"ENSG00000278884",593
"ENSG00000278885",641
"ENSG00000278886",567
"ENSG00000278887",675
"ENSG00000278889",1047
"ENSG00000278890",5630
"ENSG00000278891",2873
"ENSG00000278892",503
"ENSG00000278893",2105
"ENSG00000278894",331
"ENSG00000278895",1969
"ENSG00000278896",2523
"ENSG00000278897",2271
"ENSG00000278898",2468
"ENSG00000278899",1280
"ENSG00000278900",587
"ENSG00000278901",617
"ENSG00000278902",693
"ENSG00000278903",13194
"ENSG00000278905",3242
"ENSG00000278907",592
"ENSG00000278908",2134
"ENSG00000278909",3365
"ENSG00000278910",2420
"ENSG00000278911",3869
"ENSG00000278912",650
"ENSG00000278913",2869
"ENSG00000278914",114
"ENSG00000278915",577
"ENSG00000278916",2485
"ENSG00000278917",4179
"ENSG00000278918",2491
"ENSG00000278920",16698
"ENSG00000278921",1396
"ENSG00000278922",1377
"ENSG00000278924",367
"ENSG00000278925",618
"ENSG00000278926",1692
"ENSG00000278928",2304
"ENSG00000278929",428
"ENSG00000278931",1693
"ENSG00000278932",8672
"ENSG00000278933",664
"ENSG00000278934",3217
"ENSG00000278935",4637
"ENSG00000278936",946
"ENSG00000278941",374
"ENSG00000278942",830
"ENSG00000278943",1049
"ENSG00000278944",202
"ENSG00000278945",100
"ENSG00000278946",447
"ENSG00000278948",1849
"ENSG00000278949",2104
"ENSG00000278950",2256
"ENSG00000278952",802
"ENSG00000278953",483
"ENSG00000278954",2466
"ENSG00000278957",483
"ENSG00000278958",728
"ENSG00000278959",2476
"ENSG00000278960",352
"ENSG00000278961",1050
"ENSG00000278962",2272
"ENSG00000278963",2151
"ENSG00000278964",848
"ENSG00000278965",3335
"ENSG00000278966",911
"ENSG00000278967",1819
"ENSG00000278969",2373
"ENSG00000278970",3635
"ENSG00000278971",1576
"ENSG00000278972",2450
"ENSG00000278973",780
"ENSG00000278974",775
"ENSG00000278975",1676
"ENSG00000278977",768
"ENSG00000278979",1678
"ENSG00000278980",753
"ENSG00000278981",1619
"ENSG00000278982",1869
"ENSG00000278983",3548
"ENSG00000278985",1776
"ENSG00000278986",1766
"ENSG00000278987",2182
"ENSG00000278988",479
"ENSG00000278989",2359
"ENSG00000278990",900
"ENSG00000278991",1514
"ENSG00000278992",595
"ENSG00000278993",1828
"ENSG00000278994",456
"ENSG00000278995",279
"ENSG00000278996",2959
"ENSG00000278997",1360
"ENSG00000278998",949
"ENSG00000278999",2239
"ENSG00000279000",6104
"ENSG00000279001",403
"ENSG00000279002",296
"ENSG00000279004",632
"ENSG00000279005",375
"ENSG00000279006",3000
"ENSG00000279009",148
"ENSG00000279011",306
"ENSG00000279012",939
"ENSG00000279013",2018
"ENSG00000279014",597
"ENSG00000279015",554
"ENSG00000279016",606
"ENSG00000279017",1025
"ENSG00000279019",3691
"ENSG00000279020",2534
"ENSG00000279021",968
"ENSG00000279022",443
"ENSG00000279023",465
"ENSG00000279024",2493
"ENSG00000279025",1080
"ENSG00000279026",2225
"ENSG00000279028",279
"ENSG00000279029",1855
"ENSG00000279030",2160
"ENSG00000279031",525
"ENSG00000279032",3008
"ENSG00000279033",1332
"ENSG00000279034",3569
"ENSG00000279035",2161
"ENSG00000279036",3578
"ENSG00000279040",126
"ENSG00000279041",1422
"ENSG00000279042",2529
"ENSG00000279043",5122
"ENSG00000279044",599
"ENSG00000279045",666
"ENSG00000279046",1117
"ENSG00000279047",5197
"ENSG00000279048",2424
"ENSG00000279050",2414
"ENSG00000279051",954
"ENSG00000279056",346
"ENSG00000279057",1573
"ENSG00000279058",2060
"ENSG00000279059",1667
"ENSG00000279061",339
"ENSG00000279062",586
"ENSG00000279063",497
"ENSG00000279064",1905
"ENSG00000279065",1594
"ENSG00000279066",1813
"ENSG00000279067",1349
"ENSG00000279068",631
"ENSG00000279069",2945
"ENSG00000279070",1863
"ENSG00000279071",1834
"ENSG00000279072",24137
"ENSG00000279073",890
"ENSG00000279074",237
"ENSG00000279075",342
"ENSG00000279076",1705
"ENSG00000279077",2110
"ENSG00000279078",2481
"ENSG00000279080",20397
"ENSG00000279081",897
"ENSG00000279082",12370
"ENSG00000279083",1515
"ENSG00000279085",5388
"ENSG00000279086",2278
"ENSG00000279087",446
"ENSG00000279088",1799
"ENSG00000279089",3213
"ENSG00000279090",701
"ENSG00000279092",4824
"ENSG00000279093",124
"ENSG00000279094",1662
"ENSG00000279095",2028
"ENSG00000279096",2669
"ENSG00000279097",160
"ENSG00000279098",442
"ENSG00000279099",2262
"ENSG00000279100",780
"ENSG00000279103",1897
"ENSG00000279104",1868
"ENSG00000279106",1223
"ENSG00000279108",1881
"ENSG00000279110",13120
"ENSG00000279111",981
"ENSG00000279113",428
"ENSG00000279114",6430
"ENSG00000279115",75
"ENSG00000279116",936
"ENSG00000279117",2338
"ENSG00000279118",2326
"ENSG00000279119",366
"ENSG00000279120",431
"ENSG00000279121",528
"ENSG00000279122",1255
"ENSG00000279123",713
"ENSG00000279124",2396
"ENSG00000279125",236
"ENSG00000279127",2077
"ENSG00000279128",1973
"ENSG00000279129",2558
"ENSG00000279130",462
"ENSG00000279133",3819
"ENSG00000279134",3664
"ENSG00000279135",1716
"ENSG00000279136",325
"ENSG00000279137",1934
"ENSG00000279138",2245
"ENSG00000279139",654
"ENSG00000279140",1134
"ENSG00000279141",4122
"ENSG00000279142",2451
"ENSG00000279143",3504
"ENSG00000279144",469
"ENSG00000279145",5362
"ENSG00000279146",1308
"ENSG00000279147",1841
"ENSG00000279148",1293
"ENSG00000279149",2496
"ENSG00000279151",736
"ENSG00000279152",756
"ENSG00000279155",817
"ENSG00000279156",217
"ENSG00000279157",612
"ENSG00000279160",2620
"ENSG00000279161",2352
"ENSG00000279162",2050
"ENSG00000279163",495
"ENSG00000279164",1854
"ENSG00000279165",1904
"ENSG00000279166",2614
"ENSG00000279167",102
"ENSG00000279168",1130
"ENSG00000279169",2442
"ENSG00000279170",16113
"ENSG00000279171",545
"ENSG00000279172",442
"ENSG00000279173",1343
"ENSG00000279174",3052
"ENSG00000279175",13454
"ENSG00000279176",1375
"ENSG00000279177",1185
"ENSG00000279179",3448
"ENSG00000279180",898
"ENSG00000279181",212
"ENSG00000279182",991
"ENSG00000279186",2456
"ENSG00000279187",2482
"ENSG00000279189",5446
"ENSG00000279190",4547
"ENSG00000279192",3180
"ENSG00000279193",1050
"ENSG00000279196",3641
"ENSG00000279197",470
"ENSG00000279198",3104
"ENSG00000279199",2228
"ENSG00000279200",1703
"ENSG00000279201",858
"ENSG00000279202",1733
"ENSG00000279203",631
"ENSG00000279204",2238
"ENSG00000279205",1624
"ENSG00000279206",600
"ENSG00000279207",5808
"ENSG00000279208",768
"ENSG00000279209",1513
"ENSG00000279211",392
"ENSG00000279212",2535
"ENSG00000279213",519
"ENSG00000279214",950
"ENSG00000279217",14574
"ENSG00000279218",2232
"ENSG00000279220",3970
"ENSG00000279221",3577
"ENSG00000279222",1482
"ENSG00000279223",193
"ENSG00000279225",240
"ENSG00000279227",1506
"ENSG00000279228",675
"ENSG00000279231",1017
"ENSG00000279232",3318
"ENSG00000279233",3467
"ENSG00000279235",683
"ENSG00000279236",1303
"ENSG00000279237",863
"ENSG00000279239",187
"ENSG00000279240",1008
"ENSG00000279243",1396
"ENSG00000279245",713
"ENSG00000279246",2234
"ENSG00000279248",399
"ENSG00000279249",27804
"ENSG00000279250",626
"ENSG00000279251",418
"ENSG00000279253",1461
"ENSG00000279254",1909
"ENSG00000279255",2167
"ENSG00000279256",1899
"ENSG00000279259",1347
"ENSG00000279261",2438
"ENSG00000279262",528
"ENSG00000279263",939
"ENSG00000279264",341
"ENSG00000279265",461
"ENSG00000279266",3736
"ENSG00000279267",2042
"ENSG00000279268",226
"ENSG00000279269",594
"ENSG00000279270",948
"ENSG00000279271",592
"ENSG00000279273",2143
"ENSG00000279274",75
"ENSG00000279275",696
"ENSG00000279276",401
"ENSG00000279277",7939
"ENSG00000279278",8420
"ENSG00000279281",2074
"ENSG00000279283",1740
"ENSG00000279284",441
"ENSG00000279285",745
"ENSG00000279286",2828
"ENSG00000279288",2058
"ENSG00000279289",3978
"ENSG00000279294",2059
"ENSG00000279295",1904
"ENSG00000279296",3286
"ENSG00000279297",483
"ENSG00000279298",1080
"ENSG00000279299",404
"ENSG00000279300",892
"ENSG00000279301",3770
"ENSG00000279302",2596
"ENSG00000279303",2456
"ENSG00000279304",310
"ENSG00000279305",2239
"ENSG00000279306",933
"ENSG00000279307",510
"ENSG00000279310",261
"ENSG00000279311",1924
"ENSG00000279314",1622
"ENSG00000279315",1286
"ENSG00000279317",6388
"ENSG00000279319",3095
"ENSG00000279320",1991
"ENSG00000279321",920
"ENSG00000279322",288
"ENSG00000279324",1901
"ENSG00000279325",565
"ENSG00000279326",2209
"ENSG00000279328",1774
"ENSG00000279329",1865
"ENSG00000279330",2199
"ENSG00000279331",653
"ENSG00000279332",362
"ENSG00000279333",3618
"ENSG00000279334",415
"ENSG00000279337",200
"ENSG00000279339",2889
"ENSG00000279340",167
"ENSG00000279342",3579
"ENSG00000279343",712
"ENSG00000279344",2594
"ENSG00000279345",1757
"ENSG00000279347",1650
"ENSG00000279348",2116
"ENSG00000279349",2595
"ENSG00000279352",864
"ENSG00000279353",1428
"ENSG00000279354",603
"ENSG00000279356",2125
"ENSG00000279357",510
"ENSG00000279358",2265
"ENSG00000279359",4412
"ENSG00000279360",360
"ENSG00000279361",1200
"ENSG00000279364",1734
"ENSG00000279365",1894
"ENSG00000279366",298
"ENSG00000279367",1935
"ENSG00000279368",1837
"ENSG00000279369",1824
"ENSG00000279370",287
"ENSG00000279372",398
"ENSG00000279373",1266
"ENSG00000279375",463
"ENSG00000279376",4159
"ENSG00000279377",2822
"ENSG00000279378",2031
"ENSG00000279379",387
"ENSG00000279381",204
"ENSG00000279382",1362
"ENSG00000279384",748
"ENSG00000279386",531
"ENSG00000279388",4191
"ENSG00000279390",2191
"ENSG00000279391",2209
"ENSG00000279392",465
"ENSG00000279393",2686
"ENSG00000279394",2260
"ENSG00000279395",1110
"ENSG00000279397",260
"ENSG00000279398",447
"ENSG00000279399",457
"ENSG00000279401",2336
"ENSG00000279403",1166
"ENSG00000279404",1938
"ENSG00000279405",331
"ENSG00000279406",2132
"ENSG00000279407",2995
"ENSG00000279408",1125
"ENSG00000279409",1870
"ENSG00000279410",1370
"ENSG00000279411",2029
"ENSG00000279412",2904
"ENSG00000279414",509
"ENSG00000279415",978
"ENSG00000279416",1302
"ENSG00000279417",3930
"ENSG00000279418",613
"ENSG00000279419",2706
"ENSG00000279420",601
"ENSG00000279421",122
"ENSG00000279422",397
"ENSG00000279423",671
"ENSG00000279425",2189
"ENSG00000279426",601
"ENSG00000279427",703
"ENSG00000279428",3130
"ENSG00000279429",728
"ENSG00000279430",461
"ENSG00000279431",610
"ENSG00000279432",3122
"ENSG00000279433",2254
"ENSG00000279434",2025
"ENSG00000279437",3192
"ENSG00000279438",386
"ENSG00000279439",1862
"ENSG00000279440",5182
"ENSG00000279441",417
"ENSG00000279442",6179
"ENSG00000279443",2083
"ENSG00000279444",333
"ENSG00000279445",925
"ENSG00000279446",2018
"ENSG00000279447",1176
"ENSG00000279450",234
"ENSG00000279452",1610
"ENSG00000279453",2435
"ENSG00000279454",857
"ENSG00000279455",588
"ENSG00000279457",1397
"ENSG00000279458",674
"ENSG00000279459",1556
"ENSG00000279460",3851
"ENSG00000279461",75
"ENSG00000279462",982
"ENSG00000279463",448
"ENSG00000279464",2458
"ENSG00000279465",660
"ENSG00000279466",468
"ENSG00000279467",8030
"ENSG00000279469",649
"ENSG00000279470",454
"ENSG00000279474",2167
"ENSG00000279475",349
"ENSG00000279476",2794
"ENSG00000279477",924
"ENSG00000279478",527
"ENSG00000279479",1929
"ENSG00000279480",852
"ENSG00000279481",2525
"ENSG00000279482",714
"ENSG00000279483",75
"ENSG00000279484",4414
"ENSG00000279485",1377
"ENSG00000279486",6993
"ENSG00000279488",2127
"ENSG00000279489",1751
"ENSG00000279490",2755
"ENSG00000279491",1762
"ENSG00000279493",513
"ENSG00000279494",1940
"ENSG00000279495",2501
"ENSG00000279497",1749
"ENSG00000279498",780
"ENSG00000279499",439
"ENSG00000279500",1565
"ENSG00000279501",227
"ENSG00000279502",619
"ENSG00000279503",619
"ENSG00000279504",785
"ENSG00000279505",117
"ENSG00000279507",228
"ENSG00000279509",743
"ENSG00000279511",3752
"ENSG00000279512",2049
"ENSG00000279513",1492
"ENSG00000279514",933
"ENSG00000279516",4687
"ENSG00000279518",2186
"ENSG00000279519",2618
"ENSG00000279520",1342
"ENSG00000279521",2376
"ENSG00000279523",991
"ENSG00000279525",2398
"ENSG00000279526",1502
"ENSG00000279527",507
"ENSG00000279528",425
"ENSG00000279529",3498
"ENSG00000279530",2733
"ENSG00000279531",188
"ENSG00000279532",629
"ENSG00000279534",217
"ENSG00000279536",629
"ENSG00000279537",2442
"ENSG00000279539",2199
"ENSG00000279541",1387
"ENSG00000279542",343
"ENSG00000279543",648
"ENSG00000279544",3109
"ENSG00000279548",2059
"ENSG00000279549",2085
"ENSG00000279550",255
"ENSG00000279551",1396
"ENSG00000279554",374
"ENSG00000279555",2098
"ENSG00000279557",1177
"ENSG00000279558",1213
"ENSG00000279559",307
"ENSG00000279561",4082
"ENSG00000279562",147
"ENSG00000279565",3502
"ENSG00000279567",555
"ENSG00000279568",1746
"ENSG00000279569",4170
"ENSG00000279570",714
"ENSG00000279571",743
"ENSG00000279573",1978
"ENSG00000279575",1068
"ENSG00000279578",3860
"ENSG00000279579",7632
"ENSG00000279581",701
"ENSG00000279583",6069
"ENSG00000279584",515
"ENSG00000279585",1065
"ENSG00000279586",917
"ENSG00000279587",1052
"ENSG00000279588",3773
"ENSG00000279589",1193
"ENSG00000279590",682
"ENSG00000279591",970
"ENSG00000279592",997
"ENSG00000279593",1998
"ENSG00000279594",1583
"ENSG00000279595",4637
"ENSG00000279597",865
"ENSG00000279598",4406
"ENSG00000279599",208
"ENSG00000279600",435
"ENSG00000279601",2492
"ENSG00000279602",1329
"ENSG00000279603",769
"ENSG00000279604",793
"ENSG00000279605",4947
"ENSG00000279606",2506
"ENSG00000279607",567
"ENSG00000279608",5702
"ENSG00000279609",1621
"ENSG00000279610",480
"ENSG00000279611",926
"ENSG00000279613",1809
"ENSG00000279615",397
"ENSG00000279616",1775
"ENSG00000279617",433
"ENSG00000279619",1936
"ENSG00000279620",1722
"ENSG00000279621",1141
"ENSG00000279622",4334
"ENSG00000279623",587
"ENSG00000279625",1853
"ENSG00000279626",678
"ENSG00000279628",6071
"ENSG00000279629",796
"ENSG00000279630",408
"ENSG00000279631",2518
"ENSG00000279632",878
"ENSG00000279633",1922
"ENSG00000279635",256
"ENSG00000279636",1126
"ENSG00000279637",1945
"ENSG00000279638",138
"ENSG00000279639",983
"ENSG00000279640",808
"ENSG00000279641",1615
"ENSG00000279642",620
"ENSG00000279647",879
"ENSG00000279648",2048
"ENSG00000279649",2704
"ENSG00000279650",853
"ENSG00000279652",8149
"ENSG00000279653",1002
"ENSG00000279655",645
"ENSG00000279656",1135
"ENSG00000279657",3425
"ENSG00000279658",881
"ENSG00000279660",1329
"ENSG00000279662",4439
"ENSG00000279663",4006
"ENSG00000279665",575
"ENSG00000279666",1800
"ENSG00000279667",1005
"ENSG00000279668",8203
"ENSG00000279669",458
"ENSG00000279670",1670
"ENSG00000279671",233
"ENSG00000279674",5984
"ENSG00000279675",5356
"ENSG00000279676",585
"ENSG00000279677",337
"ENSG00000279678",1039
"ENSG00000279679",256
"ENSG00000279681",506
"ENSG00000279682",1541
"ENSG00000279683",141
"ENSG00000279684",2275
"ENSG00000279685",3016
"ENSG00000279686",1002
"ENSG00000279687",479
"ENSG00000279688",1041
"ENSG00000279689",3599
"ENSG00000279690",832
"ENSG00000279691",203
"ENSG00000279692",1536
"ENSG00000279693",2938
"ENSG00000279694",2550
"ENSG00000279695",274
"ENSG00000279696",3152
"ENSG00000279697",617
"ENSG00000279698",375
"ENSG00000279699",1737
"ENSG00000279700",1355
"ENSG00000279701",967
"ENSG00000279702",483
"ENSG00000279703",472
"ENSG00000279704",468
"ENSG00000279705",1551
"ENSG00000279706",1188
"ENSG00000279707",529
"ENSG00000279708",1537
"ENSG00000279709",741
"ENSG00000279711",3433
"ENSG00000279712",9537
"ENSG00000279713",1952
"ENSG00000279714",2205
"ENSG00000279715",2468
"ENSG00000279716",1661
"ENSG00000279717",2679
"ENSG00000279718",759
"ENSG00000279719",702
"ENSG00000279720",501
"ENSG00000279721",1512
"ENSG00000279722",2337
"ENSG00000279725",2435
"ENSG00000279726",5043
"ENSG00000279727",1344
"ENSG00000279728",818
"ENSG00000279729",1561
"ENSG00000279730",1180
"ENSG00000279732",122
"ENSG00000279733",2117
"ENSG00000279734",419
"ENSG00000279735",418
"ENSG00000279737",332
"ENSG00000279738",19416
"ENSG00000279739",1567
"ENSG00000279741",678
"ENSG00000279742",2387
"ENSG00000279743",2138
"ENSG00000279744",1655
"ENSG00000279746",2697
"ENSG00000279747",765
"ENSG00000279748",2505
"ENSG00000279749",504
"ENSG00000279750",1492
"ENSG00000279751",458
"ENSG00000279752",999
"ENSG00000279753",338
"ENSG00000279754",1165
"ENSG00000279755",234
"ENSG00000279756",2251
"ENSG00000279757",459
"ENSG00000279758",737
"ENSG00000279759",4765
"ENSG00000279761",945
"ENSG00000279762",3449
"ENSG00000279764",1491
"ENSG00000279766",671
"ENSG00000279770",2579
"ENSG00000279773",1839
"ENSG00000279774",3580
"ENSG00000279775",1473
"ENSG00000279779",529
"ENSG00000279780",986
"ENSG00000279781",613
"ENSG00000279782",760
"ENSG00000279783",348
"ENSG00000279784",307
"ENSG00000279785",1194
"ENSG00000279786",1816
"ENSG00000279788",1031
"ENSG00000279789",2194
"ENSG00000279790",1770
"ENSG00000279791",2499
"ENSG00000279792",2266
"ENSG00000279793",569
"ENSG00000279794",674
"ENSG00000279795",983
"ENSG00000279796",2954
"ENSG00000279797",752
"ENSG00000279798",715
"ENSG00000279799",457
"ENSG00000279800",2609
"ENSG00000279801",2464
"ENSG00000279803",2285
"ENSG00000279804",2125
"ENSG00000279805",1921
"ENSG00000279806",1736
"ENSG00000279807",508
"ENSG00000279810",670
"ENSG00000279811",3998
"ENSG00000279812",154
"ENSG00000279813",1228
"ENSG00000279814",1645
"ENSG00000279815",430
"ENSG00000279817",631
"ENSG00000279818",2801
"ENSG00000279819",687
"ENSG00000279821",3026
"ENSG00000279822",1985
"ENSG00000279825",2673
"ENSG00000279827",1028
"ENSG00000279829",1377
"ENSG00000279833",3671
"ENSG00000279834",2536
"ENSG00000279835",708
"ENSG00000279836",539
"ENSG00000279837",768
"ENSG00000279839",2677
"ENSG00000279840",2973
"ENSG00000279841",1846
"ENSG00000279842",506
"ENSG00000279844",1364
"ENSG00000279845",466
"ENSG00000279846",564
"ENSG00000279847",1115
"ENSG00000279848",1315
"ENSG00000279851",2930
"ENSG00000279852",2396
"ENSG00000279853",2153
"ENSG00000279855",458
"ENSG00000279856",1038
"ENSG00000279858",495
"ENSG00000279859",976
"ENSG00000279860",2313
"ENSG00000279861",1882
"ENSG00000279862",1399
"ENSG00000279863",1586
"ENSG00000279864",186
"ENSG00000279865",1783
"ENSG00000279869",445
"ENSG00000279872",234
"ENSG00000279873",7261
"ENSG00000279874",174
"ENSG00000279875",1859
"ENSG00000279876",326
"ENSG00000279878",895
"ENSG00000279879",3483
"ENSG00000279880",2139
"ENSG00000279881",2899
"ENSG00000279882",366
"ENSG00000279883",684
"ENSG00000279884",951
"ENSG00000279885",3174
"ENSG00000279886",587
"ENSG00000279887",1347
"ENSG00000279889",499
"ENSG00000279891",2270
"ENSG00000279894",2297
"ENSG00000279895",1029
"ENSG00000279897",145
"ENSG00000279900",452
"ENSG00000279901",1659
"ENSG00000279903",594
"ENSG00000279905",5658
"ENSG00000279908",3251
"ENSG00000279910",4236
"ENSG00000279912",3925
"ENSG00000279913",559
"ENSG00000279914",1298
"ENSG00000279917",2546
"ENSG00000279918",542
"ENSG00000279919",290
"ENSG00000279920",620
"ENSG00000279923",1303
"ENSG00000279924",1229
"ENSG00000279925",1658
"ENSG00000279926",1458
"ENSG00000279927",3578
"ENSG00000279928",570
"ENSG00000279929",1951
"ENSG00000279930",2162
"ENSG00000279931",411
"ENSG00000279932",688
"ENSG00000279933",4709
"ENSG00000279935",2897
"ENSG00000279936",2443
"ENSG00000279939",286
"ENSG00000279940",1648
"ENSG00000279942",3745
"ENSG00000279943",2459
"ENSG00000279945",517
"ENSG00000279946",3135
"ENSG00000279951",1513
"ENSG00000279952",691
"ENSG00000279953",1418
"ENSG00000279954",5129
"ENSG00000279955",261
"ENSG00000279956",2103
"ENSG00000279957",1173
"ENSG00000279958",479
"ENSG00000279959",231
"ENSG00000279960",1896
"ENSG00000279961",975
"ENSG00000279962",236
"ENSG00000279964",1830
"ENSG00000279965",2028
"ENSG00000279966",248
"ENSG00000279967",2456
"ENSG00000279968",3319
"ENSG00000279970",1993
"ENSG00000279971",1459
"ENSG00000279972",379
"ENSG00000279973",438
"ENSG00000279976",854
"ENSG00000279977",1830
"ENSG00000279979",259
"ENSG00000279980",1851
"ENSG00000279981",2291
"ENSG00000279982",3109
"ENSG00000279983",548
"ENSG00000279985",2322
"ENSG00000279989",473
"ENSG00000279990",438
"ENSG00000279991",1798
"ENSG00000279993",2500
"ENSG00000279994",826
"ENSG00000279995",224
"ENSG00000279996",1882
"ENSG00000279997",688
"ENSG00000279998",1612
"ENSG00000280000",1768
"ENSG00000280002",1717
"ENSG00000280003",1997
"ENSG00000280005",459
"ENSG00000280007",20396
"ENSG00000280009",917
"ENSG00000280010",1094
"ENSG00000280011",19071
"ENSG00000280012",466
"ENSG00000280013",207
"ENSG00000280014",707
"ENSG00000280015",922
"ENSG00000280016",202
"ENSG00000280017",1739
"ENSG00000280018",4378
"ENSG00000280019",1023
"ENSG00000280020",1129
"ENSG00000280021",960
"ENSG00000280022",749
"ENSG00000280023",832
"ENSG00000280024",427
"ENSG00000280025",4254
"ENSG00000280026",554
"ENSG00000280027",1385
"ENSG00000280028",587
"ENSG00000280029",2132
"ENSG00000280032",2225
"ENSG00000280033",1061
"ENSG00000280035",2660
"ENSG00000280036",1854
"ENSG00000280037",513
"ENSG00000280038",3350
"ENSG00000280039",4301
"ENSG00000280040",672
"ENSG00000280042",1986
"ENSG00000280043",1712
"ENSG00000280044",221
"ENSG00000280046",7141
"ENSG00000280047",2621
"ENSG00000280048",3424
"ENSG00000280049",508
"ENSG00000280051",480
"ENSG00000280053",3362
"ENSG00000280054",2448
"ENSG00000280055",2165
"ENSG00000280056",385
"ENSG00000280057",1785
"ENSG00000280059",3427
"ENSG00000280060",458
"ENSG00000280061",4103
"ENSG00000280062",2587
"ENSG00000280063",1955
"ENSG00000280064",2385
"ENSG00000280067",2304
"ENSG00000280068",498
"ENSG00000280069",2094
"ENSG00000280070",3738
"ENSG00000280071",1584
"ENSG00000280073",2299
"ENSG00000280078",3931
"ENSG00000280079",1590
"ENSG00000280080",1951
"ENSG00000280081",123
"ENSG00000280082",87
"ENSG00000280083",1953
"ENSG00000280085",206
"ENSG00000280086",2985
"ENSG00000280087",5594
"ENSG00000280088",1750
"ENSG00000280089",464
"ENSG00000280090",930
"ENSG00000280091",1839
"ENSG00000280092",541
"ENSG00000280093",381
"ENSG00000280094",2025
"ENSG00000280096",234
"ENSG00000280097",511
"ENSG00000280098",216
"ENSG00000280099",1717
"ENSG00000280103",402
"ENSG00000280104",527
"ENSG00000280105",3585
"ENSG00000280106",2168
"ENSG00000280107",1677
"ENSG00000280108",607
"ENSG00000280109",12408
"ENSG00000280110",255
"ENSG00000280113",1983
"ENSG00000280114",1351
"ENSG00000280115",767
"ENSG00000280116",255
"ENSG00000280117",4394
"ENSG00000280118",4172
"ENSG00000280119",4805
"ENSG00000280120",1054
"ENSG00000280121",531
"ENSG00000280124",610
"ENSG00000280125",1141
"ENSG00000280128",3706
"ENSG00000280129",1625
"ENSG00000280131",642
"ENSG00000280132",1905
"ENSG00000280134",1953
"ENSG00000280135",2920
"ENSG00000280136",2943
"ENSG00000280137",348
"ENSG00000280138",18662
"ENSG00000280139",149
"ENSG00000280140",571
"ENSG00000280142",609
"ENSG00000280143",5326
"ENSG00000280144",305
"ENSG00000280145",15805
"ENSG00000280147",1426
"ENSG00000280148",1496
"ENSG00000280149",599
"ENSG00000280150",539
"ENSG00000280152",4084
"ENSG00000280153",2378
"ENSG00000280154",177
"ENSG00000280155",1544
"ENSG00000280157",2249
"ENSG00000280159",2431
"ENSG00000280160",2218
"ENSG00000280161",984
"ENSG00000280162",3658
"ENSG00000280163",1675
"ENSG00000280164",2350
"ENSG00000280165",5105
"ENSG00000280166",619
"ENSG00000280167",357
"ENSG00000280168",802
"ENSG00000280169",2203
"ENSG00000280171",2174
"ENSG00000280172",1990
"ENSG00000280173",2124
"ENSG00000280176",216
"ENSG00000280177",2777
"ENSG00000280179",3241
"ENSG00000280180",5731
"ENSG00000280181",1056
"ENSG00000280182",2168
"ENSG00000280183",535
"ENSG00000280184",2704
"ENSG00000280185",323
"ENSG00000280187",3153
"ENSG00000280189",2620
"ENSG00000280190",2072
"ENSG00000280191",713
"ENSG00000280193",2327
"ENSG00000280194",2295
"ENSG00000280195",1965
"ENSG00000280196",595
"ENSG00000280197",537
"ENSG00000280198",700
"ENSG00000280199",1880
"ENSG00000280200",2027
"ENSG00000280201",740
"ENSG00000280202",1697
"ENSG00000280204",1474
"ENSG00000280205",3765
"ENSG00000280206",882
"ENSG00000280207",454
"ENSG00000280208",1708
"ENSG00000280211",2502
"ENSG00000280212",478
"ENSG00000280213",3602
"ENSG00000280214",2121
"ENSG00000280215",111
"ENSG00000280216",406
"ENSG00000280217",2013
"ENSG00000280219",8092
"ENSG00000280220",1954
"ENSG00000280222",6473
"ENSG00000280223",1673
"ENSG00000280224",1018
"ENSG00000280225",2537
"ENSG00000280227",549
"ENSG00000280228",3868
"ENSG00000280229",2812
"ENSG00000280231",476
"ENSG00000280232",618
"ENSG00000280233",581
"ENSG00000280234",1449
"ENSG00000280236",1639
"ENSG00000280238",273
"ENSG00000280239",2027
"ENSG00000280241",9352
"ENSG00000280242",439
"ENSG00000280243",1081
"ENSG00000280244",461
"ENSG00000280245",1078
"ENSG00000280247",1020
"ENSG00000280248",2161
"ENSG00000280251",167
"ENSG00000280254",2106
"ENSG00000280255",2671
"ENSG00000280261",138
"ENSG00000280262",2929
"ENSG00000280263",1338
"ENSG00000280265",1256
"ENSG00000280266",1543
"ENSG00000280267",2433
"ENSG00000280268",1922
"ENSG00000280269",878
"ENSG00000280270",1749
"ENSG00000280272",426
"ENSG00000280274",1294
"ENSG00000280275",2012
"ENSG00000280278",1980
"ENSG00000280279",2096
"ENSG00000280280",112
"ENSG00000280281",3585
"ENSG00000280282",504
"ENSG00000280283",774
"ENSG00000280284",386
"ENSG00000280285",3226
"ENSG00000280286",341
"ENSG00000280287",4219
"ENSG00000280288",1371
"ENSG00000280291",3089
"ENSG00000280294",3352
"ENSG00000280295",1638
"ENSG00000280296",3099
"ENSG00000280300",549
"ENSG00000280302",3313
"ENSG00000280303",2003
"ENSG00000280304",3497
"ENSG00000280305",3446
"ENSG00000280306",1958
"ENSG00000280307",623
"ENSG00000280309",5025
"ENSG00000280310",1048
"ENSG00000280311",975
"ENSG00000280312",1642
"ENSG00000280314",2438
"ENSG00000280317",301
"ENSG00000280318",351
"ENSG00000280319",514
"ENSG00000280320",360
"ENSG00000280321",1654
"ENSG00000280323",1843
"ENSG00000280326",1518
"ENSG00000280327",1656
"ENSG00000280330",1185
"ENSG00000280331",177
"ENSG00000280332",1999
"ENSG00000280333",134
"ENSG00000280334",2810
"ENSG00000280335",714
"ENSG00000280336",663
"ENSG00000280337",1269
"ENSG00000280338",576
"ENSG00000280339",3249
"ENSG00000280340",590
"ENSG00000280341",6114
"ENSG00000280345",715
"ENSG00000280347",4975
"ENSG00000280348",2130
"ENSG00000280349",351
"ENSG00000280350",1529
"ENSG00000280351",1798
"ENSG00000280352",535
"ENSG00000280353",1614
"ENSG00000280354",371
"ENSG00000280355",2122
"ENSG00000280356",11358
"ENSG00000280357",535
"ENSG00000280359",461
"ENSG00000280360",550
"ENSG00000280362",3944
"ENSG00000280364",589
"ENSG00000280365",741
"ENSG00000280367",3386
"ENSG00000280368",185
"ENSG00000280369",319
"ENSG00000280371",743
"ENSG00000280372",1495
"ENSG00000280373",233
"ENSG00000280375",592
"ENSG00000280376",485
"ENSG00000280377",586
"ENSG00000280378",1755
"ENSG00000280379",773
"ENSG00000280380",3189
"ENSG00000280381",5566
"ENSG00000280382",2385
"ENSG00000280383",23112
"ENSG00000280384",2045
"ENSG00000280385",4507
"ENSG00000280387",1248
"ENSG00000280388",1987
"ENSG00000280390",675
"ENSG00000280392",3443
"ENSG00000280393",233
"ENSG00000280394",402
"ENSG00000280395",3693
"ENSG00000280396",369
"ENSG00000280397",3634
"ENSG00000280398",700
"ENSG00000280399",3691
"ENSG00000280400",466
"ENSG00000280401",1728
"ENSG00000280402",1569
"ENSG00000280405",738
"ENSG00000280406",597
"ENSG00000280407",2778
"ENSG00000280408",186
"ENSG00000280409",2207
"ENSG00000280411",411
"ENSG00000280412",572
"ENSG00000280414",3129
"ENSG00000280415",2258
"ENSG00000280416",437
"ENSG00000280417",1957
"ENSG00000280418",7579
"ENSG00000280419",685
"ENSG00000280420",484
"ENSG00000280422",2054
"ENSG00000280423",2197
"ENSG00000280424",4162
"ENSG00000280425",5227
"ENSG00000280426",1709
"ENSG00000280429",1743
"ENSG00000280430",614
"ENSG00000280431",724
"ENSG00000280432",1101
"ENSG00000280433",3634
"ENSG00000280434",14262
"ENSG00000280435",1670
"ENSG00000280436",510
"ENSG00000280438",200
"ENSG00000280439",634
"ENSG00000280440",346
"ENSG00000280441",5134
"ENSG00000280443",202
"ENSG00000280444",597
"ENSG00000280445",2600
"ENSG00000280446",1599
"ENSG00000280449",224
"ENSG00000280450",627
"ENSG00000280451",1212
"ENSG00000280453",421
"ENSG00000280455",760
"ENSG00000280457",1275
"ENSG00000280466",128
"ENSG00000280474",528
"ENSG00000280485",520
"ENSG00000280486",2711
"ENSG00000280494",53
"ENSG00000280496",136
"ENSG00000280498",135
"ENSG00000280502",297
"ENSG00000280511",722
"ENSG00000280515",2066
"ENSG00000280537",4650
"ENSG00000280543",2031
"ENSG00000280554",71
"ENSG00000280571",5715
"ENSG00000280580",777
"ENSG00000280587",6908
"ENSG00000280594",3588
"ENSG00000280604",4807
"ENSG00000280607",473
"ENSG00000280614",923
"ENSG00000280620",872
"ENSG00000280623",5292
"ENSG00000280634",1977
"ENSG00000280636",138
"ENSG00000280639",3206
"ENSG00000280646",102
"ENSG00000280649",1058
"ENSG00000280650",9848
"ENSG00000280655",348
"ENSG00000280660",8444
"ENSG00000280665",234
"ENSG00000280670",2757
"ENSG00000280683",1966
"ENSG00000280693",2217
"ENSG00000280703",1074
"ENSG00000280704",216
"ENSG00000280707",8324
"ENSG00000280709",3050
"ENSG00000280711",1721
"ENSG00000280719",3711
"ENSG00000280721",1546
"ENSG00000280725",2395
"ENSG00000280734",9220
"ENSG00000280739",30573
"ENSG00000280744",1099
"ENSG00000280752",685
"ENSG00000280757",1275
"ENSG00000280758",575
"ENSG00000280773",61
"ENSG00000280776",4626
"ENSG00000280778",1095
"ENSG00000280780",7713
"ENSG00000280789",3874
"ENSG00000280798",3306
"ENSG00000280799",1275
"ENSG00000280800",923
"ENSG00000280809",9780
"ENSG00000280828",829
"ENSG00000280832",4197
"ENSG00000280837",2306
"ENSG00000280850",2550
"ENSG00000280852",438
"ENSG00000280870",5715
"ENSG00000280878",871
"ENSG00000280881",891
"ENSG00000280890",5017
"ENSG00000280893",2252
"ENSG00000280894",132
"ENSG00000280904",80
"ENSG00000280913",392
"ENSG00000280916",3079
"ENSG00000280920",1198
"ENSG00000280924",1289
"ENSG00000280927",3886
"ENSG00000280936",519
"ENSG00000280953",4257
"ENSG00000280958",721
"ENSG00000280961",344
"ENSG00000280968",110
"ENSG00000280969",848
"ENSG00000280987",6355
"ENSG00000280989",8637
"ENSG00000280991",221
"ENSG00000280997",1752
"ENSG00000281000",217
"ENSG00000281005",4052
"ENSG00000281008",773
"ENSG00000281010",80
"ENSG00000281016",1964
"ENSG00000281021",744
"ENSG00000281026",4890
"ENSG00000281039",687
"ENSG00000281058",1275
"ENSG00000281087",622
"ENSG00000281091",12146
"ENSG00000281097",982
"ENSG00000281100",2008
"ENSG00000281103",9803
"ENSG00000281106",4153
"ENSG00000281113",1008
"ENSG00000281120",317
"ENSG00000281128",4823
"ENSG00000281131",2134
"ENSG00000281156",90
"ENSG00000281159",122
"ENSG00000281160",1734
"ENSG00000281162",6648
"ENSG00000281179",353
"ENSG00000281181",923
"ENSG00000281183",2283
"ENSG00000281186",1156
"ENSG00000281189",1906
"ENSG00000281195",1615
"ENSG00000281196",3508
"ENSG00000281202",2226
"ENSG00000281207",4800
"ENSG00000281219",713
"ENSG00000281248",625
"ENSG00000281264",1021
"ENSG00000281295",137
"ENSG00000281311",135
"ENSG00000281327",5973
"ENSG00000281332",2646
"ENSG00000281333",2780
"ENSG00000281344",205012
"ENSG00000281347",2660
"ENSG00000281348",556
"ENSG00000281357",14069
"ENSG00000281358",876
"ENSG00000281365",984
"ENSG00000281371",1874
"ENSG00000281376",1903
"ENSG00000281379",211
"ENSG00000281383",923
"ENSG00000281386",1068
"ENSG00000281392",14871
"ENSG00000281394",129
"ENSG00000281398",4469
"ENSG00000281404",5096
"ENSG00000281406",6731
"ENSG00000281426",66
"ENSG00000281450",1506
"ENSG00000281453",1371
"ENSG00000281460",555
"ENSG00000281468",635
"ENSG00000281469",515
"ENSG00000281473",531
"ENSG00000281477",898
"ENSG00000281490",2732
"ENSG00000281491",3085
"ENSG00000281501",4356
"ENSG00000281516",123
"ENSG00000281530",803
"ENSG00000281538",631
"ENSG00000281548",2189
"ENSG00000281550",355
"ENSG00000281560",2647
"ENSG00000281566",8215
"ENSG00000281571",1088
"ENSG00000281591",3363
"ENSG00000281593",666
"ENSG00000281613",1511
"ENSG00000281627",1275
"ENSG00000281641",4108
"ENSG00000281649",10685
"ENSG00000281652",1275
"ENSG00000281655",1905
"ENSG00000281664",1906
"ENSG00000281691",1386
"ENSG00000281692",9052
"ENSG00000281696",82
"ENSG00000281706",8889
"ENSG00000281708",2177
"ENSG00000281710",216
"ENSG00000281720",1275
"ENSG00000281721",4184
"ENSG00000281731",8471
"ENSG00000281732",3656
"ENSG00000281741",1088
"ENSG00000281756",941
"ENSG00000281769",3316
"ENSG00000281772",424
"ENSG00000281778",4238
"ENSG00000281780",89
"ENSG00000281808",132
"ENSG00000281809",4983
"ENSG00000281831",1889
"ENSG00000281832",2078
"ENSG00000281842",87
"ENSG00000281849",7112
"ENSG00000281852",5511
"ENSG00000281856",1452
"ENSG00000281859",69
"ENSG00000281863",138
"ENSG00000281880",8565
"ENSG00000281883",1792
"ENSG00000281887",2148
"ENSG00000281896",281
"ENSG00000281903",15081
"ENSG00000281904",1963
"ENSG00000281909",759
"ENSG00000281910",136
"ENSG00000281912",1710
"ENSG00000281938",3259
"ENSG00000281941",751
"ENSG00000281955",778
"ENSG00000281958",51
"ENSG00000281961",480
"ENSG00000281969",4477
"ENSG00000281974",1199
"ENSG00000281990",353
"ENSG00000281991",1649
"ENSG00000282012",718
"ENSG00000282022",455
"ENSG00000282024",1856
"ENSG00000282033",1250
"ENSG00000282034",11692
"ENSG00000282041",840
"ENSG00000282048",2136
"ENSG00000282051",436
"ENSG00000282057",3607
"ENSG00000282059",2357
"ENSG00000282089",31
"ENSG00000282097",4841
"ENSG00000282100",1574
"ENSG00000282121",486
"ENSG00000282122",402
"ENSG00000282133",50
"ENSG00000282137",913
"ENSG00000282142",4311
"ENSG00000282143",2955
"ENSG00000282160",993
"ENSG00000282164",7773
"ENSG00000282173",50
"ENSG00000282199",1732
"ENSG00000282206",136
"ENSG00000282218",930
"ENSG00000282221",924
"ENSG00000282222",757
"ENSG00000282265",1200
"ENSG00000282268",31
"ENSG00000282277",256
"ENSG00000282278",2550
"ENSG00000282299",754
"ENSG00000282300",754
"ENSG00000282301",1886
"ENSG00000282304",2582
"ENSG00000282306",778
"ENSG00000282308",573
"ENSG00000282317",563
"ENSG00000282320",48
"ENSG00000282321",297
"ENSG00000282327",54
"ENSG00000282339",676
"ENSG00000282358",757
"ENSG00000282375",1827
"ENSG00000282381",3830
"ENSG00000282386",710
"ENSG00000282390",2985
"ENSG00000282393",3021
"ENSG00000282408",453
"ENSG00000282413",268
"ENSG00000282416",757
"ENSG00000282418",4519
"ENSG00000282419",4293
"ENSG00000282420",48
"ENSG00000282431",12
"ENSG00000282432",121
"ENSG00000282458",173
"ENSG00000282478",2816
"ENSG00000282499",381
"ENSG00000282501",754
"ENSG00000282502",336
"ENSG00000282508",12692
"ENSG00000282511",980
"ENSG00000282520",31
"ENSG00000282527",1265
"ENSG00000282535",1018
"ENSG00000282542",776
"ENSG00000282556",6867
"ENSG00000282564",9313
"ENSG00000282572",5611
"ENSG00000282591",1743
"ENSG00000282599",31
"ENSG00000282600",350
"ENSG00000282602",448
"ENSG00000282608",2560
"ENSG00000282625",261
"ENSG00000282639",353
"ENSG00000282651",410
"ENSG00000282668",778
"ENSG00000282686",475
"ENSG00000282692",948
"ENSG00000282697",754
"ENSG00000282718",1882
"ENSG00000282728",4370
"ENSG00000282732",28
"ENSG00000282738",225
"ENSG00000282740",3129
"ENSG00000282742",949
"ENSG00000282757",1117
"ENSG00000282759",470
"ENSG00000282772",3175
"ENSG00000282780",53
"ENSG00000282785",357
"ENSG00000282787",593
"ENSG00000282793",1152
"ENSG00000282798",806
"ENSG00000282804",654
"ENSG00000282807",1404
"ENSG00000282815",5346
"ENSG00000282816",343
"ENSG00000282826",769
"ENSG00000282828",6507
"ENSG00000282834",307
"ENSG00000282836",876
"ENSG00000282840",1893
"ENSG00000282842",835
"ENSG00000282843",1228
"ENSG00000282849",3992
"ENSG00000282850",399
"ENSG00000282851",3045
"ENSG00000282852",177
"ENSG00000282855",308
"ENSG00000282859",557
"ENSG00000282860",607
"ENSG00000282864",1078
"ENSG00000282865",2117
"ENSG00000282870",771
"ENSG00000282872",1203
"ENSG00000282875",241
"ENSG00000282876",588
"ENSG00000282879",195
"ENSG00000282881",2270
"ENSG00000282882",1600
"ENSG00000282885",3687
"ENSG00000282886",330
"ENSG00000282890",2698
"ENSG00000282894",958
"ENSG00000282897",2787
"ENSG00000282898",631
"ENSG00000282904",1643
"ENSG00000282906",1209
"ENSG00000282907",1442
"ENSG00000282909",933
"ENSG00000282911",790
"ENSG00000282912",290
"ENSG00000282914",433
"ENSG00000282915",479
"ENSG00000282916",1791
"ENSG00000282917",5531
"ENSG00000282921",199
"ENSG00000282924",1155
"ENSG00000282925",1745
"ENSG00000282927",245
"ENSG00000282933",2701
"ENSG00000282935",1253
"ENSG00000282936",9386
"ENSG00000282939",394
"ENSG00000282943",4144
"ENSG00000282944",3122
"ENSG00000282946",952
"ENSG00000282949",357
"ENSG00000282950",2853
"ENSG00000282951",1103
"ENSG00000282952",572
"ENSG00000282961",12727
"ENSG00000282964",547
"ENSG00000282968",2191
"ENSG00000282973",215
"ENSG00000282975",760
"ENSG00000282977",590
"ENSG00000282978",492
"ENSG00000282980",498
"ENSG00000282987",2118
"ENSG00000282988",2110
"ENSG00000282989",720
"ENSG00000282993",234
"ENSG00000282994",241
"ENSG00000282995",770
"ENSG00000282996",843
"ENSG00000282997",2006
"ENSG00000282998",2711
"ENSG00000283000",1201
"ENSG00000283001",2470
"ENSG00000283005",1910
"ENSG00000283010",1806
"ENSG00000283016",411
"ENSG00000283020",728
"ENSG00000283023",774
"ENSG00000283025",2884
"ENSG00000283031",2814
"ENSG00000283033",3078
"ENSG00000283036",1047
"ENSG00000283039",3159
"ENSG00000283040",837
"ENSG00000283041",1314
"ENSG00000283043",318
"ENSG00000283044",806
"ENSG00000283045",663
"ENSG00000283047",749
"ENSG00000283050",356
"ENSG00000283051",2228
"ENSG00000283052",2569
"ENSG00000283053",1469
"ENSG00000283057",232
"ENSG00000283058",1061
"ENSG00000283061",441
"ENSG00000283063",424
"ENSG00000283064",1578
"ENSG00000283065",218
"ENSG00000283069",756
"ENSG00000283071",732
"ENSG00000283072",4154
"ENSG00000283075",463
"ENSG00000283076",890
"ENSG00000283078",2465
"ENSG00000283083",2967
"ENSG00000283084",198
"ENSG00000283093",1620
"ENSG00000283095",1535
"ENSG00000283096",1259
"ENSG00000283097",2587
"ENSG00000283098",11809
"ENSG00000283101",365
"ENSG00000283103",4833
"ENSG00000283108",3230
"ENSG00000283110",245
"ENSG00000283117",7332
"ENSG00000283118",644
"ENSG00000283122",3347
"ENSG00000283123",484
"ENSG00000283125",547
"ENSG00000283126",77
"ENSG00000283128",9504
"ENSG00000283130",659
"ENSG00000283131",773
"ENSG00000283132",1257
"ENSG00000283133",168
"ENSG00000283136",89
"ENSG00000283138",713
"ENSG00000283141",1119
"ENSG00000283142",242
"ENSG00000283145",379
"ENSG00000283146",54
"ENSG00000283148",932
"ENSG00000283149",501
"ENSG00000283152",81
"ENSG00000283154",2883
"ENSG00000283155",1108
"ENSG00000283156",1182
"ENSG00000283157",1176
"ENSG00000283159",72
"ENSG00000283160",60
"ENSG00000283162",473
"ENSG00000283165",86
"ENSG00000283166",1041
"ENSG00000283167",3972
"ENSG00000283170",76
"ENSG00000283172",97
"ENSG00000283174",300
"ENSG00000283175",2599
"ENSG00000283176",240
"ENSG00000283178",1552
"ENSG00000283180",66
"ENSG00000283183",6879
"ENSG00000283188",55
"ENSG00000283189",6807
"ENSG00000283193",93
"ENSG00000283195",210
"ENSG00000283196",213
"ENSG00000283197",85
"ENSG00000283199",3833
"ENSG00000283200",59
"ENSG00000283201",1904
"ENSG00000283202",315
"ENSG00000283203",73
"ENSG00000283204",53
"ENSG00000283205",670
"ENSG00000283206",72
"ENSG00000283207",63
"ENSG00000283208",6145
"ENSG00000283209",429
"ENSG00000283210",71
"ENSG00000283211",310
"ENSG00000283212",77
"ENSG00000283213",6815
"ENSG00000283214",377
"ENSG00000283215",2426
"ENSG00000283217",879
"ENSG00000283218",51
"ENSG00000283219",154
"ENSG00000283221",179
"ENSG00000283222",81
"ENSG00000283225",86
"ENSG00000283227",762
"ENSG00000283228",3287
"ENSG00000283230",350
"ENSG00000283232",992
"ENSG00000283234",844
"ENSG00000283235",9220
"ENSG00000283236",2995
"ENSG00000283237",97
"ENSG00000283238",69
"ENSG00000283239",7139
"ENSG00000283240",2204
"ENSG00000283242",88
"ENSG00000283246",1097
"ENSG00000283247",3730
"ENSG00000283249",75
"ENSG00000283251",953
"ENSG00000283256",79
"ENSG00000283257",376
"ENSG00000283258",3105
"ENSG00000283259",1565
"ENSG00000283262",70
"ENSG00000283265",1160
"ENSG00000283267",3873
"ENSG00000283268",521
"ENSG00000283269",1674
"ENSG00000283270",342
"ENSG00000283271",70
"ENSG00000283273",137
"ENSG00000283274",151
"ENSG00000283275",87
"ENSG00000283278",95
"ENSG00000283279",66
"ENSG00000283281",59
"ENSG00000283283",3634
"ENSG00000283285",1834
"ENSG00000283286",2253
"ENSG00000283288",1296
"ENSG00000283289",87
"ENSG00000283290",101
"ENSG00000283291",152
"ENSG00000283293",328
"ENSG00000283296",64
"ENSG00000283297",1116
"ENSG00000283298",64
"ENSG00000283300",84
"ENSG00000283301",54
"ENSG00000283303",465
"ENSG00000283304",2146
"ENSG00000283307",903
"ENSG00000283311",512
"ENSG00000283312",1592
"ENSG00000283313",83
"ENSG00000283314",3108
"ENSG00000283317",569
"ENSG00000283320",62
"ENSG00000283321",3523
"ENSG00000283324",1229
"ENSG00000283326",66
"ENSG00000283327",72
"ENSG00000283329",1078
"ENSG00000283330",87
"ENSG00000283333",49
"ENSG00000283334",88
"ENSG00000283335",88
"ENSG00000283337",99
"ENSG00000283338",199
"ENSG00000283339",150
"ENSG00000283340",85
"ENSG00000283341",2986
"ENSG00000283342",2090
"ENSG00000283343",65
"ENSG00000283345",1206
"ENSG00000283346",71
"ENSG00000283347",575
"ENSG00000283349",462
"ENSG00000283351",82
"ENSG00000283354",285
"ENSG00000283355",2348
"ENSG00000283356",135
"ENSG00000283359",70
"ENSG00000283360",863
"ENSG00000283361",2354
"ENSG00000283364",68
"ENSG00000283365",979
"ENSG00000283366",154
"ENSG00000283367",160
"ENSG00000283369",76
"ENSG00000283371",85
"ENSG00000283372",98
"ENSG00000283375",289
"ENSG00000283376",786
"ENSG00000283377",956
"ENSG00000283378",1728
"ENSG00000283379",87
"ENSG00000283380",8584
"ENSG00000283381",256
"ENSG00000283383",2803
"ENSG00000283384",3376
"ENSG00000283385",69
"ENSG00000283386",73
"ENSG00000283389",244
"ENSG00000283390",225
"ENSG00000283392",1620
"ENSG00000283393",468
"ENSG00000283394",67
"ENSG00000283399",1329
"ENSG00000283400",567
"ENSG00000283402",450
"ENSG00000283405",2738
"ENSG00000283408",2488
"ENSG00000283409",95
"ENSG00000283411",235
"ENSG00000283412",61
"ENSG00000283413",3364
"ENSG00000283414",90
"ENSG00000283415",6104
"ENSG00000283416",80
"ENSG00000283417",2396
"ENSG00000283418",88
"ENSG00000283419",71
"ENSG00000283420",69
"ENSG00000283421",217
"ENSG00000283422",3119
"ENSG00000283423",2438
"ENSG00000283426",416
"ENSG00000283427",1252
"ENSG00000283428",606
"ENSG00000283429",85
"ENSG00000283431",2127
"ENSG00000283432",105
"ENSG00000283433",119
"ENSG00000283434",3329
"ENSG00000283435",79
"ENSG00000283436",2355
"ENSG00000283438",276
"ENSG00000283439",3695
"ENSG00000283441",73
"ENSG00000283442",106
"ENSG00000283443",1754
"ENSG00000283444",831
"ENSG00000283445",6065
"ENSG00000283446",394
"ENSG00000283450",64
"ENSG00000283451",183
"ENSG00000283452",147
"ENSG00000283453",1071
"ENSG00000283455",87
"ENSG00000283456",264
"ENSG00000283457",1515
"ENSG00000283458",1025
"ENSG00000283459",3224
"ENSG00000283461",97
"ENSG00000283462",6788
"ENSG00000283463",1256
"ENSG00000283464",283
"ENSG00000283468",55
"ENSG00000283469",75
"ENSG00000283471",90
"ENSG00000283473",1736
"ENSG00000283474",60
"ENSG00000283475",85
"ENSG00000283476",62
"ENSG00000283477",62
"ENSG00000283479",420
"ENSG00000283481",270
"ENSG00000283483",804
"ENSG00000283484",78
"ENSG00000283487",64
"ENSG00000283489",79
"ENSG00000283490",101
"ENSG00000283491",639
"ENSG00000283492",57
"ENSG00000283493",55
"ENSG00000283496",1044
"ENSG00000283497",81
"ENSG00000283498",85
"ENSG00000283499",58
"ENSG00000283502",87
"ENSG00000283503",16208
"ENSG00000283505",60
"ENSG00000283506",60
"ENSG00000283507",143
"ENSG00000283509",100
"ENSG00000283511",620
"ENSG00000283513",72
"ENSG00000283514",70
"ENSG00000283515",3948
"ENSG00000283516",1322
"ENSG00000283518",3637
"ENSG00000283519",81
"ENSG00000283522",80
"ENSG00000283523",63
"ENSG00000283524",940
"ENSG00000283525",1703
"ENSG00000283526",2498
"ENSG00000283527",83
"ENSG00000283528",2577
"ENSG00000283529",812
"ENSG00000283532",65
"ENSG00000283534",70
"ENSG00000283535",555
"ENSG00000283536",823
"ENSG00000283537",637
"ENSG00000283538",3071
"ENSG00000283540",87
"ENSG00000283541",1518
"ENSG00000283542",532
"ENSG00000283544",838
"ENSG00000283545",70
"ENSG00000283546",708
"ENSG00000283547",681
"ENSG00000283549",637
"ENSG00000283550",49
"ENSG00000283551",67
"ENSG00000283554",2145
"ENSG00000283555",106
"ENSG00000283556",100
"ENSG00000283558",81
"ENSG00000283559",2077
"ENSG00000283561",80
"ENSG00000283562",289
"ENSG00000283563",3535
"ENSG00000283564",57
"ENSG00000283566",436
"ENSG00000283567",1337
"ENSG00000283568",152
"ENSG00000283569",78
"ENSG00000283571",306
"ENSG00000283572",61
"ENSG00000283573",2501
"ENSG00000283575",96
"ENSG00000283576",285
"ENSG00000283578",498
"ENSG00000283579",576
"ENSG00000283580",1345
"ENSG00000283582",619
"ENSG00000283583",176
"ENSG00000283584",80
"ENSG00000283586",546
"ENSG00000283587",651
"ENSG00000283588",68
"ENSG00000283591",49
"ENSG00000283592",112
"ENSG00000283594",463
"ENSG00000283597",804
"ENSG00000283598",60
"ENSG00000283599",1994
"ENSG00000283601",361
"ENSG00000283602",1699
"ENSG00000283603",60
"ENSG00000283604",67
"ENSG00000283605",898
"ENSG00000283607",257
"ENSG00000283608",1217
"ENSG00000283609",67
"ENSG00000283611",444
"ENSG00000283612",62
"ENSG00000283613",1157
"ENSG00000283614",76
"ENSG00000283615",53
"ENSG00000283616",76
"ENSG00000283618",150
"ENSG00000283621",65
"ENSG00000283622",56
"ENSG00000283625",887
"ENSG00000283626",678
"ENSG00000283627",705
"ENSG00000283629",517
"ENSG00000283631",632
"ENSG00000283632",3191
"ENSG00000283634",56
"ENSG00000283635",2424
"ENSG00000283636",248
"ENSG00000283637",80
"ENSG00000283638",4406
"ENSG00000283639",65
"ENSG00000283644",180
"ENSG00000283645",59
"ENSG00000283646",2951
"ENSG00000283647",524
"ENSG00000283653",279
"ENSG00000283654",3229
"ENSG00000283656",62
"ENSG00000283657",241
"ENSG00000283659",619
"ENSG00000283662",2681
"ENSG00000283663",1748
"ENSG00000283664",75
"ENSG00000283665",96
"ENSG00000283666",103
"ENSG00000283667",1609
"ENSG00000283669",304
"ENSG00000283672",74
"ENSG00000283673",47
"ENSG00000283674",26235
"ENSG00000283675",64
"ENSG00000283676",76
"ENSG00000283677",100
"ENSG00000283678",70
"ENSG00000283679",796
"ENSG00000283680",947
"ENSG00000283682",76
"ENSG00000283683",3180
"ENSG00000283684",2419
"ENSG00000283685",87
"ENSG00000283686",352
"ENSG00000283688",77
"ENSG00000283690",68
"ENSG00000283691",96
"ENSG00000283692",2680
"ENSG00000283694",79
"ENSG00000283695",61
"ENSG00000283696",1178
"ENSG00000283697",1256
"ENSG00000283698",206
"ENSG00000283699",60
"ENSG00000283701",96
"ENSG00000283703",5148
"ENSG00000283704",69
"ENSG00000283705",78
"ENSG00000283706",1332
"ENSG00000283709",391
"ENSG00000283710",67
"ENSG00000283712",65
"ENSG00000283717",81
"ENSG00000283721",78
"ENSG00000283724",60
"ENSG00000283726",109
"ENSG00000283728",87
"ENSG00000283733",99
"ENSG00000283734",73
"ENSG00000283736",79
"ENSG00000283737",796
"ENSG00000283740",1734
"ENSG00000283743",3761
"ENSG00000283744",66
"ENSG00000283745",84
"ENSG00000283749",76
"ENSG00000283751",85
"ENSG00000283752",686
"ENSG00000283755",1359
"ENSG00000283757",4336
"ENSG00000283758",702
"ENSG00000283759",90
"ENSG00000283761",5765
"ENSG00000283762",71
"ENSG00000283764",61
"ENSG00000283765",3058
"ENSG00000283766",762
"ENSG00000283768",91
"ENSG00000283769",1994
"ENSG00000283770",69
"ENSG00000283772",73
"ENSG00000283773",166
"ENSG00000283774",94
"ENSG00000283775",71
"ENSG00000283776",597
"ENSG00000283782",8961
"ENSG00000283783",96
"ENSG00000283785",83
"ENSG00000283787",3818
"ENSG00000283788",98
"ENSG00000283789",96
"ENSG00000283791",100
"ENSG00000283792",89
"ENSG00000283793",64
"ENSG00000283795",63
"ENSG00000283796",54
"ENSG00000283797",81
"ENSG00000283798",97
"ENSG00000283799",97
"ENSG00000283801",138
"ENSG00000283803",80
"ENSG00000283805",99
"ENSG00000283809",1669
"ENSG00000283813",57
"ENSG00000283815",71
"ENSG00000283818",122
"ENSG00000283819",86
"ENSG00000283821",72
"ENSG00000283822",98
"ENSG00000283824",85
"ENSG00000283828",2238
"ENSG00000283829",76
"ENSG00000283836",68
"ENSG00000283839",4593
"ENSG00000283840",61
"ENSG00000283842",74
"ENSG00000283844",110
"ENSG00000283845",89
"ENSG00000283848",62
"ENSG00000283849",1818
"ENSG00000283853",87
"ENSG00000283856",77
"ENSG00000283857",136
"ENSG00000283858",68
"ENSG00000283863",91
"ENSG00000283865",341
"ENSG00000283867",149
"ENSG00000283871",82
"ENSG00000283873",1102
"ENSG00000283874",109
"ENSG00000283876",67
"ENSG00000283877",291
"ENSG00000283879",310
"ENSG00000283880",59
"ENSG00000283881",94
"ENSG00000283885",65
"ENSG00000283888",47
"ENSG00000283891",95
"ENSG00000283894",96
"ENSG00000283897",2405
"ENSG00000283899",59
"ENSG00000283900",1770
"ENSG00000283904",65
"ENSG00000283906",321
"ENSG00000283913",6582
"ENSG00000283914",1132
"ENSG00000283920",71
"ENSG00000283921",138
"ENSG00000283923",109
"ENSG00000283926",110
"ENSG00000283927",88
"ENSG00000283928",99
"ENSG00000283929",120
"ENSG00000283930",3955
"ENSG00000283931",71
"ENSG00000283933",66
"ENSG00000283935",94
"ENSG00000283936",56
"ENSG00000283938",93
"ENSG00000283940",341
"ENSG00000283941",98
"ENSG00000283944",72
"ENSG00000283945",1040
"ENSG00000283948",304
"ENSG00000283950",67
"ENSG00000283952",536
"ENSG00000283956",73
"ENSG00000283958",106
"ENSG00000283959",8788
"ENSG00000283967",597
"ENSG00000283969",56
"ENSG00000283971",67
"ENSG00000283972",178
"ENSG00000283973",1304
"ENSG00000283977",884
"ENSG00000283978",111
"ENSG00000283980",425
"ENSG00000283982",7060
"ENSG00000283988",597
"ENSG00000283990",74
"ENSG00000283991",1519
"ENSG00000283992",583
"ENSG00000283994",1517
"ENSG00000283998",116
"ENSG00000283999",3503
"ENSG00000284000",75
"ENSG00000284003",297
"ENSG00000284005",110
"ENSG00000284008",85
"ENSG00000284010",73
"ENSG00000284011",76
"ENSG00000284012",71
"ENSG00000284015",54
"ENSG00000284018",1071
"ENSG00000284020",78
"ENSG00000284024",4763
"ENSG00000284027",112
"ENSG00000284028",64
"ENSG00000284029",62
"ENSG00000284031",82
"ENSG00000284032",64
"ENSG00000284034",115
"ENSG00000284035",76
"ENSG00000284038",110
"ENSG00000284040",80
"ENSG00000284042",597
"ENSG00000284043",69
"ENSG00000284047",63
"ENSG00000284048",689
"ENSG00000284049",96
"ENSG00000284052",8946
"ENSG00000284054",65
"ENSG00000284055",73
"ENSG00000284057",2993
"ENSG00000284059",137
"ENSG00000284060",958
"ENSG00000284062",79
"ENSG00000284064",81
"ENSG00000284065",65
"ENSG00000284067",64
"ENSG00000284070",4634
"ENSG00000284071",397
"ENSG00000284074",71
"ENSG00000284078",79
"ENSG00000284079",75
"ENSG00000284081",119
"ENSG00000284082",65
"ENSG00000284084",5925
"ENSG00000284085",76
"ENSG00000284087",62
"ENSG00000284092",56
"ENSG00000284094",89
"ENSG00000284095",1354
"ENSG00000284098",161
"ENSG00000284107",96
"ENSG00000284108",67
"ENSG00000284112",87
"ENSG00000284114",82
"ENSG00000284116",10111
"ENSG00000284117",78
"ENSG00000284118",80
"ENSG00000284121",62
"ENSG00000284122",73
"ENSG00000284125",53
"ENSG00000284128",753
"ENSG00000284129",98
"ENSG00000284130",2122
"ENSG00000284134",95
"ENSG00000284135",56
"ENSG00000284138",440
"ENSG00000284139",80
"ENSG00000284140",88
"ENSG00000284142",61
"ENSG00000284143",74
"ENSG00000284144",69
"ENSG00000284146",81
"ENSG00000284147",86
"ENSG00000284148",63
"ENSG00000284149",77
"ENSG00000284152",63
"ENSG00000284154",100
"ENSG00000284155",85
"ENSG00000284157",81
"ENSG00000284158",61
"ENSG00000284159",102
"ENSG00000284160",67
"ENSG00000284162",69
"ENSG00000284163",79
"ENSG00000284167",677
"ENSG00000284171",296
"ENSG00000284172",73
"ENSG00000284173",64
"ENSG00000284175",92
"ENSG00000284176",85
"ENSG00000284179",110
"ENSG00000284180",63
"ENSG00000284182",106
"ENSG00000284184",66
"ENSG00000284185",97
"ENSG00000284186",87
"ENSG00000284188",1315
"ENSG00000284190",72
"ENSG00000284191",118
"ENSG00000284193",117
"ENSG00000284194",1381
"ENSG00000284195",66
"ENSG00000284196",13072
"ENSG00000284197",100
"ENSG00000284200",69
"ENSG00000284202",102
"ENSG00000284203",81
"ENSG00000284204",82
"ENSG00000284209",3247
"ENSG00000284214",88
"ENSG00000284216",80
"ENSG00000284219",110
"ENSG00000284221",294
"ENSG00000284224",86
"ENSG00000284229",70
"ENSG00000284231",98
"ENSG00000284233",172
"ENSG00000284234",597
"ENSG00000284237",11735
"ENSG00000284239",50
"ENSG00000284240",10195
"ENSG00000284242",606
"ENSG00000284246",80
"ENSG00000284247",110
"ENSG00000284250",81
"ENSG00000284251",76
"ENSG00000284252",74
"ENSG00000284253",44
"ENSG00000284256",107
"ENSG00000284258",65
"ENSG00000284259",74
"ENSG00000284261",53
"ENSG00000284263",357
"ENSG00000284265",81
"ENSG00000284266",60
"ENSG00000284268",81
"ENSG00000284269",61
"ENSG00000284272",80
"ENSG00000284276",80
"ENSG00000284277",69
"ENSG00000284280",151
"ENSG00000284283",597
"ENSG00000284284",82
"ENSG00000284286",70
"ENSG00000284288",98
"ENSG00000284289",62
"ENSG00000284291",649
"ENSG00000284292",2705
"ENSG00000284293",59
"ENSG00000284294",8650
"ENSG00000284300",335
"ENSG00000284305",84
"ENSG00000284306",1066
"ENSG00000284308",3023
"ENSG00000284309",941
"ENSG00000284310",82
"ENSG00000284311",62
"ENSG00000284317",61
"ENSG00000284321",85
"ENSG00000284324",77
"ENSG00000284325",83
"ENSG00000284327",389
"ENSG00000284328",297
"ENSG00000284329",90
"ENSG00000284331",90
"ENSG00000284332",138
"ENSG00000284334",73
"ENSG00000284336",93
"ENSG00000284337",4426
"ENSG00000284341",989
"ENSG00000284343",75
"ENSG00000284344",80
"ENSG00000284346",94
"ENSG00000284351",83
"ENSG00000284353",87
"ENSG00000284356",597
"ENSG00000284357",110
"ENSG00000284360",96
"ENSG00000284361",62
"ENSG00000284362",87
"ENSG00000284363",81
"ENSG00000284364",63
"ENSG00000284368",100
"ENSG00000284370",90
"ENSG00000284372",59
"ENSG00000284373",597
"ENSG00000284375",87
"ENSG00000284376",2364
"ENSG00000284377",2684
"ENSG00000284378",85
"ENSG00000284380",397
"ENSG00000284385",101
"ENSG00000284386",80
"ENSG00000284387",73
"ENSG00000284388",61
"ENSG00000284391",2508
"ENSG00000284393",496
"ENSG00000284394",56
"ENSG00000284395",1926
"ENSG00000284399",75
"ENSG00000284402",80
"ENSG00000284407",100
"ENSG00000284410",61
"ENSG00000284411",76
"ENSG00000284412",64
"ENSG00000284415",90
"ENSG00000284416",80
"ENSG00000284418",8529
"ENSG00000284419",93
"ENSG00000284421",86
"ENSG00000284424",89
"ENSG00000284425",80
"ENSG00000284427",80
"ENSG00000284428",5091
"ENSG00000284430",5059
"ENSG00000284431",4563
"ENSG00000284433",80
"ENSG00000284435",85
"ENSG00000284436",62
"ENSG00000284438",1101
"ENSG00000284439",597
"ENSG00000284440",85
"ENSG00000284442",75
"ENSG00000284443",75
"ENSG00000284446",102
"ENSG00000284447",87
"ENSG00000284448",67
"ENSG00000284450",61
"ENSG00000284452",917
"ENSG00000284453",85
"ENSG00000284458",91
"ENSG00000284459",68
"ENSG00000284461",4139
"ENSG00000284463",73
"ENSG00000284464",85
"ENSG00000284465",597
"ENSG00000284469",87
"ENSG00000284471",4139
"ENSG00000284473",76
"ENSG00000284474",207
"ENSG00000284479",3230
"ENSG00000284481",66
"ENSG00000284482",66
"ENSG00000284484",1240
"ENSG00000284485",110
"ENSG00000284488",61
"ENSG00000284489",63
"ENSG00000284490",216
"ENSG00000284491",1769
"ENSG00000284498",94
"ENSG00000284499",75
"ENSG00000284500",2671
"ENSG00000284503",131
"ENSG00000284505",1320
"ENSG00000284508",102
"ENSG00000284512",2892
"ENSG00000284513",4576
"ENSG00000284516",683
"ENSG00000284517",63
"ENSG00000284518",65
"ENSG00000284519",63
"ENSG00000284520",83
"ENSG00000284522",384
"ENSG00000284523",7688
"ENSG00000284525",80
"ENSG00000284526",4781
"ENSG00000284532",81
"ENSG00000284535",71
"ENSG00000284536",84
"ENSG00000284538",75
"ENSG00000284540",628
"ENSG00000284541",79
"ENSG00000284542",86
"ENSG00000284543",10194
"ENSG00000284544",94
"ENSG00000284546",1075
"ENSG00000284547",90
"ENSG00000284550",86
"ENSG00000284553",61
"ENSG00000284554",2121
"ENSG00000284557",138
"ENSG00000284558",341
"ENSG00000284564",66
"ENSG00000284565",72
"ENSG00000284567",110
"ENSG00000284568",66
"ENSG00000284570",57
"ENSG00000284572",509
"ENSG00000284574",61
"ENSG00000284575",87
"ENSG00000284583",91
"ENSG00000284584",110
"ENSG00000284585",60
"ENSG00000284586",96
"ENSG00000284587",94
"ENSG00000284591",543
"ENSG00000284592",262
"ENSG00000284594",103
"ENSG00000284595",81
"ENSG00000284596",63
"ENSG00000284600",2524
"ENSG00000284601",1733
"ENSG00000284603",216
"ENSG00000284604",1413
"ENSG00000284605",1110
"ENSG00000284606",11773
"ENSG00000284607",2884
"ENSG00000284608",545
"ENSG00000284609",2170
"ENSG00000284610",219
"ENSG00000284611",1095
"ENSG00000284612",4238
"ENSG00000284613",218
"ENSG00000284614",218
"ENSG00000284615",511
"ENSG00000284616",1225
"ENSG00000284617",218
"ENSG00000284618",4068
"ENSG00000284619",211
"ENSG00000284620",219
"ENSG00000284621",71
"ENSG00000284622",318
"ENSG00000284623",3362
"ENSG00000284624",11921
"ENSG00000284625",219
"ENSG00000284626",4014
"ENSG00000284627",219
"ENSG00000284628",121
"ENSG00000284629",267
"ENSG00000284630",471
"ENSG00000284631",318
"ENSG00000284632",1702
"ENSG00000284633",5116
"ENSG00000284634",15040
"ENSG00000284635",327
"ENSG00000284636",218
"ENSG00000284637",185
"ENSG00000284638",1182
"ENSG00000284639",209
"ENSG00000284640",2366
"ENSG00000284641",1340
"ENSG00000284642",1477
"ENSG00000284643",363
"ENSG00000284645",3930
"ENSG00000284646",1657
"ENSG00000284648",219
"ENSG00000284649",292
"ENSG00000284650",1131
"ENSG00000284651",54
"ENSG00000284652",1765
"ENSG00000284653",2013
"ENSG00000284654",118
"ENSG00000284655",218
"ENSG00000284656",3727
"ENSG00000284657",4967
"ENSG00000284658",310
"ENSG00000284659",120
"ENSG00000284660",218
"ENSG00000284661",218
"ENSG00000284662",939
"ENSG00000284663",219
"ENSG00000284664",2071
"ENSG00000284665",272
"ENSG00000284666",609
"ENSG00000284667",258
"ENSG00000284668",3932
"ENSG00000284669",5207
"ENSG00000284670",1143
"ENSG00000284671",1611
"ENSG00000284672",3128
"ENSG00000284673",219
"ENSG00000284674",1580
"ENSG00000284675",1822
"ENSG00000284676",1953
"ENSG00000284677",673
"ENSG00000284678",1553
"ENSG00000284679",123
"ENSG00000284680",1093
"ENSG00000284682",285
"ENSG00000284684",138
"ENSG00000284686",2655
"ENSG00000284687",219
"ENSG00000284688",662
"ENSG00000284689",1010
"ENSG00000284690",606
"ENSG00000284691",4394
"ENSG00000284692",2316
"ENSG00000284693",6288
"ENSG00000284694",3402
"ENSG00000284695",716
"ENSG00000284696",6249
"ENSG00000284697",2208
"ENSG00000284698",221
"ENSG00000284699",886
"ENSG00000284701",680
"ENSG00000284702",1873
"ENSG00000284703",5152
"ENSG00000284704",303
"ENSG00000284705",2719
"ENSG00000284706",354
"ENSG00000284707",9778
"ENSG00000284708",2094
"ENSG00000284709",385
"ENSG00000284710",1639
"ENSG00000284711",394
"ENSG00000284713",5682
"ENSG00000284715",338
"ENSG00000284716",1043
"ENSG00000284717",975
"ENSG00000284718",291
"ENSG00000284719",3351
"ENSG00000284720",1893
"ENSG00000284721",1947
"ENSG00000284722",6947
"ENSG00000284723",939
"ENSG00000284724",219
"ENSG00000284725",318
"ENSG00000284726",604
"ENSG00000284727",218
"ENSG00000284728",221
"ENSG00000284730",1005
"ENSG00000284731",219
"ENSG00000284732",4672
"ENSG00000284733",939
"ENSG00000284734",2529
"ENSG00000284735",2381
"ENSG00000284736",107
"ENSG00000284738",3594
"ENSG00000284739",797
"ENSG00000284740",227
"ENSG00000284742",374
"ENSG00000284743",793
"ENSG00000284744",987
"ENSG00000284745",2299
"ENSG00000284746",219
"ENSG00000284747",4116
"ENSG00000284748",1346
"ENSG00000284753",975
"ENSG00000284762",3397
"ENSG00000284763",422
"ENSG00000284770",12444
"ENSG00000284772",1684
"ENSG00000284773",3163
"ENSG00000284776",695
"ENSG00000284779",2861
"ENSG00000284783",223
"ENSG00000284788",1019
"ENSG00000284791",1430
"ENSG00000284797",1074
"ENSG00000284800",5998
"ENSG00000284803",312
"ENSG00000284808",2469
"ENSG00000284809",592
"ENSG00000284820",5245
"ENSG00000284823",15168
"ENSG00000284825",1749
"ENSG00000284829",320
"ENSG00000284830",4326
"ENSG00000284834",943
"ENSG00000284837",1821
"ENSG00000284839",2303
"ENSG00000284840",47
"ENSG00000284842",2536
"ENSG00000284844",1476
"ENSG00000284846",1774
"ENSG00000284847",292
"ENSG00000284848",10131
"ENSG00000284858",532
"ENSG00000284862",10601
"ENSG00000284867",422
"ENSG00000284873",1116
"ENSG00000284874",4669
"ENSG00000284876",1400
"ENSG00000284879",3849
"ENSG00000284882",1877
"ENSG00000284883",764
"ENSG00000284892",930
"ENSG00000284895",81
"ENSG00000284902",1506
"ENSG00000284906",7965
"ENSG00000284914",1072
"ENSG00000284917",3445
"ENSG00000284922",3830
"ENSG00000284928",1046
"ENSG00000284931",651
"ENSG00000284932",175
"ENSG00000284934",2351
"ENSG00000284946",7148
"ENSG00000284948",1242
"ENSG00000284951",2074
"ENSG00000284952",3746
"ENSG00000284954",1060
"ENSG00000284956",581
"ENSG00000284957",710
"ENSG00000284959",12765
"ENSG00000284962",422
"ENSG00000284964",143
"ENSG00000284966",10043
"ENSG00000284968",2801
"ENSG00000284969",953
"ENSG00000284976",1868
"ENSG00000284977",26484
"ENSG00000284981",1350
"ENSG00000284985",179
"ENSG00000284986",394
"ENSG00000284987",593
"ENSG00000284988",532
"ENSG00000284989",4037
"ENSG00000284994",644
"ENSG00000284999",1988
"ENSG00000285000",2348
"ENSG00000285010",774
"ENSG00000285012",1396
"ENSG00000285016",1568
"ENSG00000285018",1761
"ENSG00000285020",633
"ENSG00000285025",213
"ENSG00000285030",629
"ENSG00000285035",396
"ENSG00000285040",1943
"ENSG00000285041",2712
"ENSG00000285042",720
"ENSG00000285043",3318
"ENSG00000285045",852
"ENSG00000285051",12826
"ENSG00000285053",5184
"ENSG00000285057",63
"ENSG00000285062",140
"ENSG00000285064",801
"ENSG00000285068",1227
"ENSG00000285076",422
"ENSG00000285077",4544
"ENSG00000285079",3439
"ENSG00000285080",716
"ENSG00000285081",2528
"ENSG00000285082",5172
"ENSG00000285085",936
"ENSG00000285090",5575
"ENSG00000285091",1925
"ENSG00000285094",4906
"ENSG00000285095",7844
"ENSG00000285100",3243
"ENSG00000285102",323
"ENSG00000285103",9804
"ENSG00000285115",422
"ENSG00000285116",934
"ENSG00000285117",671
"ENSG00000285122",335
"ENSG00000285128",310
"ENSG00000285130",8714
"ENSG00000285133",105
"ENSG00000285135",925
"ENSG00000285142",714
"ENSG00000285151",1597
"ENSG00000285159",2843
"ENSG00000285160",368
"ENSG00000285163",2132
"ENSG00000285165",380
"ENSG00000285169",2213
"ENSG00000285171",2371
"ENSG00000285177",565
"ENSG00000285179",748
"ENSG00000285184",7633
"ENSG00000285188",5979
"ENSG00000285190",2113
"ENSG00000285201",441
"ENSG00000285204",1597
"ENSG00000285205",4588
"ENSG00000285210",4414
"ENSG00000285212",963
"ENSG00000285215",870
"ENSG00000285216",2041
"ENSG00000285218",1545
"ENSG00000285219",59213
"ENSG00000285228",313
"ENSG00000285230",10849
"ENSG00000285231",879
"ENSG00000285237",257
"ENSG00000285238",8514
"ENSG00000285239",556
"ENSG00000285244",951
"ENSG00000285245",3705
"ENSG00000285253",5049
"ENSG00000285254",2572
"ENSG00000285257",323
"ENSG00000285268",114
"ENSG00000285269",4087
"ENSG00000285278",3473
"ENSG00000285280",16727
"ENSG00000285283",1298
"ENSG00000285287",653
"ENSG00000285292",2185
"ENSG00000285294",4734
"ENSG00000285300",2920
"ENSG00000285303",1288
"ENSG00000285304",3123
"ENSG00000285314",3442
"ENSG00000285323",161
"ENSG00000285325",1172
"ENSG00000285329",1270
"ENSG00000285330",2385
"ENSG00000285331",6467
"ENSG00000285336",3101
"ENSG00000285338",1349
"ENSG00000285347",383
"ENSG00000285354",720
"ENSG00000285361",1318
"ENSG00000285366",537
"ENSG00000285367",13763
"ENSG00000285370",422
"ENSG00000285373",870
"ENSG00000285374",1060
"ENSG00000285382",4707
"ENSG00000285388",996
"ENSG00000285398",445
"ENSG00000285401",566
"ENSG00000285402",3712
"ENSG00000285404",1914
"ENSG00000285405",969
"ENSG00000285407",3338
"ENSG00000285409",597
"ENSG00000285410",5926
"ENSG00000285412",1512
"ENSG00000285413",5308
"ENSG00000285416",763
"ENSG00000285417",450
"ENSG00000285420",888
"ENSG00000285427",1718
"ENSG00000285437",6795
"ENSG00000285444",4372
"ENSG00000285445",1237
"ENSG00000285446",1180
"ENSG00000285448",1188
"ENSG00000285454",5119
"ENSG00000285458",2497
"ENSG00000285462",4204
"ENSG00000285467",1382
"ENSG00000285470",1237
"ENSG00000285471",759
"ENSG00000285472",2317
"ENSG00000285473",716
"ENSG00000285480",573
"ENSG00000285483",2645
"ENSG00000285486",4307
"ENSG00000285491",942
"ENSG00000285492",14348
"ENSG00000285498",1153
"ENSG00000285505",3536
"ENSG00000285508",997
"ENSG00000285509",2888
"ENSG00000285513",690
"ENSG00000285517",21313
"ENSG00000285518",832
"ENSG00000285519",562
"ENSG00000285520",1946
"ENSG00000285521",1645
"ENSG00000285522",109
"ENSG00000285523",3441
"ENSG00000285524",1246
"ENSG00000285525",1414
"ENSG00000285526",1781
"ENSG00000285527",3034
"ENSG00000285528",2246
"ENSG00000285529",836
"ENSG00000285530",4292
"ENSG00000285531",381
"ENSG00000285532",1014
"ENSG00000285533",4971
"ENSG00000285534",2085
"ENSG00000285536",1014
"ENSG00000285537",952
"ENSG00000285538",1094
"ENSG00000285539",799
"ENSG00000285540",3678
"ENSG00000285541",1906
"ENSG00000285542",3333
"ENSG00000285543",2655
"ENSG00000285545",1113
"ENSG00000285547",1970
"ENSG00000285548",1217
"ENSG00000285549",1469
"ENSG00000285550",1994
"ENSG00000285551",3965
"ENSG00000285552",935
"ENSG00000285553",1704
"ENSG00000285554",2875
"ENSG00000285555",1546
"ENSG00000285556",950
"ENSG00000285557",3662
"ENSG00000285558",756
"ENSG00000285559",972
"ENSG00000285560",888
"ENSG00000285561",5226
"ENSG00000285562",2715
"ENSG00000285563",3700
"ENSG00000285564",7180
"ENSG00000285566",693
"ENSG00000285567",8150
"ENSG00000285568",1052
"ENSG00000285569",9856
"ENSG00000285570",1597
"ENSG00000285571",1114
"ENSG00000285572",8085
"ENSG00000285573",1172
"ENSG00000285575",2103
"ENSG00000285576",283
"ENSG00000285577",1912
"ENSG00000285578",4924
"ENSG00000285579",3694
"ENSG00000285580",1535
"ENSG00000285581",2432
"ENSG00000285582",6449
"ENSG00000285583",567
"ENSG00000285585",2670
"ENSG00000285586",1312
"ENSG00000285587",4012
"ENSG00000285588",752
"ENSG00000285589",5025
"ENSG00000285590",1752
"ENSG00000285591",3391
"ENSG00000285592",1895
"ENSG00000285593",2469
"ENSG00000285594",1092
"ENSG00000285595",2037
"ENSG00000285597",969
"ENSG00000285598",3847
"ENSG00000285599",682
"ENSG00000285600",4686
"ENSG00000285601",3565
"ENSG00000285602",3666
"ENSG00000285603",1689
"ENSG00000285604",1196
"ENSG00000285605",1317
"ENSG00000285606",1576
"ENSG00000285607",1395
"ENSG00000285608",3938
"ENSG00000285609",126
"ENSG00000285610",1424
"ENSG00000285611",2294
"ENSG00000285612",3093
"ENSG00000285613",1702
"ENSG00000285614",900
"ENSG00000285615",1340
"ENSG00000285616",3529
"ENSG00000285618",687
"ENSG00000285619",696
"ENSG00000285620",1395
"ENSG00000285621",1332
"ENSG00000285623",988
"ENSG00000285624",1273
"ENSG00000285625",588
"ENSG00000285626",119
"ENSG00000285627",3470
"ENSG00000285628",4082
"ENSG00000285629",663
"ENSG00000285630",1876
"ENSG00000285631",1616
"ENSG00000285632",2002
"ENSG00000285633",4532
"ENSG00000285634",8199
"ENSG00000285635",592
"ENSG00000285636",2208
"ENSG00000285637",7124
"ENSG00000285638",2438
"ENSG00000285639",5173
"ENSG00000285640",2262
"ENSG00000285641",1706
"ENSG00000285642",264
"ENSG00000285643",1017
"ENSG00000285644",3094
"ENSG00000285645",1810
"ENSG00000285646",3777
"ENSG00000285647",3834
"ENSG00000285648",3671
"ENSG00000285649",2236
"ENSG00000285650",3199
"ENSG00000285651",2795
"ENSG00000285652",4140
"ENSG00000285653",1030
"ENSG00000285654",722
"ENSG00000285655",557
"ENSG00000285657",1395
"ENSG00000285658",1178
"ENSG00000285659",838
"ENSG00000285661",2017
"ENSG00000285662",5236
"ENSG00000285663",2026
"ENSG00000285664",7765
"ENSG00000285665",661
"ENSG00000285666",1218
"ENSG00000285667",3556
"ENSG00000285668",1494
"ENSG00000285669",4587
"ENSG00000285670",978
"ENSG00000285671",2591
"ENSG00000285672",1202
"ENSG00000285674",120
"ENSG00000285675",2099
"ENSG00000285676",5433
"ENSG00000285677",2710
"ENSG00000285679",4930
"ENSG00000285680",5006
"ENSG00000285681",2316
"ENSG00000285683",2655
"ENSG00000285684",5485
"ENSG00000285685",928
"ENSG00000285686",3184
"ENSG00000285687",1395
"ENSG00000285688",1315
"ENSG00000285689",536
"ENSG00000285690",190
"ENSG00000285691",2866
"ENSG00000285692",867
"ENSG00000285693",3278
"ENSG00000285694",2424
"ENSG00000285695",2178
"ENSG00000285696",746
"ENSG00000285697",303
"ENSG00000285698",1458
"ENSG00000285699",2276
"ENSG00000285700",2174
"ENSG00000285701",775
"ENSG00000285702",2086
"ENSG00000285703",1496
"ENSG00000285704",1161
"ENSG00000285705",975
"ENSG00000285706",1938
"ENSG00000285707",2516
"ENSG00000285708",3320
"ENSG00000285709",1330
"ENSG00000285710",1193
"ENSG00000285711",1313
"ENSG00000285712",6628
"ENSG00000285713",1890
"ENSG00000285714",1596
"ENSG00000285715",817
"ENSG00000285716",1792
"ENSG00000285717",2521
"ENSG00000285718",1782
"ENSG00000285720",1395
"ENSG00000285722",2719
"ENSG00000285723",570
"ENSG00000285724",1834
"ENSG00000285725",4323
"ENSG00000285726",2233
"ENSG00000285727",809
"ENSG00000285728",6347
"ENSG00000285729",738
"ENSG00000285730",1002
"ENSG00000285731",2504
"ENSG00000285732",2503
"ENSG00000285733",4233
"ENSG00000285734",3794
"ENSG00000285735",6266
"ENSG00000285736",870
"ENSG00000285737",4513
"ENSG00000285738",2625
"ENSG00000285739",1512
"ENSG00000285740",2138
"ENSG00000285741",5236
"ENSG00000285742",1042
"ENSG00000285744",3035
"ENSG00000285745",120
"ENSG00000285746",1251
"ENSG00000285747",2430
"ENSG00000285748",3249
"ENSG00000285749",3722
"ENSG00000285750",2057
"ENSG00000285751",6734
"ENSG00000285752",2574
"ENSG00000285753",170
"ENSG00000285754",3389
"ENSG00000285755",8433
"ENSG00000285756",21120
"ENSG00000285758",4528
"ENSG00000285760",717
"ENSG00000285761",5351
"ENSG00000285763",3630
"ENSG00000285764",981
"ENSG00000285765",1395
"ENSG00000285768",1860
"ENSG00000285770",724
"ENSG00000285771",1415
"ENSG00000285772",4001
"ENSG00000285773",5182
"ENSG00000285774",3257
"ENSG00000285775",927
"ENSG00000285776",119
"ENSG00000285777",1786
"ENSG00000285778",3776
"ENSG00000285779",2253
"ENSG00000285780",996
"ENSG00000285781",1251
"ENSG00000285783",1902
"ENSG00000285784",877
"ENSG00000285785",1733
"ENSG00000285786",1811
"ENSG00000285788",716
"ENSG00000285789",1912
"ENSG00000285790",1540
"ENSG00000285791",4999
"ENSG00000285792",2184
"ENSG00000285793",4136
"ENSG00000285794",222
"ENSG00000285796",8569
"ENSG00000285797",3557
"ENSG00000285798",1759
"ENSG00000285799",129
"ENSG00000285800",3667
"ENSG00000285801",2863
"ENSG00000285802",2387
"ENSG00000285803",1817
"ENSG00000285804",4372
"ENSG00000285805",709
"ENSG00000285806",1631
"ENSG00000285807",555
"ENSG00000285809",3788
"ENSG00000285810",3374
"ENSG00000285811",3685
"ENSG00000285812",1095
"ENSG00000285813",3770
"ENSG00000285814",1395
"ENSG00000285815",2127
"ENSG00000285816",4256
"ENSG00000285817",1992
"ENSG00000285818",1347
"ENSG00000285819",5870
"ENSG00000285820",2075
"ENSG00000285821",1488
"ENSG00000285822",1157
"ENSG00000285823",1431
"ENSG00000285824",1120
"ENSG00000285825",3002
"ENSG00000285826",2623
"ENSG00000285827",6447
"ENSG00000285829",2473
"ENSG00000285830",3154
"ENSG00000285831",4358
"ENSG00000285833",1051
"ENSG00000285834",1262
"ENSG00000285835",2331
"ENSG00000285836",1325
"ENSG00000285837",3379
"ENSG00000285838",9780
"ENSG00000285839",1986
"ENSG00000285840",4216
"ENSG00000285841",3445
"ENSG00000285842",1443
"ENSG00000285843",279
"ENSG00000285844",4479
"ENSG00000285846",1641
"ENSG00000285847",12036
"ENSG00000285848",1331
"ENSG00000285849",1591
"ENSG00000285850",1185
"ENSG00000285851",2686
"ENSG00000285852",2893
"ENSG00000285854",5157
"ENSG00000285855",784
"ENSG00000285856",1311
"ENSG00000285857",1266
"ENSG00000285858",2143
"ENSG00000285859",2052
"ENSG00000285860",1004
"ENSG00000285861",811
"ENSG00000285862",625
"ENSG00000285863",589
"ENSG00000285864",878
"ENSG00000285865",2015
"ENSG00000285866",975
"ENSG00000285867",3176
"ENSG00000285868",4266
"ENSG00000285869",1491
"ENSG00000285870",2515
"ENSG00000285871",1780
"ENSG00000285872",2959
"ENSG00000285873",977
"ENSG00000285876",4820
"ENSG00000285878",778
"ENSG00000285879",1426
"ENSG00000285880",1565
"ENSG00000285881",1422
"ENSG00000285882",1360
"ENSG00000285883",1002
"ENSG00000285884",1431
"ENSG00000285885",1814
"ENSG00000285886",2085
"ENSG00000285887",4158
"ENSG00000285888",1644
"ENSG00000285889",876
"ENSG00000285890",1382
"ENSG00000285891",949
"ENSG00000285892",1331
"ENSG00000285894",1684
"ENSG00000285895",1526
"ENSG00000285896",1070
"ENSG00000285897",5828
"ENSG00000285898",2467
"ENSG00000285899",1017
"ENSG00000285900",2089
"ENSG00000285901",3435
"ENSG00000285902",1326
"ENSG00000285904",4247
"ENSG00000285905",1218
"ENSG00000285906",1491
"ENSG00000285907",6656
"ENSG00000285908",3301
"ENSG00000285909",2286
"ENSG00000285910",2929
"ENSG00000285911",1078
"ENSG00000285912",119
"ENSG00000285913",1395
"ENSG00000285914",3297
"ENSG00000285915",1460
"ENSG00000285917",762
"ENSG00000285918",1218
"ENSG00000285919",3555
"ENSG00000285920",3451
"ENSG00000285921",904
"ENSG00000285923",2227
"ENSG00000285925",841
"ENSG00000285926",1832
"ENSG00000285927",698
"ENSG00000285928",1795
"ENSG00000285929",2207
"ENSG00000285930",3048
"ENSG00000285931",511
"ENSG00000285932",1971
"ENSG00000285934",2329
"ENSG00000285935",2593
"ENSG00000285936",2159
"ENSG00000285937",1395
"ENSG00000285938",1963
"ENSG00000285939",3078
"ENSG00000285940",8593
"ENSG00000285941",1362
"ENSG00000285942",2549
"ENSG00000285943",6837
"ENSG00000285944",273
"ENSG00000285945",593
"ENSG00000285946",612
"ENSG00000285947",1038
"ENSG00000285948",2888
"ENSG00000285950",1395
"ENSG00000285952",2234
"ENSG00000285953",3793
"ENSG00000285954",886
"ENSG00000285955",3307
"ENSG00000285957",2982
"ENSG00000285958",7890
"ENSG00000285959",1611
"ENSG00000285960",1379
"ENSG00000285961",4099
"ENSG00000285963",1959
"ENSG00000285964",933
"ENSG00000285966",2847
"ENSG00000285967",6939
"ENSG00000285968",1306
"ENSG00000285969",1201
"ENSG00000285970",963
"ENSG00000285971",3075
"ENSG00000285972",1875
"ENSG00000285973",4399
"ENSG00000285974",928
"ENSG00000285975",1395
"ENSG00000285976",7491
"ENSG00000285977",1261
"ENSG00000285978",1653
"ENSG00000285979",3524
"ENSG00000285980",4940
"ENSG00000285981",619
"ENSG00000285982",2879
"ENSG00000285984",805
"ENSG00000285985",2116
"ENSG00000285986",614
"ENSG00000285987",6807
"ENSG00000285989",303
"ENSG00000285990",647
"ENSG00000285991",5065
"ENSG00000285992",956
"ENSG00000285993",1246
"ENSG00000285994",3732
"ENSG00000285996",3334
"ENSG00000285997",919
"ENSG00000285998",1225
"ENSG00000285999",1759
"ENSG00000286000",2772
"ENSG00000286001",3665
"ENSG00000286002",1483
"ENSG00000286003",1854
"ENSG00000286004",1617
"ENSG00000286005",271
"ENSG00000286006",1862
"ENSG00000286007",556
"ENSG00000286008",514
"ENSG00000286009",1279
"ENSG00000286010",5564
"ENSG00000286011",2841
"ENSG00000286012",312
"ENSG00000286013",2398
"ENSG00000286014",2900
"ENSG00000286015",2544
"ENSG00000286017",1042
"ENSG00000286018",731
"ENSG00000286019",7830
"ENSG00000286020",668
"ENSG00000286021",17739
"ENSG00000286022",2857
"ENSG00000286023",2336
"ENSG00000286024",1206
"ENSG00000286025",1719
"ENSG00000286027",2413
"ENSG00000286028",1260
"ENSG00000286030",691
"ENSG00000286031",839
"ENSG00000286032",333
"ENSG00000286033",2719
"ENSG00000286034",1317
"ENSG00000286035",3267
"ENSG00000286036",1476
"ENSG00000286037",622
"ENSG00000286038",2778
"ENSG00000286039",4365
"ENSG00000286040",5741
"ENSG00000286041",4060
"ENSG00000286042",6959
"ENSG00000286043",1469
"ENSG00000286044",5963
"ENSG00000286045",3734
"ENSG00000286046",3033
"ENSG00000286047",689
"ENSG00000286048",1942
"ENSG00000286049",1837
"ENSG00000286050",2356
"ENSG00000286051",966
"ENSG00000286052",1615
"ENSG00000286053",705
"ENSG00000286054",234
"ENSG00000286055",1048
"ENSG00000286056",2323
"ENSG00000286057",234
"ENSG00000286058",12231
"ENSG00000286059",2113
"ENSG00000286060",5004
"ENSG00000286061",4765
"ENSG00000286062",2292
"ENSG00000286063",4106
"ENSG00000286064",339
"ENSG00000286066",1835
"ENSG00000286067",2350
"ENSG00000286068",1240
"ENSG00000286069",5826
"ENSG00000286070",3147
"ENSG00000286071",18252
"ENSG00000286072",2921
"ENSG00000286073",1121
"ENSG00000286074",1715
"ENSG00000286075",2220
"ENSG00000286076",2452
"ENSG00000286077",1327
"ENSG00000286078",947
"ENSG00000286081",2541
"ENSG00000286082",2020
"ENSG00000286083",1261
"ENSG00000286084",6489
"ENSG00000286085",4023
"ENSG00000286086",2789
"ENSG00000286088",2571
"ENSG00000286089",415
"ENSG00000286090",752
"ENSG00000286091",234
"ENSG00000286092",1299
"ENSG00000286093",1142
"ENSG00000286095",931
"ENSG00000286096",492
"ENSG00000286097",1897
"ENSG00000286098",3215
"ENSG00000286099",5492
"ENSG00000286100",3414
"ENSG00000286101",1362
"ENSG00000286102",699
"ENSG00000286105",1483
"ENSG00000286106",2372
"ENSG00000286107",1923
"ENSG00000286108",1804
"ENSG00000286109",1647
"ENSG00000286110",3280
"ENSG00000286112",6970
"ENSG00000286113",3433
"ENSG00000286114",210
"ENSG00000286115",2578
"ENSG00000286116",4205
"ENSG00000286117",4199
"ENSG00000286118",4349
"ENSG00000286119",1564
"ENSG00000286120",457
"ENSG00000286121",4047
"ENSG00000286122",5190
"ENSG00000286123",2500
"ENSG00000286124",1049
"ENSG00000286125",21201
"ENSG00000286126",1627
"ENSG00000286127",1138
"ENSG00000286128",1408
"ENSG00000286129",2895
"ENSG00000286130",1151
"ENSG00000286131",189
"ENSG00000286132",5250
"ENSG00000286134",3509
"ENSG00000286135",892
"ENSG00000286136",1530
"ENSG00000286137",2900
"ENSG00000286138",2227
"ENSG00000286140",2866
"ENSG00000286141",3348
"ENSG00000286142",1140
"ENSG00000286143",1085
"ENSG00000286144",1553
"ENSG00000286145",2591
"ENSG00000286146",329
"ENSG00000286147",4893
"ENSG00000286148",312
"ENSG00000286149",479
"ENSG00000286150",1336
"ENSG00000286151",1095
"ENSG00000286152",1783
"ENSG00000286153",3093
"ENSG00000286154",916
"ENSG00000286155",479
"ENSG00000286156",1120
"ENSG00000286157",1406
"ENSG00000286158",629
"ENSG00000286159",1874
"ENSG00000286160",2117
"ENSG00000286161",556
"ENSG00000286162",3438
"ENSG00000286163",2794
"ENSG00000286165",741
"ENSG00000286167",1133
"ENSG00000286168",3067
"ENSG00000286170",1509
"ENSG00000286171",156
"ENSG00000286172",141
"ENSG00000286173",457
"ENSG00000286174",1489
"ENSG00000286175",699
"ENSG00000286176",2330
"ENSG00000286177",2904
"ENSG00000286178",312
"ENSG00000286179",1898
"ENSG00000286180",1647
"ENSG00000286181",4190
"ENSG00000286182",1039
"ENSG00000286183",2524
"ENSG00000286185",14425
"ENSG00000286186",3463
"ENSG00000286187",7531
"ENSG00000286188",1243
"ENSG00000286190",1500
"ENSG00000286191",4211
"ENSG00000286192",5697
"ENSG00000286193",3730
"ENSG00000286194",581
"ENSG00000286195",1961
"ENSG00000286196",3859
"ENSG00000286197",1393
"ENSG00000286198",6898
"ENSG00000286199",2030
"ENSG00000286201",6852
"ENSG00000286202",595
"ENSG00000286204",1006
"ENSG00000286205",1735
"ENSG00000286206",3431
"ENSG00000286207",4970
"ENSG00000286208",6311
"ENSG00000286209",892
"ENSG00000286210",2841
"ENSG00000286211",1050
"ENSG00000286212",1241
"ENSG00000286214",7947
"ENSG00000286215",1294
"ENSG00000286216",1399
"ENSG00000286217",17285
"ENSG00000286218",7342
"ENSG00000286219",9139
"ENSG00000286220",294
"ENSG00000286221",2625
"ENSG00000286222",1384
"ENSG00000286223",1898
"ENSG00000286224",204
"ENSG00000286225",1760
"ENSG00000286226",919
"ENSG00000286227",1302
"ENSG00000286229",1157
"ENSG00000286230",2090
"ENSG00000286231",1516
"ENSG00000286232",3567
"ENSG00000286233",989
"ENSG00000286234",5198
"ENSG00000286235",5862
"ENSG00000286236",1098
"ENSG00000286237",5582
"ENSG00000286238",2539
"ENSG00000286239",3429
"ENSG00000286240",1347
"ENSG00000286241",4060
"ENSG00000286242",824
"ENSG00000286243",234
"ENSG00000286244",1873
"ENSG00000286245",3913
"ENSG00000286246",1157
"ENSG00000286247",899
"ENSG00000286248",3578
"ENSG00000286249",1199
"ENSG00000286250",1679
"ENSG00000286251",2108
"ENSG00000286252",331
"ENSG00000286253",1287
"ENSG00000286254",1661
"ENSG00000286255",938
"ENSG00000286256",2015
"ENSG00000286257",6614
"ENSG00000286258",2364
"ENSG00000286259",2828
"ENSG00000286260",1595
"ENSG00000286263",6707
"ENSG00000286264",1655
"ENSG00000286266",3576
"ENSG00000286267",479
"ENSG00000286268",1426
"ENSG00000286269",5878
"ENSG00000286270",1280
"ENSG00000286271",5853
"ENSG00000286272",8028
"ENSG00000286273",1332
"ENSG00000286274",5930
"ENSG00000286275",912
"ENSG00000286276",1609
"ENSG00000286277",13351
"ENSG00000286278",674
"ENSG00000286279",7787
"ENSG00000286280",1865
"ENSG00000286281",2977
"ENSG00000286282",5136
"ENSG00000286283",498
"ENSG00000286284",1272
"ENSG00000286285",6767
"ENSG00000286286",6548
"ENSG00000286288",18514
"ENSG00000286289",4273
"ENSG00000286290",1322
"ENSG00000286291",625
"ENSG00000286294",1934
"ENSG00000286295",3009
"ENSG00000286296",1185
"ENSG00000286297",786
"ENSG00000286299",2308
"ENSG00000286300",1940
"ENSG00000286301",3196
"ENSG00000286302",1388
"ENSG00000286303",512
"ENSG00000286305",3000
"ENSG00000286306",598
"ENSG00000286307",2514
"ENSG00000286308",1389
"ENSG00000286309",1198
"ENSG00000286310",708
"ENSG00000286311",1762
"ENSG00000286312",1273
"ENSG00000286313",2300
"ENSG00000286314",3033
"ENSG00000286315",1836
"ENSG00000286316",548
"ENSG00000286317",962
"ENSG00000286318",1814
"ENSG00000286319",2138
"ENSG00000286320",3778
"ENSG00000286321",2235
"ENSG00000286322",2912
"ENSG00000286323",729
"ENSG00000286324",2467
"ENSG00000286325",730
"ENSG00000286326",2341
"ENSG00000286327",4090
"ENSG00000286328",1257
"ENSG00000286331",504
"ENSG00000286332",3138
"ENSG00000286333",2308
"ENSG00000286334",600
"ENSG00000286335",1238
"ENSG00000286337",617
"ENSG00000286338",3472
"ENSG00000286339",3492
"ENSG00000286340",5638
"ENSG00000286341",2043
"ENSG00000286342",3840
"ENSG00000286343",1287
"ENSG00000286344",1787
"ENSG00000286345",699
"ENSG00000286346",2221
"ENSG00000286347",1958
"ENSG00000286348",5848
"ENSG00000286349",1293
"ENSG00000286350",732
"ENSG00000286352",657
"ENSG00000286353",2335
"ENSG00000286354",1084
"ENSG00000286355",4818
"ENSG00000286356",982
"ENSG00000286357",1108
"ENSG00000286358",1852
"ENSG00000286359",1993
"ENSG00000286360",2981
"ENSG00000286361",431
"ENSG00000286362",776
"ENSG00000286363",1001
"ENSG00000286364",2957
"ENSG00000286365",968
"ENSG00000286366",5073
"ENSG00000286367",964
"ENSG00000286368",583
"ENSG00000286369",2176
"ENSG00000286370",1129
"ENSG00000286371",3106
"ENSG00000286372",835
"ENSG00000286373",5729
"ENSG00000286375",1419
"ENSG00000286376",5273
"ENSG00000286377",2344
"ENSG00000286378",4030
"ENSG00000286379",4878
"ENSG00000286380",4051
"ENSG00000286381",5492
"ENSG00000286382",458
"ENSG00000286383",3201
"ENSG00000286384",1025
"ENSG00000286385",1037
"ENSG00000286386",7168
"ENSG00000286387",2188
"ENSG00000286388",3302
"ENSG00000286389",6127
"ENSG00000286390",544
"ENSG00000286391",3249
"ENSG00000286393",1837
"ENSG00000286394",758
"ENSG00000286395",2983
"ENSG00000286396",118
"ENSG00000286398",1438
"ENSG00000286399",3866
"ENSG00000286400",1640
"ENSG00000286401",1731
"ENSG00000286402",4425
"ENSG00000286403",2087
"ENSG00000286404",1437
"ENSG00000286405",918
"ENSG00000286406",2954
"ENSG00000286407",1580
"ENSG00000286408",829
"ENSG00000286409",3629
"ENSG00000286410",2082
"ENSG00000286411",2091
"ENSG00000286412",1852
"ENSG00000286413",556
"ENSG00000286414",1445
"ENSG00000286415",4175
"ENSG00000286416",6278
"ENSG00000286417",1730
"ENSG00000286418",3863
"ENSG00000286419",2040
"ENSG00000286421",1607
"ENSG00000286422",1539
"ENSG00000286423",11462
"ENSG00000286424",1391
"ENSG00000286425",2512
"ENSG00000286426",2399
"ENSG00000286427",3174
"ENSG00000286428",3340
"ENSG00000286429",2404
"ENSG00000286430",820
"ENSG00000286431",7647
"ENSG00000286432",967
"ENSG00000286433",1471
"ENSG00000286434",587
"ENSG00000286435",1243
"ENSG00000286436",1236
"ENSG00000286437",1512
"ENSG00000286438",2782
"ENSG00000286440",620
"ENSG00000286441",3035
"ENSG00000286442",2211
"ENSG00000286443",1171
"ENSG00000286444",1011
"ENSG00000286445",985
"ENSG00000286446",1828
"ENSG00000286447",3827
"ENSG00000286448",3435
"ENSG00000286449",4086
"ENSG00000286450",1961
"ENSG00000286451",2616
"ENSG00000286452",2384
"ENSG00000286453",2097
"ENSG00000286454",4047
"ENSG00000286455",1266
"ENSG00000286456",7253
"ENSG00000286457",2510
"ENSG00000286458",6502
"ENSG00000286459",1084
"ENSG00000286460",2520
"ENSG00000286461",1183
"ENSG00000286463",865
"ENSG00000286464",697
"ENSG00000286465",1262
"ENSG00000286467",1460
"ENSG00000286468",2516
"ENSG00000286469",969
"ENSG00000286470",2097
"ENSG00000286471",2094
"ENSG00000286473",8416
"ENSG00000286474",3461
"ENSG00000286476",748
"ENSG00000286477",3112
"ENSG00000286478",1164
"ENSG00000286479",2114
"ENSG00000286480",1171
"ENSG00000286481",9356
"ENSG00000286482",7182
"ENSG00000286483",953
"ENSG00000286484",1795
"ENSG00000286485",2118
"ENSG00000286486",2831
"ENSG00000286487",6959
"ENSG00000286488",3998
"ENSG00000286489",1360
"ENSG00000286490",922
"ENSG00000286491",503
"ENSG00000286492",247
"ENSG00000286493",1074
"ENSG00000286495",881
"ENSG00000286496",6185
"ENSG00000286497",1349
"ENSG00000286498",1401
"ENSG00000286500",1803
"ENSG00000286502",4479
"ENSG00000286503",2329
"ENSG00000286505",2184
"ENSG00000286506",261
"ENSG00000286507",5543
"ENSG00000286508",1490
"ENSG00000286509",1242
"ENSG00000286510",1304
"ENSG00000286512",3542
"ENSG00000286513",1481
"ENSG00000286514",2686
"ENSG00000286515",695
"ENSG00000286516",902
"ENSG00000286517",539
"ENSG00000286518",2784
"ENSG00000286520",4270
"ENSG00000286521",1073
"ENSG00000286522",511
"ENSG00000286523",6864
"ENSG00000286524",1670
"ENSG00000286525",5688
"ENSG00000286526",3673
"ENSG00000286527",1395
"ENSG00000286528",613
"ENSG00000286529",2973
"ENSG00000286530",1259
"ENSG00000286531",1823
"ENSG00000286532",2219
"ENSG00000286533",1397
"ENSG00000286535",3624
"ENSG00000286536",6116
"ENSG00000286537",734
"ENSG00000286538",2571
"ENSG00000286539",2334
"ENSG00000286540",1241
"ENSG00000286541",2643
"ENSG00000286543",5536
"ENSG00000286544",1920
"ENSG00000286545",4045
"ENSG00000286546",2496
"ENSG00000286547",936
"ENSG00000286548",6245
"ENSG00000286549",3004
"ENSG00000286550",971
"ENSG00000286551",5145
"ENSG00000286552",1448
"ENSG00000286553",1410
"ENSG00000286554",865
"ENSG00000286555",836
"ENSG00000286556",876
"ENSG00000286557",4221
"ENSG00000286558",1553
"ENSG00000286559",3232
"ENSG00000286561",2017
"ENSG00000286562",792
"ENSG00000286563",1743
"ENSG00000286565",2246
"ENSG00000286566",708
"ENSG00000286567",746
"ENSG00000286568",1555
"ENSG00000286569",1291
"ENSG00000286570",654
"ENSG00000286573",3050
"ENSG00000286575",1975
"ENSG00000286576",578
"ENSG00000286577",1789
"ENSG00000286578",685
"ENSG00000286579",1253
"ENSG00000286580",1244
"ENSG00000286581",758
"ENSG00000286582",2618
"ENSG00000286583",2218
"ENSG00000286584",1187
"ENSG00000286585",3157
"ENSG00000286586",1654
"ENSG00000286587",3980
"ENSG00000286588",557
"ENSG00000286589",581
"ENSG00000286590",2113
"ENSG00000286591",3875
"ENSG00000286592",6146
"ENSG00000286593",2551
"ENSG00000286594",2244
"ENSG00000286595",2073
"ENSG00000286596",3004
"ENSG00000286597",577
"ENSG00000286598",708
"ENSG00000286600",1694
"ENSG00000286602",675
"ENSG00000286604",1746
"ENSG00000286605",3341
"ENSG00000286606",1263
"ENSG00000286607",1105
"ENSG00000286608",5540
"ENSG00000286609",500
"ENSG00000286610",10744
"ENSG00000286611",550
"ENSG00000286612",1554
"ENSG00000286613",870
"ENSG00000286614",2144
"ENSG00000286615",9217
"ENSG00000286616",1948
"ENSG00000286617",796
"ENSG00000286618",1785
"ENSG00000286619",6230
"ENSG00000286620",2210
"ENSG00000286621",1778
"ENSG00000286623",1380
"ENSG00000286624",1882
"ENSG00000286625",4171
"ENSG00000286626",3362
"ENSG00000286627",3243
"ENSG00000286628",1189
"ENSG00000286629",1434
"ENSG00000286630",1359
"ENSG00000286631",1990
"ENSG00000286632",1844
"ENSG00000286634",1225
"ENSG00000286635",2861
"ENSG00000286636",1536
"ENSG00000286637",3352
"ENSG00000286638",3288
"ENSG00000286639",3743
"ENSG00000286640",1035
"ENSG00000286641",5513
"ENSG00000286642",4932
"ENSG00000286643",2138
"ENSG00000286644",584
"ENSG00000286645",1875
"ENSG00000286646",1256
"ENSG00000286647",4144
"ENSG00000286648",1677
"ENSG00000286649",2218
"ENSG00000286650",2088
"ENSG00000286651",855
"ENSG00000286652",4471
"ENSG00000286653",3217
"ENSG00000286654",2948
"ENSG00000286655",3343
"ENSG00000286656",4412
"ENSG00000286657",1852
"ENSG00000286658",1385
"ENSG00000286659",540
"ENSG00000286660",454
"ENSG00000286661",3782
"ENSG00000286662",5956
"ENSG00000286663",1028
"ENSG00000286664",548
"ENSG00000286665",976
"ENSG00000286666",4592
"ENSG00000286667",2788
"ENSG00000286668",1354
"ENSG00000286669",628
"ENSG00000286670",1699
"ENSG00000286671",942
"ENSG00000286672",2197
"ENSG00000286674",3476
"ENSG00000286675",4901
"ENSG00000286676",1070
"ENSG00000286677",1506
"ENSG00000286678",2214
"ENSG00000286679",20770
"ENSG00000286680",3747
"ENSG00000286681",4181
"ENSG00000286682",1381
"ENSG00000286683",800
"ENSG00000286684",1195
"ENSG00000286685",6899
"ENSG00000286686",3211
"ENSG00000286688",1903
"ENSG00000286689",1110
"ENSG00000286690",940
"ENSG00000286691",2582
"ENSG00000286692",486
"ENSG00000286693",2491
"ENSG00000286694",2201
"ENSG00000286695",2231
"ENSG00000286696",1684
"ENSG00000286697",1422
"ENSG00000286698",1893
"ENSG00000286700",2328
"ENSG00000286701",429
"ENSG00000286703",2483
"ENSG00000286704",106
"ENSG00000286705",1185
"ENSG00000286707",2782
"ENSG00000286708",3137
"ENSG00000286709",619
"ENSG00000286710",5631
"ENSG00000286711",1371
"ENSG00000286712",3773
"ENSG00000286713",1638
"ENSG00000286714",4369
"ENSG00000286715",795
"ENSG00000286716",1065
"ENSG00000286717",3670
"ENSG00000286718",749
"ENSG00000286719",1750
"ENSG00000286720",6897
"ENSG00000286721",2464
"ENSG00000286722",2525
"ENSG00000286724",6225
"ENSG00000286725",7164
"ENSG00000286727",3051
"ENSG00000286728",10613
"ENSG00000286729",1041
"ENSG00000286730",1156
"ENSG00000286731",2253
"ENSG00000286732",1962
"ENSG00000286733",7672
"ENSG00000286734",3911
"ENSG00000286735",2950
"ENSG00000286736",1130
"ENSG00000286737",1641
"ENSG00000286738",1959
"ENSG00000286739",2742
"ENSG00000286740",616
"ENSG00000286741",2056
"ENSG00000286742",4476
"ENSG00000286743",2184
"ENSG00000286744",102
"ENSG00000286745",728
"ENSG00000286746",13304
"ENSG00000286747",1271
"ENSG00000286748",1495
"ENSG00000286749",5583
"ENSG00000286750",516
"ENSG00000286751",972
"ENSG00000286752",1699
"ENSG00000286753",5906
"ENSG00000286754",667
"ENSG00000286756",1057
"ENSG00000286757",11661
"ENSG00000286758",2865
"ENSG00000286759",1254
"ENSG00000286760",4691
"ENSG00000286763",5449
"ENSG00000286764",2487
"ENSG00000286765",3505
"ENSG00000286766",2561
"ENSG00000286767",769
"ENSG00000286769",1148
"ENSG00000286770",2373
"ENSG00000286771",1325
"ENSG00000286772",2743
"ENSG00000286773",1353
"ENSG00000286774",1886
"ENSG00000286775",2802
"ENSG00000286776",896
"ENSG00000286777",785
"ENSG00000286779",754
"ENSG00000286780",2370
"ENSG00000286781",2808
"ENSG00000286782",3727
"ENSG00000286784",3619
"ENSG00000286785",8059
"ENSG00000286786",6449
"ENSG00000286787",9655
"ENSG00000286788",5569
"ENSG00000286789",767
"ENSG00000286790",2411
"ENSG00000286791",10470
"ENSG00000286793",141
"ENSG00000286794",1446
"ENSG00000286795",954
"ENSG00000286796",3703
"ENSG00000286797",4745
"ENSG00000286798",1726
"ENSG00000286799",983
"ENSG00000286800",9197
"ENSG00000286801",1694
"ENSG00000286802",4620
"ENSG00000286803",1062
"ENSG00000286804",829
"ENSG00000286805",2229
"ENSG00000286806",868
"ENSG00000286807",2839
"ENSG00000286808",1689
"ENSG00000286809",1353
"ENSG00000286810",2935
"ENSG00000286811",803
"ENSG00000286812",3691
"ENSG00000286813",2194
"ENSG00000286816",3103
"ENSG00000286818",4918
"ENSG00000286819",2083
"ENSG00000286820",1392
"ENSG00000286821",1947
"ENSG00000286822",784
"ENSG00000286823",1653
"ENSG00000286826",2009
"ENSG00000286828",4005
"ENSG00000286829",5309
"ENSG00000286830",2356
"ENSG00000286831",2037
"ENSG00000286832",664
"ENSG00000286833",2513
"ENSG00000286834",3871
"ENSG00000286835",654
"ENSG00000286836",1537
"ENSG00000286837",1667
"ENSG00000286838",720
"ENSG00000286839",2067
"ENSG00000286840",1445
"ENSG00000286841",2973
"ENSG00000286842",1902
"ENSG00000286843",844
"ENSG00000286844",3859
"ENSG00000286845",1034
"ENSG00000286846",3714
"ENSG00000286847",2227
"ENSG00000286848",971
"ENSG00000286849",1776
"ENSG00000286850",1051
"ENSG00000286851",1147
"ENSG00000286852",817
"ENSG00000286853",1069
"ENSG00000286855",1483
"ENSG00000286856",3888
"ENSG00000286857",1712
"ENSG00000286858",1974
"ENSG00000286860",1537
"ENSG00000286861",3125
"ENSG00000286862",938
"ENSG00000286864",1671
"ENSG00000286865",683
"ENSG00000286866",1575
"ENSG00000286867",2366
"ENSG00000286868",796
"ENSG00000286869",3237
"ENSG00000286870",1566
"ENSG00000286871",1168
"ENSG00000286872",2474
"ENSG00000286873",1987
"ENSG00000286874",3005
"ENSG00000286875",3255
"ENSG00000286876",3230
"ENSG00000286877",717
"ENSG00000286878",4851
"ENSG00000286879",3063
"ENSG00000286880",1225
"ENSG00000286881",313
"ENSG00000286882",2439
"ENSG00000286883",978
"ENSG00000286884",1907
"ENSG00000286885",4624
"ENSG00000286886",3765
"ENSG00000286887",1646
"ENSG00000286888",2236
"ENSG00000286890",2154
"ENSG00000286891",10838
"ENSG00000286892",2547
"ENSG00000286893",1740
"ENSG00000286894",1011
"ENSG00000286896",3149
"ENSG00000286897",754
"ENSG00000286898",408
"ENSG00000286899",1802
"ENSG00000286900",1305
"ENSG00000286901",519
"ENSG00000286902",693
"ENSG00000286903",1308
"ENSG00000286904",687
"ENSG00000286905",2773
"ENSG00000286907",2169
"ENSG00000286908",1813
"ENSG00000286909",5274
"ENSG00000286910",2883
"ENSG00000286912",1113
"ENSG00000286913",2507
"ENSG00000286914",804
"ENSG00000286916",357
"ENSG00000286917",1018
"ENSG00000286918",1791
"ENSG00000286920",590
"ENSG00000286921",872
"ENSG00000286922",5903
"ENSG00000286923",3338
"ENSG00000286924",3999
"ENSG00000286926",589
"ENSG00000286927",1792
"ENSG00000286928",2048
"ENSG00000286929",794
"ENSG00000286932",659
"ENSG00000286933",2861
"ENSG00000286934",5786
"ENSG00000286935",1037
"ENSG00000286936",1333
"ENSG00000286937",2565
"ENSG00000286938",914
"ENSG00000286939",1469
"ENSG00000286940",2323
"ENSG00000286942",2015
"ENSG00000286943",4477
"ENSG00000286944",3583
"ENSG00000286945",3136
"ENSG00000286946",1454
"ENSG00000286947",1003
"ENSG00000286948",356
"ENSG00000286950",954
"ENSG00000286951",2720
"ENSG00000286952",2472
"ENSG00000286953",3635
"ENSG00000286954",3196
"ENSG00000286955",1869
"ENSG00000286956",1797
"ENSG00000286957",3064
"ENSG00000286958",1375
"ENSG00000286959",5797
"ENSG00000286960",2891
"ENSG00000286961",4557
"ENSG00000286962",4122
"ENSG00000286963",2933
"ENSG00000286964",2227
"ENSG00000286965",3858
"ENSG00000286966",855
"ENSG00000286967",656
"ENSG00000286968",1343
"ENSG00000286969",621
"ENSG00000286970",4709
"ENSG00000286971",7578
"ENSG00000286972",1879
"ENSG00000286973",3670
"ENSG00000286974",2485
"ENSG00000286975",2085
"ENSG00000286976",5259
"ENSG00000286979",1334
"ENSG00000286980",1514
"ENSG00000286981",962
"ENSG00000286982",1505
"ENSG00000286983",2711
"ENSG00000286984",4462
"ENSG00000286985",3055
"ENSG00000286986",2162
"ENSG00000286987",616
"ENSG00000286988",1049
"ENSG00000286989",2483
"ENSG00000286990",991
"ENSG00000286991",1464
"ENSG00000286992",4665
"ENSG00000286993",1687
"ENSG00000286994",1039
"ENSG00000286995",3383
"ENSG00000286998",1867
"ENSG00000286999",3775
"ENSG00000287000",3365
"ENSG00000287001",3440
"ENSG00000287002",123
"ENSG00000287003",4693
"ENSG00000287004",1756
"ENSG00000287005",1663
"ENSG00000287006",1573
"ENSG00000287007",4601
"ENSG00000287008",2181
"ENSG00000287009",1474
"ENSG00000287010",766
"ENSG00000287011",4151
"ENSG00000287012",1356
"ENSG00000287014",1321
"ENSG00000287015",719
"ENSG00000287016",1090
"ENSG00000287017",3727
"ENSG00000287018",4830
"ENSG00000287019",5905
"ENSG00000287020",790
"ENSG00000287021",5177
"ENSG00000287022",2046
"ENSG00000287023",6613
"ENSG00000287024",483
"ENSG00000287025",2050
"ENSG00000287026",2504
"ENSG00000287027",1383
"ENSG00000287028",1169
"ENSG00000287029",3915
"ENSG00000287030",1300
"ENSG00000287031",4368
"ENSG00000287032",4198
"ENSG00000287033",1870
"ENSG00000287034",1127
"ENSG00000287035",885
"ENSG00000287036",5502
"ENSG00000287037",7223
"ENSG00000287038",3918
"ENSG00000287039",4327
"ENSG00000287040",984
"ENSG00000287041",4834
"ENSG00000287042",3913
"ENSG00000287043",955
"ENSG00000287044",7202
"ENSG00000287045",5633
"ENSG00000287046",2667
"ENSG00000287047",2907
"ENSG00000287048",8762
"ENSG00000287049",841
"ENSG00000287050",5095
"ENSG00000287051",1643
"ENSG00000287052",2026
"ENSG00000287053",1454
"ENSG00000287054",2034
"ENSG00000287055",1628
"ENSG00000287056",2187
"ENSG00000287057",821
"ENSG00000287058",474
"ENSG00000287059",3351
"ENSG00000287060",5152
"ENSG00000287061",1794
"ENSG00000287062",1159
"ENSG00000287063",3170
"ENSG00000287064",1224
"ENSG00000287065",2497
"ENSG00000287066",632
"ENSG00000287067",2019
"ENSG00000287068",1610
"ENSG00000287069",3279
"ENSG00000287070",592
"ENSG00000287071",579
"ENSG00000287072",1604
"ENSG00000287073",1310
"ENSG00000287074",833
"ENSG00000287075",787
"ENSG00000287076",2915
"ENSG00000287077",3398
"ENSG00000287078",2055
"ENSG00000287079",2249
"ENSG00000287080",486
"ENSG00000287081",3912
"ENSG00000287082",1289
"ENSG00000287083",4627
"ENSG00000287084",4979
"ENSG00000287085",1843
"ENSG00000287086",1173
"ENSG00000287087",1233
"ENSG00000287088",2227
"ENSG00000287089",2248
"ENSG00000287090",5507
"ENSG00000287091",756
"ENSG00000287092",6104
"ENSG00000287093",2404
"ENSG00000287094",731
"ENSG00000287095",2477
"ENSG00000287096",1462
"ENSG00000287097",1953
"ENSG00000287098",583
"ENSG00000287099",684
"ENSG00000287100",7685
"ENSG00000287102",1537
"ENSG00000287103",415
"ENSG00000287104",1167
"ENSG00000287105",3342
"ENSG00000287106",1799
"ENSG00000287107",2409
"ENSG00000287108",2817
"ENSG00000287109",3590
"ENSG00000287110",9117
"ENSG00000287111",162
"ENSG00000287112",1638
"ENSG00000287113",557
"ENSG00000287114",1916
"ENSG00000287115",684
"ENSG00000287117",20366
"ENSG00000287118",2199
"ENSG00000287119",5144
"ENSG00000287120",3360
"ENSG00000287121",601
"ENSG00000287122",2309
"ENSG00000287123",1746
"ENSG00000287124",1692
"ENSG00000287125",1995
"ENSG00000287126",3700
"ENSG00000287128",1581
"ENSG00000287129",765
"ENSG00000287130",2112
"ENSG00000287131",1454
"ENSG00000287132",2181
"ENSG00000287133",2557
"ENSG00000287134",5550
"ENSG00000287135",3083
"ENSG00000287136",3768
"ENSG00000287137",1175
"ENSG00000287138",302
"ENSG00000287139",1817
"ENSG00000287140",4047
"ENSG00000287141",1643
"ENSG00000287142",1115
"ENSG00000287143",1502
"ENSG00000287144",2784
"ENSG00000287145",2260
"ENSG00000287146",866
"ENSG00000287147",814
"ENSG00000287148",761
"ENSG00000287149",2866
"ENSG00000287150",1037
"ENSG00000287151",18670
"ENSG00000287152",751
"ENSG00000287153",651
"ENSG00000287154",585
"ENSG00000287155",512
"ENSG00000287156",2461
"ENSG00000287157",1477
"ENSG00000287158",8382
"ENSG00000287159",1604
"ENSG00000287160",3205
"ENSG00000287161",5303
"ENSG00000287162",722
"ENSG00000287163",3152
"ENSG00000287164",1229
"ENSG00000287165",2473
"ENSG00000287166",1672
"ENSG00000287167",1863
"ENSG00000287169",1179
"ENSG00000287170",3304
"ENSG00000287171",5068
"ENSG00000287172",2863
"ENSG00000287173",1662
"ENSG00000287174",1299
"ENSG00000287175",1090
"ENSG00000287177",4568
"ENSG00000287178",976
"ENSG00000287179",892
"ENSG00000287180",1989
"ENSG00000287181",2785
"ENSG00000287182",581
"ENSG00000287183",700
"ENSG00000287184",1456
"ENSG00000287185",3572
"ENSG00000287186",1069
"ENSG00000287187",1558
"ENSG00000287188",2647
"ENSG00000287189",3219
"ENSG00000287190",2623
"ENSG00000287191",2529
"ENSG00000287192",1111
"ENSG00000287193",1303
"ENSG00000287194",76
"ENSG00000287195",2038
"ENSG00000287196",501
"ENSG00000287197",2491
"ENSG00000287198",859
"ENSG00000287199",478
"ENSG00000287200",2785
"ENSG00000287201",3074
"ENSG00000287202",3512
"ENSG00000287203",1012
"ENSG00000287204",561
"ENSG00000287205",1930
"ENSG00000287206",1298
"ENSG00000287207",1329
"ENSG00000287208",444
"ENSG00000287209",2722
"ENSG00000287210",546
"ENSG00000287212",773
"ENSG00000287213",934
"ENSG00000287214",1183
"ENSG00000287215",5753
"ENSG00000287216",1108
"ENSG00000287217",3371
"ENSG00000287218",1939
"ENSG00000287219",485
"ENSG00000287220",855
"ENSG00000287221",1333
"ENSG00000287222",2697
"ENSG00000287223",3855
"ENSG00000287224",1945
"ENSG00000287225",3392
"ENSG00000287226",6164
"ENSG00000287227",1715
"ENSG00000287229",2201
"ENSG00000287230",1314
"ENSG00000287231",2004
"ENSG00000287232",3819
"ENSG00000287233",987
"ENSG00000287234",411
"ENSG00000287235",4173
"ENSG00000287236",1204
"ENSG00000287237",636
"ENSG00000287238",15174
"ENSG00000287239",817
"ENSG00000287240",994
"ENSG00000287241",5851
"ENSG00000287242",2516
"ENSG00000287243",6521
"ENSG00000287244",942
"ENSG00000287245",4231
"ENSG00000287246",3597
"ENSG00000287247",1936
"ENSG00000287249",2156
"ENSG00000287250",1821
"ENSG00000287251",2498
"ENSG00000287252",4465
"ENSG00000287253",2115
"ENSG00000287254",2447
"ENSG00000287255",1626
"ENSG00000287256",1220
"ENSG00000287257",1743
"ENSG00000287258",2553
"ENSG00000287259",2652
"ENSG00000287260",1779
"ENSG00000287261",3484
"ENSG00000287262",2709
"ENSG00000287264",3593
"ENSG00000287265",3647
"ENSG00000287266",588
"ENSG00000287267",865
"ENSG00000287268",2129
"ENSG00000287269",1205
"ENSG00000287270",1092
"ENSG00000287271",1919
"ENSG00000287272",6920
"ENSG00000287273",133
"ENSG00000287274",1253
"ENSG00000287275",3633
"ENSG00000287276",808
"ENSG00000287277",25490
"ENSG00000287278",6051
"ENSG00000287279",4731
"ENSG00000287280",2726
"ENSG00000287281",8900
"ENSG00000287282",1277
"ENSG00000287283",2154
"ENSG00000287284",4892
"ENSG00000287285",774
"ENSG00000287286",6811
"ENSG00000287287",677
"ENSG00000287288",7210
"ENSG00000287289",3020
"ENSG00000287290",3697
"ENSG00000287291",2285
"ENSG00000287292",10261
"ENSG00000287293",1125
"ENSG00000287294",2895
"ENSG00000287295",1320
"ENSG00000287296",662
"ENSG00000287297",1905
"ENSG00000287298",950
"ENSG00000287299",8982
"ENSG00000287300",2556
"ENSG00000287301",1828
"ENSG00000287302",1230
"ENSG00000287303",1695
"ENSG00000287305",1368
"ENSG00000287306",2923
"ENSG00000287307",4429
"ENSG00000287308",4537
"ENSG00000287309",2248
"ENSG00000287310",4775
"ENSG00000287311",2914
"ENSG00000287312",8588
"ENSG00000287314",1408
"ENSG00000287315",4828
"ENSG00000287317",1256
"ENSG00000287318",3766
"ENSG00000287319",1359
"ENSG00000287320",2514
"ENSG00000287321",428
"ENSG00000287322",1551
"ENSG00000287323",874
"ENSG00000287324",633
"ENSG00000287325",1055
"ENSG00000287326",5063
"ENSG00000287327",500
"ENSG00000287328",105
"ENSG00000287329",2729
"ENSG00000287330",1204
"ENSG00000287331",1780
"ENSG00000287332",5845
"ENSG00000287333",1734
"ENSG00000287334",1561
"ENSG00000287335",10252
"ENSG00000287336",2299
"ENSG00000287337",1505
"ENSG00000287338",5764
"ENSG00000287339",718
"ENSG00000287340",1596
"ENSG00000287342",3171
"ENSG00000287343",1995
"ENSG00000287344",2732
"ENSG00000287345",1996
"ENSG00000287347",1329
"ENSG00000287348",1365
"ENSG00000287349",697
"ENSG00000287351",1312
"ENSG00000287352",5002
"ENSG00000287353",1343
"ENSG00000287354",2483
"ENSG00000287355",1682
"ENSG00000287356",7060
"ENSG00000287357",2355
"ENSG00000287358",4600
"ENSG00000287359",2598
"ENSG00000287360",2008
"ENSG00000287362",1589
"ENSG00000287363",687
"ENSG00000287364",7384
"ENSG00000287365",1858
"ENSG00000287366",534
"ENSG00000287367",5630
"ENSG00000287369",854
"ENSG00000287370",1938
"ENSG00000287372",4589
"ENSG00000287373",6737
"ENSG00000287374",3991
"ENSG00000287375",549
"ENSG00000287376",2626
"ENSG00000287377",1067
"ENSG00000287378",2484
"ENSG00000287379",570
"ENSG00000287380",1522
"ENSG00000287381",1778
"ENSG00000287382",4786
"ENSG00000287383",2575
"ENSG00000287384",595
"ENSG00000287385",3016
"ENSG00000287389",5044
"ENSG00000287390",6032
"ENSG00000287391",1812
"ENSG00000287392",1170
"ENSG00000287393",2021
"ENSG00000287394",674
"ENSG00000287395",878
"ENSG00000287396",766
"ENSG00000287397",620
"ENSG00000287398",790
"ENSG00000287399",2075
"ENSG00000287401",1889
"ENSG00000287402",2135
"ENSG00000287403",2402
"ENSG00000287404",4286
"ENSG00000287405",3352
"ENSG00000287406",3008
"ENSG00000287407",5020
"ENSG00000287408",3169
"ENSG00000287409",2289
"ENSG00000287410",4229
"ENSG00000287412",1107
"ENSG00000287413",2033
"ENSG00000287414",2919
"ENSG00000287415",3037
"ENSG00000287416",3071
"ENSG00000287417",1344
"ENSG00000287418",1671
"ENSG00000287419",1942
"ENSG00000287420",1951
"ENSG00000287421",1258
"ENSG00000287422",1941
"ENSG00000287423",2633
"ENSG00000287424",11872
"ENSG00000287425",2114
"ENSG00000287426",3401
"ENSG00000287427",2013
"ENSG00000287428",1364
"ENSG00000287429",491
"ENSG00000287430",2214
"ENSG00000287431",6818
"ENSG00000287432",854
"ENSG00000287433",2787
"ENSG00000287434",1047
"ENSG00000287435",1117
"ENSG00000287437",2680
"ENSG00000287439",6441
"ENSG00000287441",1053
"ENSG00000287442",3423
"ENSG00000287443",937
"ENSG00000287444",1104
"ENSG00000287445",2979
"ENSG00000287447",3197
"ENSG00000287448",4232
"ENSG00000287449",1471
"ENSG00000287450",138
"ENSG00000287451",1480
"ENSG00000287452",6796
"ENSG00000287453",549
"ENSG00000287454",4802
"ENSG00000287455",2168
"ENSG00000287456",1042
"ENSG00000287457",1390
"ENSG00000287458",1279
"ENSG00000287459",769
"ENSG00000287460",5873
"ENSG00000287462",875
"ENSG00000287463",3979
"ENSG00000287464",1915
"ENSG00000287465",516
"ENSG00000287466",2978
"ENSG00000287467",1447
"ENSG00000287468",1038
"ENSG00000287469",4741
"ENSG00000287470",1355
"ENSG00000287471",2010
"ENSG00000287472",1230
"ENSG00000287473",1864
"ENSG00000287474",3770
"ENSG00000287475",3560
"ENSG00000287476",775
"ENSG00000287477",3160
"ENSG00000287478",3426
"ENSG00000287479",2163
"ENSG00000287480",2635
"ENSG00000287481",1190
"ENSG00000287482",949
"ENSG00000287483",2073
"ENSG00000287484",465
"ENSG00000287485",4739
"ENSG00000287486",1019
"ENSG00000287488",4251
"ENSG00000287489",342
"ENSG00000287493",1104
"ENSG00000287494",616
"ENSG00000287495",1199
"ENSG00000287496",1230
"ENSG00000287497",12828
"ENSG00000287498",4219
"ENSG00000287499",4088
"ENSG00000287500",1048
"ENSG00000287501",1427
"ENSG00000287502",474
"ENSG00000287503",697
"ENSG00000287504",1781
"ENSG00000287505",3533
"ENSG00000287506",1397
"ENSG00000287507",786
"ENSG00000287508",1050
"ENSG00000287509",974
"ENSG00000287510",1077
"ENSG00000287511",405
"ENSG00000287512",1077
"ENSG00000287513",1528
"ENSG00000287514",6086
"ENSG00000287515",2144
"ENSG00000287516",11071
"ENSG00000287517",706
"ENSG00000287518",682
"ENSG00000287519",2916
"ENSG00000287520",4242
"ENSG00000287521",761
"ENSG00000287522",738
"ENSG00000287524",1548
"ENSG00000287525",904
"ENSG00000287526",2000
"ENSG00000287527",2125
"ENSG00000287528",1659
"ENSG00000287529",989
"ENSG00000287530",2066
"ENSG00000287531",596
"ENSG00000287532",1352
"ENSG00000287533",1092
"ENSG00000287534",2825
"ENSG00000287535",1646
"ENSG00000287536",3327
"ENSG00000287537",1000
"ENSG00000287538",2775
"ENSG00000287539",1070
"ENSG00000287540",746
"ENSG00000287541",145
"ENSG00000287542",4967
"ENSG00000287543",2802
"ENSG00000287544",11423
"ENSG00000287545",3991
"ENSG00000287546",2528
"ENSG00000287547",544
"ENSG00000287548",1356
"ENSG00000287549",961
"ENSG00000287550",4259
"ENSG00000287551",895
"ENSG00000287552",2968
"ENSG00000287553",987
"ENSG00000287554",3376
"ENSG00000287555",5198
"ENSG00000287556",933
"ENSG00000287558",7790
"ENSG00000287559",3547
"ENSG00000287560",2206
"ENSG00000287561",715
"ENSG00000287562",4799
"ENSG00000287563",3557
"ENSG00000287565",2155
"ENSG00000287566",4455
"ENSG00000287567",1012
"ENSG00000287568",5332
"ENSG00000287570",1396
"ENSG00000287571",642
"ENSG00000287574",1182
"ENSG00000287575",2834
"ENSG00000287576",3427
"ENSG00000287578",9856
"ENSG00000287579",1732
"ENSG00000287580",831
"ENSG00000287581",1753
"ENSG00000287582",1052
"ENSG00000287583",4442
"ENSG00000287584",1131
"ENSG00000287585",443
"ENSG00000287586",3225
"ENSG00000287587",1188
"ENSG00000287588",4793
"ENSG00000287589",4109
"ENSG00000287590",1189
"ENSG00000287591",2401
"ENSG00000287592",1424
"ENSG00000287593",2534
"ENSG00000287594",4553
"ENSG00000287595",3610
"ENSG00000287596",915
"ENSG00000287597",1929
"ENSG00000287598",2256
"ENSG00000287599",577
"ENSG00000287600",3285
"ENSG00000287601",638
"ENSG00000287602",2105
"ENSG00000287603",2608
"ENSG00000287605",2224
"ENSG00000287607",99
"ENSG00000287608",1901
"ENSG00000287609",3859
"ENSG00000287610",1292
"ENSG00000287611",6658
"ENSG00000287612",2081
"ENSG00000287613",2428
"ENSG00000287615",1961
"ENSG00000287616",8749
"ENSG00000287617",546
"ENSG00000287618",1093
"ENSG00000287619",6099
"ENSG00000287620",3077
"ENSG00000287621",4402
"ENSG00000287623",2594
"ENSG00000287624",689
"ENSG00000287625",4239
"ENSG00000287626",4203
"ENSG00000287627",1383
"ENSG00000287628",397
"ENSG00000287629",4927
"ENSG00000287630",2642
"ENSG00000287631",713
"ENSG00000287632",2078
"ENSG00000287633",3626
"ENSG00000287634",687
"ENSG00000287635",1333
"ENSG00000287636",16046
"ENSG00000287637",2260
"ENSG00000287639",2237
"ENSG00000287640",1956
"ENSG00000287641",713
"ENSG00000287642",3002
"ENSG00000287643",4683
"ENSG00000287644",1251
"ENSG00000287645",3241
"ENSG00000287646",3145
"ENSG00000287647",2337
"ENSG00000287650",2345
"ENSG00000287651",1801
"ENSG00000287652",824
"ENSG00000287653",984
"ENSG00000287654",516
"ENSG00000287655",955
"ENSG00000287656",2346
"ENSG00000287657",603
"ENSG00000287658",1519
"ENSG00000287659",3771
"ENSG00000287660",442
"ENSG00000287661",1861
"ENSG00000287662",878
"ENSG00000287663",1387
"ENSG00000287664",751
"ENSG00000287665",2489
"ENSG00000287666",6223
"ENSG00000287667",1863
"ENSG00000287668",2140
"ENSG00000287669",1040
"ENSG00000287670",1383
"ENSG00000287671",7594
"ENSG00000287672",1898
"ENSG00000287673",2183
"ENSG00000287674",585
"ENSG00000287675",1321
"ENSG00000287676",715
"ENSG00000287677",7614
"ENSG00000287678",1312
"ENSG00000287679",4260
"ENSG00000287680",1801
"ENSG00000287683",2627
"ENSG00000287684",5740
"ENSG00000287685",601
"ENSG00000287687",2398
"ENSG00000287688",2798
"ENSG00000287689",3304
"ENSG00000287690",2096
"ENSG00000287691",1003
"ENSG00000287692",4986
"ENSG00000287693",5720
"ENSG00000287694",5454
"ENSG00000287695",1730
"ENSG00000287696",977
"ENSG00000287697",1873
"ENSG00000287698",738
"ENSG00000287699",3798
"ENSG00000287700",3811
"ENSG00000287701",527
"ENSG00000287703",1426
"ENSG00000287704",6444
"ENSG00000287705",1856
"ENSG00000287706",2645
"ENSG00000287707",4066
"ENSG00000287709",4453
"ENSG00000287710",542
"ENSG00000287713",1946
"ENSG00000287714",1932
"ENSG00000287715",2893
"ENSG00000287717",1265
"ENSG00000287718",2326
"ENSG00000287719",3001
"ENSG00000287720",2198
"ENSG00000287721",1553
"ENSG00000287722",3213
"ENSG00000287723",4406
"ENSG00000287724",831
"ENSG00000287725",4622
"ENSG00000287726",7429
"ENSG00000287727",2876
"ENSG00000287728",5519
"ENSG00000287730",2339
"ENSG00000287731",2134
"ENSG00000287732",1029
"ENSG00000287733",1272
"ENSG00000287734",1486
"ENSG00000287735",1021
"ENSG00000287736",2809
"ENSG00000287737",4447
"ENSG00000287738",3498
"ENSG00000287739",1423
"ENSG00000287740",1839
"ENSG00000287741",2201
"ENSG00000287742",2994
"ENSG00000287743",1768
"ENSG00000287744",2024
"ENSG00000287745",360
"ENSG00000287746",1170
"ENSG00000287747",1354
"ENSG00000287748",1595
"ENSG00000287749",2680
"ENSG00000287750",5296
"ENSG00000287751",507
"ENSG00000287752",1495
"ENSG00000287754",3743
"ENSG00000287755",442
"ENSG00000287756",1453
"ENSG00000287757",1662
"ENSG00000287758",1245
"ENSG00000287759",1875
"ENSG00000287760",1581
"ENSG00000287761",1839
"ENSG00000287762",2470
"ENSG00000287763",3077
"ENSG00000287765",1219
"ENSG00000287766",1424
"ENSG00000287767",1775
"ENSG00000287768",1761
"ENSG00000287769",3525
"ENSG00000287770",126
"ENSG00000287771",1568
"ENSG00000287772",1818
"ENSG00000287773",732
"ENSG00000287774",4054
"ENSG00000287775",1124
"ENSG00000287776",3183
"ENSG00000287777",526
"ENSG00000287778",9614
"ENSG00000287779",172
"ENSG00000287780",4722
"ENSG00000287781",1795
"ENSG00000287782",1149
"ENSG00000287783",4347
"ENSG00000287784",1821
"ENSG00000287785",2599
"ENSG00000287786",1421
"ENSG00000287787",1179
"ENSG00000287789",2635
"ENSG00000287790",3211
"ENSG00000287791",526
"ENSG00000287792",2911
"ENSG00000287793",596
"ENSG00000287794",970
"ENSG00000287795",3001
"ENSG00000287796",3691
"ENSG00000287797",2446
"ENSG00000287799",1241
"ENSG00000287800",204
"ENSG00000287801",1442
"ENSG00000287802",748
"ENSG00000287803",1337
"ENSG00000287804",2868
"ENSG00000287805",262
"ENSG00000287806",2092
"ENSG00000287807",1846
"ENSG00000287808",1244
"ENSG00000287809",1715
"ENSG00000287810",177
"ENSG00000287812",3009
"ENSG00000287813",2261
"ENSG00000287814",2541
"ENSG00000287815",1183
"ENSG00000287816",3337
"ENSG00000287817",873
"ENSG00000287818",1610
"ENSG00000287819",911
"ENSG00000287820",4027
"ENSG00000287821",753
"ENSG00000287822",2058
"ENSG00000287823",6854
"ENSG00000287825",2067
"ENSG00000287826",2424
"ENSG00000287827",912
"ENSG00000287828",1280
"ENSG00000287829",1087
"ENSG00000287830",1797
"ENSG00000287831",2518
"ENSG00000287832",732
"ENSG00000287833",2746
"ENSG00000287834",1476
"ENSG00000287835",3708
"ENSG00000287836",1852
"ENSG00000287838",3787
"ENSG00000287839",8924
"ENSG00000287840",845
"ENSG00000287841",4908
"ENSG00000287842",852
"ENSG00000287844",9168
"ENSG00000287845",1797
"ENSG00000287846",959
"ENSG00000287847",1130
"ENSG00000287848",1224
"ENSG00000287849",2104
"ENSG00000287850",868
"ENSG00000287851",1278
"ENSG00000287852",2261
"ENSG00000287853",1226
"ENSG00000287854",1492
"ENSG00000287855",1814
"ENSG00000287856",3690
"ENSG00000287857",2559
"ENSG00000287859",2245
"ENSG00000287860",11715
"ENSG00000287861",1057
"ENSG00000287862",8522
"ENSG00000287863",1953
"ENSG00000287864",967
"ENSG00000287866",1075
"ENSG00000287867",6246
"ENSG00000287869",1956
"ENSG00000287870",1211
"ENSG00000287871",5273
"ENSG00000287872",3262
"ENSG00000287873",1218
"ENSG00000287876",2363
"ENSG00000287877",5733
"ENSG00000287878",2226
"ENSG00000287879",2662
"ENSG00000287880",1236
"ENSG00000287881",3223
"ENSG00000287882",1864
"ENSG00000287883",6179
"ENSG00000287885",7424
"ENSG00000287886",3251
"ENSG00000287887",3417
"ENSG00000287888",3885
"ENSG00000287889",2451
"ENSG00000287891",1580
"ENSG00000287892",1230
"ENSG00000287893",2493
"ENSG00000287894",1127
"ENSG00000287895",1065
"ENSG00000287896",2316
"ENSG00000287897",378
"ENSG00000287898",852
"ENSG00000287899",5146
"ENSG00000287900",8856
"ENSG00000287901",3003
"ENSG00000287902",660
"ENSG00000287903",1141
"ENSG00000287904",1715
"ENSG00000287905",1049
"ENSG00000287907",4375
"ENSG00000287908",3105
"ENSG00000287909",1026
"ENSG00000287910",2696
"ENSG00000287912",5754
"ENSG00000287913",3698
"ENSG00000287914",732
"ENSG00000287915",2310
"ENSG00000287916",1202
"ENSG00000287917",3159
"ENSG00000287918",4915
"ENSG00000287919",5359
"ENSG00000287920",4243
"ENSG00000287921",729
"ENSG00000287922",2674
"ENSG00000287923",5272
"ENSG00000287924",1109
"ENSG00000287925",5124
"ENSG00000287926",1007
"ENSG00000287927",2228
"ENSG00000287928",882
"ENSG00000287929",976
"ENSG00000287930",1419
"ENSG00000287931",3235
"ENSG00000287932",1939
"ENSG00000287933",7224
"ENSG00000287934",1576
"ENSG00000287935",3314
"ENSG00000287936",1994
"ENSG00000287937",2982
"ENSG00000287938",8959
"ENSG00000287939",2285
"ENSG00000287940",3948
"ENSG00000287942",566
"ENSG00000287943",1113
"ENSG00000287945",1005
"ENSG00000287946",598
"ENSG00000287947",1030
"ENSG00000287948",931
"ENSG00000287949",2932
"ENSG00000287950",2486
"ENSG00000287951",1978
"ENSG00000287952",1749
"ENSG00000287953",2043
"ENSG00000287955",4101
"ENSG00000287956",2598
"ENSG00000287957",3876
"ENSG00000287958",5778
"ENSG00000287959",1702
"ENSG00000287960",2713
"ENSG00000287961",1719
"ENSG00000287962",2525
"ENSG00000287963",7725
"ENSG00000287964",5485
"ENSG00000287965",537
"ENSG00000287966",6125
"ENSG00000287967",777
"ENSG00000287968",1802
"ENSG00000287969",1500
"ENSG00000287970",1792
"ENSG00000287971",2558
"ENSG00000287972",3613
"ENSG00000287973",2074
"ENSG00000287975",3120
"ENSG00000287976",435
"ENSG00000287977",1695
"ENSG00000287978",953
"ENSG00000287979",2216
"ENSG00000287980",1480
"ENSG00000287981",2188
"ENSG00000287982",1336
"ENSG00000287983",2355
"ENSG00000287984",993
"ENSG00000287985",4628
"ENSG00000287986",530
"ENSG00000287987",1235
"ENSG00000287988",261
"ENSG00000287989",2417
"ENSG00000287990",2690
"ENSG00000287991",1637
"ENSG00000287992",1398
"ENSG00000287993",1286
"ENSG00000287994",485
"ENSG00000287995",1792
"ENSG00000287996",9263
"ENSG00000287997",1053
"ENSG00000287998",5819
"ENSG00000287999",1503
"ENSG00000288000",4024
"ENSG00000288001",2842
"ENSG00000288003",708
"ENSG00000288004",5687
"ENSG00000288005",1381
"ENSG00000288006",1799
"ENSG00000288007",3779
"ENSG00000288008",1792
"ENSG00000288009",2321
"ENSG00000288010",2189
"ENSG00000288011",2920
"ENSG00000288012",660
"ENSG00000288013",2596
"ENSG00000288014",217
"ENSG00000288015",2320
"ENSG00000288016",5221
"ENSG00000288017",1628
"ENSG00000288018",5683
"ENSG00000288020",1412
"ENSG00000288021",3755
"ENSG00000288022",2311
"ENSG00000288023",705
"ENSG00000288024",1005
"ENSG00000288025",5159
"ENSG00000288026",5925
"ENSG00000288028",1196
"ENSG00000288029",4039
"ENSG00000288030",1851
"ENSG00000288031",2157
"ENSG00000288032",979
"ENSG00000288033",944
"ENSG00000288034",1167
"ENSG00000288035",2483
"ENSG00000288036",2127
"ENSG00000288037",921
"ENSG00000288038",2452
"ENSG00000288039",2385
"ENSG00000288040",1557
"ENSG00000288041",3534
"ENSG00000288042",1270
"ENSG00000288043",3050
"ENSG00000288044",2620
"ENSG00000288045",1433
"ENSG00000288047",5193
"ENSG00000288048",2108
"ENSG00000288049",5922
"ENSG00000288050",1886
"ENSG00000288051",2766
"ENSG00000288052",1960
"ENSG00000288053",1432
"ENSG00000288054",3917
"ENSG00000288056",1737
"ENSG00000288057",2986
"ENSG00000288059",555
"ENSG00000288060",1306
"ENSG00000288061",2180
"ENSG00000288062",2920
"ENSG00000288063",1593
"ENSG00000288064",1862
"ENSG00000288065",1143
"ENSG00000288066",1912
"ENSG00000288067",2785
"ENSG00000288068",4007
"ENSG00000288069",1237
"ENSG00000288070",3128
"ENSG00000288071",1625
"ENSG00000288072",925
"ENSG00000288073",902
"ENSG00000288074",3813
"ENSG00000288075",19654
"ENSG00000288076",3275
"ENSG00000288077",1222
"ENSG00000288078",683
"ENSG00000288079",4476
"ENSG00000288080",736
"ENSG00000288081",3720
"ENSG00000288082",3356
"ENSG00000288083",2480
"ENSG00000288084",2311
"ENSG00000288085",1292
"ENSG00000288086",1256
"ENSG00000288087",1073
"ENSG00000288088",4368
"ENSG00000288089",1227
"ENSG00000288090",1961
"ENSG00000288091",4564
"ENSG00000288092",2039
"ENSG00000288093",1871
"ENSG00000288094",1438
"ENSG00000288095",5471
"ENSG00000288096",2075
"ENSG00000288097",2414
"ENSG00000288098",4083
"ENSG00000288099",611
"ENSG00000288100",1676
"ENSG00000288102",2260
"ENSG00000288103",2659
"ENSG00000288104",2196
"ENSG00000288105",2066
"ENSG00000288106",5237
"ENSG00000288107",5981
"ENSG00000288108",509
"ENSG00000288109",4788
"ENSG00000288110",2417
"ENSG00000288139",195
"ENSG00000288153",335
"ENSG00000288156",2609
"ENSG00000288162",5230
"ENSG00000288172",1438
"ENSG00000288177",2733
"ENSG00000288187",2752
"ENSG00000288208",2768
"ENSG00000288218",1019
"ENSG00000288225",319
"ENSG00000288234",2594
"ENSG00000288235",1623
"ENSG00000288245",1317
"ENSG00000288252",512
"ENSG00000288253",5257
"ENSG00000288255",100
"ENSG00000288258",472
"ENSG00000288262",2720
"ENSG00000288266",836
"ENSG00000288271",2370
"ENSG00000288300",2763
"ENSG00000288302",1066
"ENSG00000288321",3254
"ENSG00000288330",1601
"ENSG00000288349",3501
"ENSG00000288393",1532
"ENSG00000288398",2662
"ENSG00000288434",1444
"ENSG00000288437",736
"ENSG00000288459",1228
"ENSG00000288460",1015
"ENSG00000288473",6054
"ENSG00000288484",79
"ENSG00000288520",2700
"ENSG00000288523",3322
"ENSG00000288524",1306
"ENSG00000288525",1153
"ENSG00000288527",79
"ENSG00000288528",1194
"ENSG00000288529",129
"ENSG00000288530",527
"ENSG00000288532",475
"ENSG00000288533",2438
"ENSG00000288534",6239
"ENSG00000288535",4039
"ENSG00000288536",3709
"ENSG00000288537",2102
"ENSG00000288538",1753
"ENSG00000288539",2299
"ENSG00000288540",2525
"ENSG00000288542",1769
"ENSG00000288543",497
"ENSG00000288545",2118
"ENSG00000288547",1668
"ENSG00000288548",1880
"ENSG00000288549",3182
"ENSG00000288550",4195
"ENSG00000288551",2343
"ENSG00000288552",1527
"ENSG00000288555",3021
"ENSG00000288556",1084
"ENSG00000288557",2919
"ENSG00000288558",7268
"ENSG00000288559",623
"ENSG00000288560",2192
"ENSG00000288561",981
"ENSG00000288562",2149
"ENSG00000288563",4225
"ENSG00000288564",1886
"ENSG00000288566",800
"ENSG00000288567",159
"ENSG00000288568",4170
"ENSG00000288569",4886
"ENSG00000288570",99
"ENSG00000288571",2214
"ENSG00000288575",4281
"ENSG00000288576",2808
"ENSG00000288577",2521
"ENSG00000288578",1496
"ENSG00000288579",1600
"ENSG00000288582",3541
"ENSG00000288584",2855
"ENSG00000288585",7219
"ENSG00000288586",3240
"ENSG00000288587",554
"ENSG00000288588",1394
"ENSG00000288589",895
"ENSG00000288591",6883
"ENSG00000288592",155
"ENSG00000288593",453
"ENSG00000288595",1711
"ENSG00000288596",2755
"ENSG00000288597",12466
"ENSG00000288598",7452
"ENSG00000288600",1430
"ENSG00000288601",115
"ENSG00000288602",2970
"ENSG00000288603",201
"ENSG00000288604",349
"ENSG00000288605",2177
"ENSG00000288606",572
"ENSG00000288607",1641
"ENSG00000288608",51
"ENSG00000288610",938
"ENSG00000288611",4209
"ENSG00000288612",1376
"ENSG00000288614",120
"ENSG00000288615",1050
"ENSG00000288616",1641
"ENSG00000288620",451
"ENSG00000288622",5874
"ENSG00000288623",261
"ENSG00000288625",138
"ENSG00000288626",207
"ENSG00000288627",177
"ENSG00000288629",63
"ENSG00000288631",1641
"ENSG00000288633",850
"ENSG00000288634",159
"ENSG00000288635",531
"ENSG00000288636",312
"ENSG00000288637",5884
"ENSG00000288638",3457
"ENSG00000288640",3135
"ENSG00000288642",789
"ENSG00000288643",759
"ENSG00000288644",99
"ENSG00000288645",390
"ENSG00000288646",72
"ENSG00000288648",2307
"ENSG00000288649",1583
"ENSG00000288654",78
"ENSG00000288656",793
"ENSG00000288658",6008
"ENSG00000288659",3208
"ENSG00000288661",180
"ENSG00000288662",60
"ENSG00000288663",5699
"ENSG00000288665",228
"ENSG00000288667",61
"ENSG00000288669",3987
"ENSG00000288670",1807
"ENSG00000288671",213
"ENSG00000288674",9620
"ENSG00000288675",1680
"ENSG00000288677",553
"ENSG00000288678",120
"ENSG00000288679",4064
"ENSG00000288680",191
"ENSG00000288681",382
"ENSG00000288683",2885
"ENSG00000288684",4941
"ENSG00000288685",4813
"ENSG00000288686",106
"ENSG00000288690",493
"ENSG00000288691",1351
"ENSG00000288692",1827
"ENSG00000288694",2614
"ENSG00000288695",4521
"ENSG00000288696",9054
"ENSG00000288697",106
"ENSG00000288698",3193
"ENSG00000288699",654
"ENSG00000288700",8008
"ENSG00000288701",12429
"ENSG00000288702",2431
"ENSG00000288703",4129
"ENSG00000288704",1994
"ENSG00000288705",2431
"ENSG00000288706",90
"ENSG00000288707",639
"ENSG00000288708",90
"ENSG00000288709",1707
"ENSG00000288710",2968
"ENSG00000288711",1307
"ENSG00000288712",78
"ENSG00000288713",573
"ENSG00000288714",7331
"ENSG00000288715",42
"ENSG00000288716",84
"ENSG00000288717",555
"ENSG00000288718",1070
"ENSG00000288719",4252
"ENSG00000288720",8660
"ENSG00000288721",7765
"ENSG00000288722",1707
"ENSG00000288723",1091
"ENSG00000288724",896
"ENSG00000288725",3810
"ENSG00000288726",893
"ENSG00000288727",636
"ENSG00000288728",1309
"ENSG00000288729",4702
"ENSG00000288730",838
"ENSG00000288731",5020
"ENSG00000288732",576
"ENSG00000288734",3238
"ENSG00000288735",2080
"ENSG00000288736",3119
"ENSG00000288737",653
"ENSG00000288738",3904
"ENSG00000288739",1882
"ENSG00000288740",1879
"ENSG00000288741",1858
"ENSG00000288742",2456
"ENSG00000288743",5931
"ENSG00000288744",902
"ENSG00000288745",1282
"ENSG00000288746",1741
"ENSG00000288747",108
"ENSG00000288748",2289
"ENSG00000288750",950
"ENSG00000288751",1558
"ENSG00000288752",1955
"ENSG00000288753",901
"ENSG00000288755",1494
"ENSG00000288756",3036
"ENSG00000288757",319
"ENSG00000288758",1270
"ENSG00000288759",3549
"ENSG00000288760",944
"ENSG00000288761",3468
"ENSG00000288762",2211
"ENSG00000288763",1140
"ENSG00000288764",1451
"ENSG00000288765",1090
"ENSG00000288766",3281
"ENSG00000288767",1173
"ENSG00000288768",4207
"ENSG00000288769",2605
"ENSG00000288770",540
"ENSG00000288771",5827
"ENSG00000288773",5484
"ENSG00000288774",396
"ENSG00000288775",1640
"ENSG00000288776",3149
"ENSG00000288777",923
"ENSG00000288778",1614
"ENSG00000288779",1593
"ENSG00000288780",2048
"ENSG00000288781",2880
"ENSG00000288782",7639
"ENSG00000288783",617
"ENSG00000288784",2615
"ENSG00000288785",3055
"ENSG00000288786",351
"ENSG00000288787",3522
"ENSG00000288790",1538
"ENSG00000288791",1993
"ENSG00000288792",637
"ENSG00000288793",1487
"ENSG00000288794",1536
"ENSG00000288795",2097
"ENSG00000288796",1101
"ENSG00000288797",996
"ENSG00000288798",2222
"ENSG00000288799",1300
"ENSG00000288800",2079
"ENSG00000288801",2649
"ENSG00000288802",3035
"ENSG00000288803",2167
"ENSG00000288804",1652
"ENSG00000288805",4036
"ENSG00000288807",468
"ENSG00000288809",702
"ENSG00000288811",1819
"ENSG00000288812",1453
"ENSG00000288813",1474
"ENSG00000288814",1069
"ENSG00000288815",828
"ENSG00000288817",2565
"ENSG00000288818",2528
"ENSG00000288820",796
"ENSG00000288821",1413
"ENSG00000288822",2683
"ENSG00000288823",4766
"ENSG00000288825",533
"ENSG00000288826",2257
"ENSG00000288827",870
"ENSG00000288828",5784
"ENSG00000288829",474
"ENSG00000288830",1684
"ENSG00000288831",2470
"ENSG00000288832",1647
"ENSG00000288833",2464
"ENSG00000288834",1130
"ENSG00000288835",998
"ENSG00000288836",1219
"ENSG00000288837",570
"ENSG00000288838",3755
"ENSG00000288839",1619
"ENSG00000288840",2809
"ENSG00000288841",429
"ENSG00000288842",1079
"ENSG00000288843",3726
"ENSG00000288844",1049
"ENSG00000288845",1024
"ENSG00000288846",1575
"ENSG00000288848",3278
"ENSG00000288849",3454
"ENSG00000288851",490
"ENSG00000288852",2376
"ENSG00000288853",2755
"ENSG00000288854",5293
"ENSG00000288855",1218
"ENSG00000288856",1484
"ENSG00000288857",3997
"ENSG00000288858",1935
"ENSG00000288859",534
"ENSG00000288860",3050
"ENSG00000288861",704
"ENSG00000288862",2497
"ENSG00000288863",1281
"ENSG00000288864",3763
"ENSG00000288865",1067
"ENSG00000288866",5731
"ENSG00000288867",760
"ENSG00000288868",1986
"ENSG00000288869",2190
"ENSG00000288871",2513
"ENSG00000288872",1545
"ENSG00000288873",1237
"ENSG00000288874",2402
"ENSG00000288875",7349
"ENSG00000288876",1287
"ENSG00000288877",528
"ENSG00000288878",586
"ENSG00000288879",965
"ENSG00000288880",1654
"ENSG00000288881",2306
"ENSG00000288882",2028
"ENSG00000288883",635
"ENSG00000288885",1041
"ENSG00000288886",4366
"ENSG00000288887",9337
"ENSG00000288888",1045
"ENSG00000288890",1022
"ENSG00000288891",6024
"ENSG00000288892",913
"ENSG00000288893",502
"ENSG00000288894",2169
"ENSG00000288895",6030
"ENSG00000288897",1120
"ENSG00000288898",2904
"ENSG00000288899",881
"ENSG00000288900",942
"ENSG00000288901",276
"ENSG00000288902",22641
"ENSG00000288903",5385
"ENSG00000288905",6129
"ENSG00000288906",1008
"ENSG00000288907",1071
"ENSG00000288908",1131
"ENSG00000288909",1493
"ENSG00000288910",956
"ENSG00000288911",1945
"ENSG00000288912",1542
"ENSG00000288913",981
"ENSG00000288914",99
"ENSG00000288915",942
"ENSG00000288916",1608
"ENSG00000288917",909
"ENSG00000288918",1482
"ENSG00000288919",1729
"ENSG00000288920",12195
"ENSG00000288921",2916
"ENSG00000288922",10373
"ENSG00000288923",1713
"ENSG00000288924",1758
"ENSG00000288925",1930
"ENSG00000288926",3728
"ENSG00000288927",2362
"ENSG00000288928",1766
"ENSG00000288929",978
"ENSG00000288930",1104
"ENSG00000288931",277
"ENSG00000288932",2183
"ENSG00000288933",2530
"ENSG00000288934",1170
"ENSG00000288935",1482
"ENSG00000288936",1691
"ENSG00000288937",1803
"ENSG00000288938",2079
"ENSG00000288939",4003
"ENSG00000288940",2223
"ENSG00000288941",2830
"ENSG00000288942",270
"ENSG00000288944",2737
"ENSG00000288945",1390
"ENSG00000288946",2904
"ENSG00000288947",2218
"ENSG00000288948",2246
"ENSG00000288949",663
"ENSG00000288951",3333
"ENSG00000288952",1532
"ENSG00000288953",1308
"ENSG00000288955",1441
"ENSG00000288956",1694
"ENSG00000288958",3992
"ENSG00000288959",1519
"ENSG00000288960",3396
"ENSG00000288961",1823
"ENSG00000288962",924
"ENSG00000288964",1953
"ENSG00000288965",1510
"ENSG00000288966",3252
"ENSG00000288967",1315
"ENSG00000288968",219
"ENSG00000288969",1080
"ENSG00000288970",2691
"ENSG00000288971",1470
"ENSG00000288973",3048
"ENSG00000288974",4112
"ENSG00000288975",1068
"ENSG00000288976",335
"ENSG00000288977",635
"ENSG00000288978",2084
"ENSG00000288979",1566
"ENSG00000288980",1783
"ENSG00000288982",386
"ENSG00000288983",1086
"ENSG00000288984",1345
"ENSG00000288985",9248
"ENSG00000288987",1097
"ENSG00000288988",3214
"ENSG00000288989",649
"ENSG00000288990",1692
"ENSG00000288992",1090
"ENSG00000288993",832
"ENSG00000288994",704
"ENSG00000288995",1706
"ENSG00000288996",1805
"ENSG00000288997",1065
"ENSG00000288998",2085
"ENSG00000288999",1137
"ENSG00000289000",1317
"ENSG00000289001",677
"ENSG00000289002",2393
"ENSG00000289003",1275
"ENSG00000289004",585
"ENSG00000289006",2090
"ENSG00000289007",4031
"ENSG00000289009",1835
"ENSG00000289010",3596
"ENSG00000289011",2690
"ENSG00000289012",446
"ENSG00000289013",2105
"ENSG00000289014",1109
"ENSG00000289015",810
"ENSG00000289016",4585
"ENSG00000289017",1128
"ENSG00000289018",1644
"ENSG00000289019",1914
"ENSG00000289020",4588
"ENSG00000289021",881
"ENSG00000289023",665
"ENSG00000289024",1254
"ENSG00000289025",54
"ENSG00000289026",4410
"ENSG00000289027",7888
"ENSG00000289028",2433
"ENSG00000289029",7505
"ENSG00000289030",1011
"ENSG00000289031",1362
"ENSG00000289032",1069
"ENSG00000289033",3927
"ENSG00000289034",2761
"ENSG00000289035",1606
"ENSG00000289037",1892
"ENSG00000289038",895
"ENSG00000289039",3223
"ENSG00000289040",1890
"ENSG00000289041",2789
"ENSG00000289042",1049
"ENSG00000289043",2695
"ENSG00000289044",1056
"ENSG00000289045",612
"ENSG00000289046",3041
"ENSG00000289047",3737
"ENSG00000289049",759
"ENSG00000289050",749
"ENSG00000289051",96
"ENSG00000289052",4612
"ENSG00000289053",5199
"ENSG00000289054",2670
"ENSG00000289055",3354
"ENSG00000289056",1219
"ENSG00000289057",490
"ENSG00000289058",1704
"ENSG00000289059",1896
"ENSG00000289060",625
"ENSG00000289061",2786
"ENSG00000289062",1368
"ENSG00000289063",1472
"ENSG00000289064",5485
"ENSG00000289065",668
"ENSG00000289066",2835
"ENSG00000289067",1460
"ENSG00000289068",3142
"ENSG00000289070",1789
"ENSG00000289071",2590
"ENSG00000289072",3465
"ENSG00000289073",825
"ENSG00000289074",1345
"ENSG00000289075",2121
"ENSG00000289076",1174
"ENSG00000289077",1719
"ENSG00000289078",5363
"ENSG00000289079",2781
"ENSG00000289080",2942
"ENSG00000289081",1854
"ENSG00000289085",1257
"ENSG00000289086",3180
"ENSG00000289087",3880
"ENSG00000289088",981
"ENSG00000289089",1716
"ENSG00000289090",4480
"ENSG00000289091",1434
"ENSG00000289092",1389
"ENSG00000289093",1420
"ENSG00000289094",2012
"ENSG00000289095",3581
"ENSG00000289096",797
"ENSG00000289097",2220
"ENSG00000289098",716
"ENSG00000289099",757
"ENSG00000289100",1625
"ENSG00000289101",5019
"ENSG00000289102",1554
"ENSG00000289103",1321
"ENSG00000289104",648
"ENSG00000289105",1874
"ENSG00000289106",532
"ENSG00000289107",2811
"ENSG00000289108",1449
"ENSG00000289109",4362
"ENSG00000289110",1328
"ENSG00000289111",1422
"ENSG00000289112",761
"ENSG00000289113",1348
"ENSG00000289114",1632
"ENSG00000289115",501
"ENSG00000289116",1071
"ENSG00000289117",794
"ENSG00000289118",822
"ENSG00000289119",966
"ENSG00000289120",1791
"ENSG00000289121",963
"ENSG00000289123",4034
"ENSG00000289124",634
"ENSG00000289125",370
"ENSG00000289126",948
"ENSG00000289127",6168
"ENSG00000289128",4454
"ENSG00000289129",1498
"ENSG00000289130",7522
"ENSG00000289131",4289
"ENSG00000289132",4855
"ENSG00000289133",195
"ENSG00000289134",1217
"ENSG00000289136",1555
"ENSG00000289137",1815
"ENSG00000289138",1651
"ENSG00000289139",473
"ENSG00000289140",1211
"ENSG00000289141",497
"ENSG00000289143",3984
"ENSG00000289144",1389
"ENSG00000289145",2057
"ENSG00000289146",1011
"ENSG00000289148",527
"ENSG00000289149",768
"ENSG00000289150",640
"ENSG00000289151",2280
"ENSG00000289152",1499
"ENSG00000289153",2505
"ENSG00000289154",1087
"ENSG00000289155",810
"ENSG00000289156",2278
"ENSG00000289157",673
"ENSG00000289158",2596
"ENSG00000289159",1742
"ENSG00000289161",1571
"ENSG00000289162",4380
"ENSG00000289163",1728
"ENSG00000289164",641
"ENSG00000289165",1909
"ENSG00000289166",5132
"ENSG00000289168",1596
"ENSG00000289169",1767
"ENSG00000289170",1389
"ENSG00000289171",310
"ENSG00000289172",2835
"ENSG00000289173",909
"ENSG00000289174",2804
"ENSG00000289175",615
"ENSG00000289177",5647
"ENSG00000289178",2855
"ENSG00000289180",2607
"ENSG00000289181",983
"ENSG00000289182",1361
"ENSG00000289183",2640
"ENSG00000289185",11021
"ENSG00000289186",1028
"ENSG00000289187",1880
"ENSG00000289188",2011
"ENSG00000289189",5912
"ENSG00000289190",1160
"ENSG00000289191",1340
"ENSG00000289192",2822
"ENSG00000289193",2331
"ENSG00000289195",3710
"ENSG00000289196",1646
"ENSG00000289197",4175
"ENSG00000289198",1752
"ENSG00000289199",1094
"ENSG00000289200",1328
"ENSG00000289201",4555
"ENSG00000289202",3561
"ENSG00000289203",2526
"ENSG00000289204",2393
"ENSG00000289205",2408
"ENSG00000289207",1659
"ENSG00000289208",1710
"ENSG00000289210",2324
"ENSG00000289211",882
"ENSG00000289212",2417
"ENSG00000289213",1347
"ENSG00000289214",1042
"ENSG00000289215",2574
"ENSG00000289216",431
"ENSG00000289217",4537
"ENSG00000289218",2232
"ENSG00000289219",2082
"ENSG00000289220",2046
"ENSG00000289221",954
"ENSG00000289222",1900
"ENSG00000289223",598
"ENSG00000289224",1503
"ENSG00000289225",906
"ENSG00000289226",560
"ENSG00000289227",1281
"ENSG00000289228",4863
"ENSG00000289229",452
"ENSG00000289230",1482
"ENSG00000289231",1777
"ENSG00000289232",1641
"ENSG00000289233",1125
"ENSG00000289234",11935
"ENSG00000289235",877
"ENSG00000289236",2810
"ENSG00000289237",297
"ENSG00000289238",779
"ENSG00000289239",843
"ENSG00000289241",893
"ENSG00000289243",3328
"ENSG00000289244",2108
"ENSG00000289245",2292
"ENSG00000289246",2037
"ENSG00000289247",177
"ENSG00000289248",1348
"ENSG00000289249",1333
"ENSG00000289250",1033
"ENSG00000289251",1882
"ENSG00000289252",1640
"ENSG00000289253",1411
"ENSG00000289254",1656
"ENSG00000289256",5178
"ENSG00000289257",1667
"ENSG00000289258",5428
"ENSG00000289259",1096
"ENSG00000289260",1461
"ENSG00000289261",1488
"ENSG00000289262",1426
"ENSG00000289263",1437
"ENSG00000289264",1325
"ENSG00000289265",1668
"ENSG00000289266",114
"ENSG00000289267",1918
"ENSG00000289268",1722
"ENSG00000289269",512
"ENSG00000289270",1996
"ENSG00000289271",746
"ENSG00000289272",1008
"ENSG00000289273",864
"ENSG00000289274",2993
"ENSG00000289275",1308
"ENSG00000289276",1062
"ENSG00000289277",3020
"ENSG00000289278",2438
"ENSG00000289279",2072
"ENSG00000289280",1447
"ENSG00000289281",727
"ENSG00000289282",393
"ENSG00000289283",1309
"ENSG00000289284",445
"ENSG00000289285",900
"ENSG00000289286",1504
"ENSG00000289287",1792
"ENSG00000289288",1290
"ENSG00000289289",2044
"ENSG00000289290",573
"ENSG00000289291",1627
"ENSG00000289292",3908
"ENSG00000289293",498
"ENSG00000289294",2047
"ENSG00000289295",1059
"ENSG00000289296",1368
"ENSG00000289297",692
"ENSG00000289298",1644
"ENSG00000289299",1280
"ENSG00000289300",1289
"ENSG00000289301",2260
"ENSG00000289302",1550
"ENSG00000289303",1858
"ENSG00000289304",2702
"ENSG00000289305",400
"ENSG00000289306",766
"ENSG00000289308",2847
"ENSG00000289309",5557
"ENSG00000289310",1454
"ENSG00000289311",4386
"ENSG00000289312",3495
"ENSG00000289313",3015
"ENSG00000289314",1299
"ENSG00000289316",757
"ENSG00000289317",1389
"ENSG00000289318",2088
"ENSG00000289319",1996
"ENSG00000289320",2467
"ENSG00000289322",2043
"ENSG00000289323",481
"ENSG00000289324",1337
"ENSG00000289325",39
"ENSG00000289326",8327
"ENSG00000289327",1390
"ENSG00000289328",1501
"ENSG00000289330",463
"ENSG00000289331",252
"ENSG00000289332",1386
"ENSG00000289333",616
"ENSG00000289334",1047
"ENSG00000289335",2810
"ENSG00000289336",1685
"ENSG00000289337",1090
"ENSG00000289338",1474
"ENSG00000289339",635
"ENSG00000289340",1814
"ENSG00000289341",1674
"ENSG00000289342",1249
"ENSG00000289343",381
"ENSG00000289344",1817
"ENSG00000289345",560
"ENSG00000289346",4346
"ENSG00000289347",2074
"ENSG00000289348",1205
"ENSG00000289349",4593
"ENSG00000289350",3505
"ENSG00000289351",1040
"ENSG00000289352",4399
"ENSG00000289353",1743
"ENSG00000289354",716
"ENSG00000289355",3766
"ENSG00000289356",1896
"ENSG00000289357",957
"ENSG00000289358",5131
"ENSG00000289359",2570
"ENSG00000289360",78
"ENSG00000289361",1549
"ENSG00000289362",660
"ENSG00000289363",1512
"ENSG00000289364",2414
"ENSG00000289365",2009
"ENSG00000289366",1396
"ENSG00000289367",723
"ENSG00000289368",6996
"ENSG00000289369",1768
"ENSG00000289370",1553
"ENSG00000289371",1810
"ENSG00000289372",2944
"ENSG00000289373",916
"ENSG00000289374",562
"ENSG00000289375",3240
"ENSG00000289376",1754
"ENSG00000289377",4819
"ENSG00000289378",2166
"ENSG00000289379",1993
"ENSG00000289380",688
"ENSG00000289381",1447
"ENSG00000289382",963
"ENSG00000289383",1146
"ENSG00000289384",1329
"ENSG00000289385",787
"ENSG00000289386",2206
"ENSG00000289387",1821
"ENSG00000289388",236
"ENSG00000289389",921
"ENSG00000289390",523
"ENSG00000289391",311
"ENSG00000289392",1388
"ENSG00000289393",4155
"ENSG00000289394",725
"ENSG00000289395",447
"ENSG00000289396",1463
"ENSG00000289397",2569
"ENSG00000289398",4661
"ENSG00000289399",2159
"ENSG00000289400",5441
"ENSG00000289401",700
"ENSG00000289402",761
"ENSG00000289403",780
"ENSG00000289404",527
"ENSG00000289405",10838
"ENSG00000289406",1105
"ENSG00000289407",735
"ENSG00000289408",5454
"ENSG00000289409",1841
"ENSG00000289410",6208
"ENSG00000289412",1558
"ENSG00000289414",1188
"ENSG00000289415",961
"ENSG00000289417",1308
"ENSG00000289418",418
"ENSG00000289419",1857
"ENSG00000289420",2335
"ENSG00000289421",2486
"ENSG00000289422",896
"ENSG00000289423",4810
"ENSG00000289424",2819
"ENSG00000289425",617
"ENSG00000289426",2612
"ENSG00000289427",3017
"ENSG00000289428",921
"ENSG00000289429",5624
"ENSG00000289430",774
"ENSG00000289431",1149
"ENSG00000289432",2154
"ENSG00000289433",2301
"ENSG00000289434",2727
"ENSG00000289435",492
"ENSG00000289436",1613
"ENSG00000289437",923
"ENSG00000289438",1265
"ENSG00000289439",2656
"ENSG00000289440",1194
"ENSG00000289441",3002
"ENSG00000289442",1106
"ENSG00000289443",1889
"ENSG00000289444",8932
"ENSG00000289445",1816
"ENSG00000289446",2419
"ENSG00000289447",3415
"ENSG00000289449",625
"ENSG00000289450",7946
"ENSG00000289451",2175
"ENSG00000289452",1435
"ENSG00000289453",1768
"ENSG00000289454",957
"ENSG00000289456",947
"ENSG00000289457",2677
"ENSG00000289458",745
"ENSG00000289459",3799
"ENSG00000289460",557
"ENSG00000289461",738
"ENSG00000289462",2391
"ENSG00000289463",2341
"ENSG00000289464",2569
"ENSG00000289466",610
"ENSG00000289468",1074
"ENSG00000289469",2642
"ENSG00000289470",3735
"ENSG00000289471",383
"ENSG00000289472",951
"ENSG00000289473",5513
"ENSG00000289474",116
"ENSG00000289475",2741
"ENSG00000289476",935
"ENSG00000289477",3123
"ENSG00000289478",1150
"ENSG00000289479",3669
"ENSG00000289480",1190
"ENSG00000289481",1180
"ENSG00000289482",1191
"ENSG00000289483",1334
"ENSG00000289484",2997
"ENSG00000289485",2012
"ENSG00000289487",1209
"ENSG00000289488",1132
"ENSG00000289489",1156
"ENSG00000289490",57
"ENSG00000289491",141
"ENSG00000289492",907
"ENSG00000289493",1815
"ENSG00000289494",1454
"ENSG00000289495",417
"ENSG00000289496",3188
"ENSG00000289497",2835
"ENSG00000289498",1667
"ENSG00000289499",1022
"ENSG00000289500",1323
"ENSG00000289501",2413
"ENSG00000289502",693
"ENSG00000289503",2155
"ENSG00000289504",2535
"ENSG00000289505",1484
"ENSG00000289506",3507
"ENSG00000289507",1319
"ENSG00000289508",1287
"ENSG00000289509",1801
"ENSG00000289510",6324
"ENSG00000289511",1876
"ENSG00000289513",4947
"ENSG00000289514",2382
"ENSG00000289515",722
"ENSG00000289516",1797
"ENSG00000289517",4525
"ENSG00000289518",3641
"ENSG00000289519",1142
"ENSG00000289520",1192
"ENSG00000289521",2531
"ENSG00000289522",1348
"ENSG00000289523",581
"ENSG00000289525",2246
"ENSG00000289526",8440
"ENSG00000289527",1354
"ENSG00000289528",1172
"ENSG00000289529",1553
"ENSG00000289530",691
"ENSG00000289532",1826
"ENSG00000289533",2365
"ENSG00000289534",1073
"ENSG00000289535",1828
"ENSG00000289536",388
"ENSG00000289537",1927
"ENSG00000289538",1425
"ENSG00000289539",1079
"ENSG00000289540",541
"ENSG00000289543",1713
"ENSG00000289544",604
"ENSG00000289546",1412
"ENSG00000289547",1836
"ENSG00000289548",2207
"ENSG00000289549",760
"ENSG00000289550",1593
"ENSG00000289551",3051
"ENSG00000289552",1637
"ENSG00000289553",1878
"ENSG00000289554",1127
"ENSG00000289555",1417
"ENSG00000289556",1363
"ENSG00000289557",900
"ENSG00000289558",913
"ENSG00000289559",2494
"ENSG00000289560",2319
"ENSG00000289561",741
"ENSG00000289562",966
"ENSG00000289564",1188
"ENSG00000289565",750
"ENSG00000289566",850
"ENSG00000289567",226
"ENSG00000289568",113
"ENSG00000289569",3471
"ENSG00000289570",2001
"ENSG00000289571",1709
"ENSG00000289572",483
"ENSG00000289573",3845
"ENSG00000289574",1580
"ENSG00000289575",577
"ENSG00000289576",2983
"ENSG00000289577",2497
"ENSG00000289578",3118
"ENSG00000289579",1318
"ENSG00000289580",1552
"ENSG00000289581",1219
"ENSG00000289582",851
"ENSG00000289583",3225
"ENSG00000289584",619
"ENSG00000289585",1449
"ENSG00000289586",4425
"ENSG00000289587",3399
"ENSG00000289588",486
"ENSG00000289589",2130
"ENSG00000289591",4186
"ENSG00000289592",799
"ENSG00000289594",1855
"ENSG00000289595",1217
"ENSG00000289596",3575
"ENSG00000289597",637
"ENSG00000289598",720
"ENSG00000289599",2362
"ENSG00000289601",5626
"ENSG00000289602",1727
"ENSG00000289603",2912
"ENSG00000289604",2615
"ENSG00000289605",3103
"ENSG00000289606",443
"ENSG00000289607",1199
"ENSG00000289608",5349
"ENSG00000289609",1515
"ENSG00000289610",694
"ENSG00000289611",2680
"ENSG00000289612",568
"ENSG00000289613",1194
"ENSG00000289615",1099
"ENSG00000289616",5546
"ENSG00000289617",813
"ENSG00000289618",719
"ENSG00000289621",2306
"ENSG00000289622",4319
"ENSG00000289623",3357
"ENSG00000289624",4231
"ENSG00000289625",3553
"ENSG00000289626",512
"ENSG00000289627",1004
"ENSG00000289628",1748
"ENSG00000289629",737
"ENSG00000289630",915
"ENSG00000289631",4537
"ENSG00000289632",1366
"ENSG00000289633",782
"ENSG00000289634",1070
"ENSG00000289637",1181
"ENSG00000289639",693
"ENSG00000289640",2513
"ENSG00000289641",4278
"ENSG00000289642",1180
"ENSG00000289643",1122
"ENSG00000289644",3101
"ENSG00000289653",159
"ENSG00000289685",6116
"ENSG00000289687",2406
"ENSG00000289688",17133
"ENSG00000289689",2083
"ENSG00000289690",3015
"ENSG00000289691",3630
"ENSG00000289692",833
"ENSG00000289694",3897
"ENSG00000289695",1595
"ENSG00000289697",6661
"ENSG00000289698",3061
"ENSG00000289699",560
"ENSG00000289700",5789
"ENSG00000289701",4059
"ENSG00000289702",2330
"ENSG00000289703",652
"ENSG00000289704",2607
"ENSG00000289705",102
"ENSG00000289706",136
"ENSG00000289707",7011
"ENSG00000289708",136
"ENSG00000289709",5434
"ENSG00000289710",171
"ENSG00000289711",286
"ENSG00000289712",234
"ENSG00000289713",105
"ENSG00000289714",253
"ENSG00000289715",144
"ENSG00000289716",4691
"ENSG00000289718",494
"ENSG00000289720",3802
"ENSG00000289721",2781
"ENSG00000289723",462
"ENSG00000289724",840
"ENSG00000289725",7638
"ENSG00000289726",2295
"ENSG00000289727",5808
"ENSG00000289729",430
"ENSG00000289730",141
"ENSG00000289731",34805
"ENSG00000289732",186
"ENSG00000289734",1132
"ENSG00000289735",491
"ENSG00000289736",373
"ENSG00000289739",2143
"ENSG00000289740",8388
"ENSG00000289741",1970
"ENSG00000289742",163
"ENSG00000289744",2999
"ENSG00000289745",5766
"ENSG00000289746",1016
"ENSG00000289747",867
"ENSG00000289748",540
"ENSG00000289750",4965
"ENSG00000289752",1741
"ENSG00000289754",980
"ENSG00000289755",3772
"ENSG00000289756",423
"ENSG00000289757",521
"ENSG00000289758",3093
"ENSG00000289760",72
"ENSG00000289761",78
"ENSG00000289762",153
"ENSG00000289763",198
"ENSG00000289764",60
"ENSG00000289766",531
"ENSG00000289767",75
"ENSG00000289768",854
"ENSG00000289788",1427
"ENSG00000289791",1316
"ENSG00000289809",778
"ENSG00000289810",1205
"ENSG00000289811",3805
"ENSG00000289814",3758
"ENSG00000289827",1918
"ENSG00000289828",859
"ENSG00000289829",1067
"ENSG00000289831",1189
"ENSG00000289832",4097
"ENSG00000289833",616
"ENSG00000289834",311
"ENSG00000289835",964
"ENSG00000289836",626
"ENSG00000289837",1173
"ENSG00000289838",1630
"ENSG00000289839",1657
"ENSG00000289841",815
"ENSG00000289842",5547
"ENSG00000289843",14816
"ENSG00000289844",1358
"ENSG00000289845",991
"ENSG00000289846",396
"ENSG00000289847",3313
"ENSG00000289848",2326
"ENSG00000289849",1497
"ENSG00000289850",1511
"ENSG00000289851",1570
"ENSG00000289852",701
"ENSG00000289853",663
"ENSG00000289854",3514
"ENSG00000289855",1897
"ENSG00000289856",1291
"ENSG00000289857",416
"ENSG00000289858",1804
"ENSG00000289859",269
"ENSG00000289860",1855
"ENSG00000289861",3988
"ENSG00000289863",3302
"ENSG00000289864",1587
"ENSG00000289865",2470
"ENSG00000289866",1106
"ENSG00000289868",1832
"ENSG00000289869",823
"ENSG00000289870",1703
"ENSG00000289871",6327
"ENSG00000289872",2621
"ENSG00000289873",1155
"ENSG00000289874",1130
"ENSG00000289875",1671
"ENSG00000289876",1368
"ENSG00000289877",2084
"ENSG00000289878",2749
"ENSG00000289879",2277
"ENSG00000289880",90
"ENSG00000289881",2563
"ENSG00000289882",1779
"ENSG00000289883",1371
"ENSG00000289884",1255
"ENSG00000289885",1778
"ENSG00000289886",660
"ENSG00000289887",371
"ENSG00000289888",993
"ENSG00000289889",1591
"ENSG00000289890",2854
"ENSG00000289891",518
"ENSG00000289892",1778
"ENSG00000289893",5386
"ENSG00000289894",4002
"ENSG00000289895",1260
"ENSG00000289896",2509
"ENSG00000289897",2491
"ENSG00000289898",1384
"ENSG00000289899",708
"ENSG00000289900",399
"ENSG00000289901",219
"ENSG00000289902",4655
"ENSG00000289903",2177
"ENSG00000289904",4245
"ENSG00000289906",1117
"ENSG00000289907",1243
"ENSG00000289908",1634
"ENSG00000289909",1866
"ENSG00000289910",1075
"ENSG00000289911",6790
"ENSG00000289912",1755
"ENSG00000289913",1209
"ENSG00000289914",625
"ENSG00000289915",1913
"ENSG00000289916",4580
"ENSG00000289918",654
"ENSG00000289921",793
"ENSG00000289922",518
"ENSG00000289923",1775
"ENSG00000289924",1266
"ENSG00000289925",422
"ENSG00000289926",1461
"ENSG00000289927",408
"ENSG00000289928",1635
"ENSG00000289929",5090
"ENSG00000289930",2360
"ENSG00000289931",7498
"ENSG00000289932",4180
"ENSG00000289933",1350
"ENSG00000289934",740
"ENSG00000289935",639
"ENSG00000289936",764
"ENSG00000289937",3494
"ENSG00000289938",3453
"ENSG00000289939",476
"ENSG00000289940",601
"ENSG00000289941",1024
"ENSG00000289942",115
"ENSG00000289943",4842
"ENSG00000289944",1695
"ENSG00000289945",1057
"ENSG00000289946",541
"ENSG00000289947",357
"ENSG00000289948",336
"ENSG00000289949",2637
"ENSG00000289951",5343
"ENSG00000289952",1683
"ENSG00000289953",6847
"ENSG00000289954",417
"ENSG00000289955",740
"ENSG00000289956",4875
"ENSG00000289957",1033
"ENSG00000289959",1559
"ENSG00000289960",2041
"ENSG00000289961",2275
"ENSG00000289962",941
"ENSG00000289963",1425
"ENSG00000289964",1667
"ENSG00000289965",456
"ENSG00000289966",1385
"ENSG00000289967",1110
"ENSG00000289968",2357
"ENSG00000289969",567
"ENSG00000289970",486
"ENSG00000289971",1479
"ENSG00000289972",683
"ENSG00000289973",1468
"ENSG00000289974",1022
"ENSG00000289976",1290
"ENSG00000289977",3341
"ENSG00000289978",944
"ENSG00000289979",703
"ENSG00000289980",1833
"ENSG00000289981",1568
"ENSG00000289982",664
"ENSG00000289983",1890
"ENSG00000289984",1020
"ENSG00000289985",5913
"ENSG00000289986",1764
"ENSG00000289987",766
"ENSG00000289989",1746
"ENSG00000289990",959
"ENSG00000289991",792
"ENSG00000289992",328
"ENSG00000289993",2358
"ENSG00000289995",1118
"ENSG00000289996",1531
"ENSG00000289997",706
"ENSG00000289998",711
"ENSG00000289999",173
"ENSG00000290000",1209
"ENSG00000290001",1085
"ENSG00000290002",876
"ENSG00000290003",283
"ENSG00000290005",952
"ENSG00000290006",461
"ENSG00000290007",1278
"ENSG00000290008",2309
"ENSG00000290009",537
"ENSG00000290011",578
"ENSG00000290012",536
"ENSG00000290013",666
"ENSG00000290014",1486
"ENSG00000290015",1121
"ENSG00000290016",1030
"ENSG00000290017",1184
"ENSG00000290018",487
"ENSG00000290019",449
"ENSG00000290020",431
"ENSG00000290021",355
"ENSG00000290022",837
"ENSG00000290023",2065
"ENSG00000290024",412
"ENSG00000290025",2511
"ENSG00000290026",809
"ENSG00000290027",632
"ENSG00000290028",215
"ENSG00000290030",2038
"ENSG00000290031",438
"ENSG00000290033",1493
"ENSG00000290034",1339
"ENSG00000290035",2351
"ENSG00000290036",1357
"ENSG00000290037",496
"ENSG00000290039",413
"ENSG00000290040",509
"ENSG00000290041",1019
"ENSG00000290042",297
"ENSG00000290043",2620
"ENSG00000290044",343
"ENSG00000290045",2554
"ENSG00000290046",1459
"ENSG00000290047",1416
"ENSG00000290048",732
"ENSG00000290049",820
"ENSG00000290050",709
"ENSG00000290051",1558
"ENSG00000290052",418
"ENSG00000290053",791
"ENSG00000290054",1171
"ENSG00000290055",410
"ENSG00000290056",808
"ENSG00000290057",2813
"ENSG00000290058",565
"ENSG00000290059",1485
"ENSG00000290060",1550
"ENSG00000290061",1076
"ENSG00000290062",981
"ENSG00000290063",194
"ENSG00000290064",1651
"ENSG00000290065",2418
"ENSG00000290067",3214
"ENSG00000290068",446
"ENSG00000290069",413
"ENSG00000290070",424
"ENSG00000290071",639
"ENSG00000290072",1018
"ENSG00000290073",751
"ENSG00000290074",1867
"ENSG00000290075",1399
"ENSG00000290076",1463
"ENSG00000290077",422
"ENSG00000290079",1256
"ENSG00000290080",155
"ENSG00000290082",727
"ENSG00000290083",871
"ENSG00000290084",1840
"ENSG00000290085",1723
"ENSG00000290086",629
"ENSG00000290087",552
"ENSG00000290088",3829
"ENSG00000290089",3697
"ENSG00000290090",411
"ENSG00000290092",1775
"ENSG00000290093",463
"ENSG00000290094",641
"ENSG00000290095",1562
"ENSG00000290096",150
"ENSG00000290097",1225
"ENSG00000290098",2772
"ENSG00000290099",543
"ENSG00000290102",733
"ENSG00000290103",843
"ENSG00000290104",959
"ENSG00000290106",475
"ENSG00000290107",1139
"ENSG00000290108",351
"ENSG00000290109",757
"ENSG00000290110",862
"ENSG00000290111",202
"ENSG00000290112",1435
"ENSG00000290113",2050
"ENSG00000290114",1571
"ENSG00000290115",621
"ENSG00000290116",980
"ENSG00000290117",2003
"ENSG00000290118",1221
"ENSG00000290119",808
"ENSG00000290121",931
"ENSG00000290122",876
"ENSG00000290123",722
"ENSG00000290125",1315
"ENSG00000290126",1576
"ENSG00000290127",2984
"ENSG00000290146",1292
"ENSG00000290147",2275
"ENSG00000290149",555
"ENSG00000290162",149
"ENSG00000290163",144
"ENSG00000290164",138
"ENSG00000290165",144
"ENSG00000290166",548
"ENSG00000290180",603
"ENSG00000290183",1721
"ENSG00000290184",652
"ENSG00000290192",1350
"ENSG00000290193",3931
"ENSG00000290199",2498
"ENSG00000290203",9137
"ENSG00000290204",1181
"ENSG00000290217",1785
"ENSG00000290226",571
"ENSG00000290230",1704
"ENSG00000290234",1913
"ENSG00000290241",1502
"ENSG00000290263",6074
"ENSG00000290285",1719
"ENSG00000290292",5898
"ENSG00000290315",5589
"ENSG00000290316",2317
"ENSG00000290317",826
"ENSG00000290318",1480
"ENSG00000290319",3178
"ENSG00000290320",570
"ENSG00000290323",5278
"ENSG00000290326",461
"ENSG00000290330",609
"ENSG00000290332",2557
"ENSG00000290335",473
"ENSG00000290336",2298
"ENSG00000290338",3374
"ENSG00000290342",329
"ENSG00000290344",4325
"ENSG00000290346",484
"ENSG00000290347",966
"ENSG00000290348",1145
"ENSG00000290354",1422
"ENSG00000290355",2868
"ENSG00000290357",5072
"ENSG00000290359",5241
"ENSG00000290363",1989
"ENSG00000290366",5199
"ENSG00000290368",2989
"ENSG00000290369",2036
"ENSG00000290373",467
"ENSG00000290374",7050
"ENSG00000290376",17195
"ENSG00000290377",3632
"ENSG00000290378",142
"ENSG00000290381",1372
"ENSG00000290382",3854
"ENSG00000290383",1340
"ENSG00000290385",8048
"ENSG00000290386",1894
"ENSG00000290387",4815
"ENSG00000290388",2258
"ENSG00000290390",1253
"ENSG00000290391",1758
"ENSG00000290393",546
"ENSG00000290394",9418
"ENSG00000290395",570
"ENSG00000290397",14137
"ENSG00000290398",3970
"ENSG00000290399",11829
"ENSG00000290400",2123
"ENSG00000290401",3631
"ENSG00000290402",1158
"ENSG00000290404",3842
"ENSG00000290405",1569
"ENSG00000290408",1453
"ENSG00000290409",1181
"ENSG00000290410",3786
"ENSG00000290411",3163
"ENSG00000290413",4252
"ENSG00000290415",1900
"ENSG00000290416",1631
"ENSG00000290417",756
"ENSG00000290418",13112
"ENSG00000290419",423
"ENSG00000290420",3681
"ENSG00000290421",3684
"ENSG00000290422",4411
"ENSG00000290423",2777
"ENSG00000290424",392
"ENSG00000290425",6251
"ENSG00000290426",3535
"ENSG00000290427",3527
"ENSG00000290429",6464
"ENSG00000290430",717
"ENSG00000290434",813
"ENSG00000290435",1411
"ENSG00000290437",1735
"ENSG00000290438",3957
"ENSG00000290439",3092
"ENSG00000290441",3034
"ENSG00000290444",3457
"ENSG00000290445",4755
"ENSG00000290448",2551
"ENSG00000290450",6458
"ENSG00000290453",1858
"ENSG00000290454",908
"ENSG00000290455",1441
"ENSG00000290456",1436
"ENSG00000290457",2621
"ENSG00000290458",1251
"ENSG00000290460",3518
"ENSG00000290461",6803
"ENSG00000290466",3732
"ENSG00000290469",7870
"ENSG00000290474",7713
"ENSG00000290475",1703
"ENSG00000290476",15953
"ENSG00000290478",1883
"ENSG00000290479",1652
"ENSG00000290482",5361
"ENSG00000290484",2719
"ENSG00000290490",8214
"ENSG00000290492",1773
"ENSG00000290496",6584
"ENSG00000290498",3361
"ENSG00000290503",4162
"ENSG00000290507",1319
"ENSG00000290520",575
"ENSG00000290522",3097
"ENSG00000290523",6877
"ENSG00000290524",1031
"ENSG00000290525",4155
"ENSG00000290530",2264
"ENSG00000290531",1975
"ENSG00000290535",8788
"ENSG00000290536",1447
"ENSG00000290537",3125
"ENSG00000290538",2406
"ENSG00000290541",2596
"ENSG00000290544",1150
"ENSG00000290545",4134
"ENSG00000290546",10164
"ENSG00000290547",4935
"ENSG00000290548",11829
"ENSG00000290549",20899
"ENSG00000290550",1580
"ENSG00000290551",7481
"ENSG00000290552",2977
"ENSG00000290553",2116
"ENSG00000290554",5142
"ENSG00000290555",24127
"ENSG00000290556",5600
"ENSG00000290557",1686
"ENSG00000290558",1506
"ENSG00000290559",13045
"ENSG00000290560",7878
"ENSG00000290561",1347
"ENSG00000290562",1027
"ENSG00000290563",3178
"ENSG00000290564",1864
"ENSG00000290565",1237
"ENSG00000290567",8371
"ENSG00000290568",5002
"ENSG00000290569",12818
"ENSG00000290573",7196
"ENSG00000290574",3419
"ENSG00000290575",342
"ENSG00000290576",8934
"ENSG00000290577",5769
"ENSG00000290578",7878
"ENSG00000290579",5212
"ENSG00000290581",920
"ENSG00000290584",1902
"ENSG00000290585",9331
"ENSG00000290586",7575
"ENSG00000290587",3729
"ENSG00000290588",5471
"ENSG00000290589",3760
"ENSG00000290590",1401
"ENSG00000290592",6123
"ENSG00000290595",175
"ENSG00000290596",6919
"ENSG00000290597",4166
"ENSG00000290598",3418
"ENSG00000290599",2472
"ENSG00000290600",4130
"ENSG00000290601",1495
"ENSG00000290602",4298
"ENSG00000290603",3589
"ENSG00000290604",1415
"ENSG00000290605",616
"ENSG00000290606",13512
"ENSG00000290607",2544
"ENSG00000290608",1114
"ENSG00000290609",1654
"ENSG00000290610",1653
"ENSG00000290611",3913
"ENSG00000290612",1023
"ENSG00000290613",8885
"ENSG00000290614",4082
"ENSG00000290615",5153
"ENSG00000290618",1380
"ENSG00000290620",1118
"ENSG00000290641",2384
"ENSG00000290642",1875
"ENSG00000290643",1779
"ENSG00000290644",7246
"ENSG00000290645",477
"ENSG00000290646",1451
"ENSG00000290647",2853
"ENSG00000290648",1038
"ENSG00000290649",1038
"ENSG00000290650",3046
"ENSG00000290651",1014
"ENSG00000290652",2066
"ENSG00000290653",3520
"ENSG00000290654",4161
"ENSG00000290655",4074
"ENSG00000290656",2871
"ENSG00000290657",2778
"ENSG00000290658",2503
"ENSG00000290660",3535
"ENSG00000290662",1028
"ENSG00000290663",614
"ENSG00000290664",657
"ENSG00000290665",5060
"ENSG00000290667",2241
"ENSG00000290668",1479
"ENSG00000290669",459
"ENSG00000290670",333
"ENSG00000290671",1401
"ENSG00000290672",883
"ENSG00000290673",3551
"ENSG00000290674",1961
"ENSG00000290675",404
"ENSG00000290676",1718
"ENSG00000290677",2724
"ENSG00000290678",1948
"ENSG00000290679",1053
"ENSG00000290683",5782
"ENSG00000290684",1647
"ENSG00000290685",1166
"ENSG00000290686",2113
"ENSG00000290687",5145
"ENSG00000290688",6426
"ENSG00000290689",6348
"ENSG00000290690",11815
"ENSG00000290691",5392
"ENSG00000290692",2950
"ENSG00000290693",949
"ENSG00000290694",1178
"ENSG00000290695",5216
"ENSG00000290696",8071
"ENSG00000290698",5153
"ENSG00000290700",5026
"ENSG00000290701",1219
"ENSG00000290702",1506
"ENSG00000290703",1325
"ENSG00000290704",1125
"ENSG00000290705",5424
"ENSG00000290706",7362
"ENSG00000290707",2347
"ENSG00000290708",580
"ENSG00000290710",6188
"ENSG00000290711",6856
"ENSG00000290712",1105
"ENSG00000290713",2502
"ENSG00000290714",2791
"ENSG00000290715",2051
"ENSG00000290716",1637
"ENSG00000290717",5965
"ENSG00000290718",18713
"ENSG00000290719",1489
"ENSG00000290720",4690
"ENSG00000290721",1139
"ENSG00000290722",4234
"ENSG00000290723",6170
"ENSG00000290724",1581
"ENSG00000290725",1581
"ENSG00000290726",2282
"ENSG00000290727",8232
"ENSG00000290728",4994
"ENSG00000290729",5198
"ENSG00000290730",2779
"ENSG00000290731",4277
"ENSG00000290732",1885
"ENSG00000290733",3844
"ENSG00000290734",1467
"ENSG00000290735",4556
"ENSG00000290736",237
"ENSG00000290737",1716
"ENSG00000290738",2842
"ENSG00000290739",2832
"ENSG00000290740",2191
"ENSG00000290741",642
"ENSG00000290742",3847
"ENSG00000290743",296
"ENSG00000290744",1534
"ENSG00000290745",1176
"ENSG00000290746",3008
"ENSG00000290747",642
"ENSG00000290748",2117
"ENSG00000290749",1041
"ENSG00000290751",8225
"ENSG00000290752",2744
"ENSG00000290753",4242
"ENSG00000290754",4384
"ENSG00000290755",2686
"ENSG00000290756",2389
"ENSG00000290757",657
"ENSG00000290758",23683
"ENSG00000290760",2198
"ENSG00000290761",1100
"ENSG00000290762",6855
"ENSG00000290763",12826
"ENSG00000290764",2837
"ENSG00000290765",2919
"ENSG00000290766",693
"ENSG00000290767",4941
"ENSG00000290768",4533
"ENSG00000290769",3593
"ENSG00000290770",13636
"ENSG00000290771",2608
"ENSG00000290772",2035
"ENSG00000290773",157
"ENSG00000290774",810
"ENSG00000290775",10442
"ENSG00000290776",790
"ENSG00000290777",3434
"ENSG00000290778",2909
"ENSG00000290779",322
"ENSG00000290780",1491
"ENSG00000290781",2063
"ENSG00000290782",3323
"ENSG00000290783",3733
"ENSG00000290785",832
"ENSG00000290786",3087
"ENSG00000290787",644
"ENSG00000290788",1971
"ENSG00000290789",681
"ENSG00000290790",5308
"ENSG00000290791",4494
"ENSG00000290792",6440
"ENSG00000290793",2005
"ENSG00000290794",1875
"ENSG00000290795",3551
"ENSG00000290796",4687
"ENSG00000290797",677
"ENSG00000290798",2156
"ENSG00000290799",1246
"ENSG00000290800",2361
"ENSG00000290801",741
"ENSG00000290802",898
"ENSG00000290803",5925
"ENSG00000290804",549
"ENSG00000290805",1995
"ENSG00000290806",1260
"ENSG00000290807",2531
"ENSG00000290808",2528
"ENSG00000290809",1686
"ENSG00000290810",6115
"ENSG00000290811",4560
"ENSG00000290812",6049
"ENSG00000290813",1107
"ENSG00000290814",4713
"ENSG00000290815",1776
"ENSG00000290817",4271
"ENSG00000290819",985
"ENSG00000290820",1461
"ENSG00000290821",5937
"ENSG00000290822",1759
"ENSG00000290823",8021
"ENSG00000290824",2824
"ENSG00000290825",2898
"ENSG00000290826",1609
"ENSG00000290827",5464
"ENSG00000290829",10718
"ENSG00000290830",649
"ENSG00000290831",3940
"ENSG00000290832",10792
"ENSG00000290833",2955
"ENSG00000290834",3399
"ENSG00000290835",6660
"ENSG00000290836",3788
"ENSG00000290837",2700
"ENSG00000290838",3805
"ENSG00000290839",4711
"ENSG00000290840",2986
"ENSG00000290841",647
"ENSG00000290842",7604
"ENSG00000290844",1843
"ENSG00000290845",3238
"ENSG00000290846",11639
"ENSG00000290847",3453
"ENSG00000290848",3470
"ENSG00000290849",3199
"ENSG00000290850",1660
"ENSG00000290851",5656
"ENSG00000290852",853
"ENSG00000290853",3859
"ENSG00000290854",3264
"ENSG00000290855",2579
"ENSG00000290857",3009
"ENSG00000290858",2245
"ENSG00000290859",2062
"ENSG00000290860",5681
"ENSG00000290861",5333
"ENSG00000290862",4324
"ENSG00000290863",2204
"ENSG00000290864",1066
"ENSG00000290865",3366
"ENSG00000290866",3500
"ENSG00000290867",16748
"ENSG00000290868",755
"ENSG00000290869",1686
"ENSG00000290870",3400
"ENSG00000290871",9108
"ENSG00000290873",5823
"ENSG00000290875",4802
"ENSG00000290876",9479
"ENSG00000290877",7475
"ENSG00000290878",2444
"ENSG00000290879",11050
"ENSG00000290880",13951
"ENSG00000290881",235
"ENSG00000290882",2014
"ENSG00000290883",4778
"ENSG00000290885",4850
"ENSG00000290886",484
"ENSG00000290887",1145
"ENSG00000290888",10264
"ENSG00000290889",169
"ENSG00000290890",11258
"ENSG00000290891",2157
"ENSG00000290892",719
"ENSG00000290893",3066
"ENSG00000290894",3197
"ENSG00000290895",2914
"ENSG00000290896",4169
"ENSG00000290897",5134
"ENSG00000290898",3615
"ENSG00000290899",387
"ENSG00000290900",3589
"ENSG00000290901",6559
"ENSG00000290902",6766
"ENSG00000290904",7616
"ENSG00000290906",1473
"ENSG00000290907",1750
"ENSG00000290908",655
"ENSG00000290909",419
"ENSG00000290910",1362
"ENSG00000290911",6395
"ENSG00000290912",5759
"ENSG00000290913",3116
"ENSG00000290914",2422
"ENSG00000290915",1912
"ENSG00000290916",1521
"ENSG00000290917",1979
"ENSG00000290919",2321
"ENSG00000290920",8784
"ENSG00000290921",5173
"ENSG00000290922",1377
"ENSG00000290923",8539
"ENSG00000290924",7035
"ENSG00000290925",6180
"ENSG00000290926",15352
"ENSG00000290927",8327
"ENSG00000290928",5988
"ENSG00000290929",974
"ENSG00000290930",3307
"ENSG00000290931",12232
"ENSG00000290932",1688
"ENSG00000290933",5125
"ENSG00000290934",1327
"ENSG00000290935",2266
"ENSG00000290936",2506
"ENSG00000290937",14523
"ENSG00000290938",9179
"ENSG00000290939",1149
"ENSG00000290940",5929
"ENSG00000290941",4903
"ENSG00000290942",1725
"ENSG00000290943",4227
"ENSG00000290944",683
"ENSG00000290945",6176
"ENSG00000290946",6056
"ENSG00000290947",3411
"ENSG00000290948",4534
"ENSG00000290949",1832
"ENSG00000290950",3688
"ENSG00000290951",5876
"ENSG00000290952",1879
"ENSG00000290953",405
"ENSG00000290954",1209
"ENSG00000290955",4667
"ENSG00000290956",5828
"ENSG00000290957",3709
"ENSG00000290959",450
"ENSG00000290960",10783
"ENSG00000290961",1398
"ENSG00000290962",1612
"ENSG00000290963",2274
"ENSG00000290964",4992
"ENSG00000290965",1421
"ENSG00000290966",1700
"ENSG00000290967",3823
"ENSG00000290968",853
"ENSG00000290970",8207
"ENSG00000290971",9627
"ENSG00000290972",4131
"ENSG00000290973",2110
"ENSG00000290975",442
"ENSG00000290976",7808
"ENSG00000290977",2376
"ENSG00000290978",1955
"ENSG00000290979",1589
"ENSG00000290980",4039
"ENSG00000290981",6018
"ENSG00000290982",1287
"ENSG00000290983",7221
"ENSG00000290984",1164
"ENSG00000290985",3846
"ENSG00000290986",1647
"ENSG00000290987",2939
"ENSG00000290988",3610
"ENSG00000290989",11453
"ENSG00000290990",4890
"ENSG00000290991",1416
"ENSG00000290993",10142
"ENSG00000290994",8504
"ENSG00000290995",7411
"ENSG00000290996",1108
"ENSG00000290997",6124
"ENSG00000290998",1064
"ENSG00000290999",4538
"ENSG00000291000",908
"ENSG00000291001",1548
"ENSG00000291002",2932
"ENSG00000291003",16222
"ENSG00000291005",5335
"ENSG00000291006",3821
"ENSG00000291007",6171
"ENSG00000291008",2274
"ENSG00000291009",1184
"ENSG00000291010",6846
"ENSG00000291012",8390
"ENSG00000291013",2420
"ENSG00000291014",3437
"ENSG00000291015",4175
"ENSG00000291016",1060
"ENSG00000291017",3109
"ENSG00000291018",778
"ENSG00000291019",2822
"ENSG00000291020",1311
"ENSG00000291021",2722
"ENSG00000291022",3029
"ENSG00000291023",4676
"ENSG00000291024",16023
"ENSG00000291027",14117
"ENSG00000291028",5073
"ENSG00000291029",2990
"ENSG00000291030",407
"ENSG00000291031",9165
"ENSG00000291032",9839
"ENSG00000291033",13869
"ENSG00000291034",7809
"ENSG00000291035",8245
"ENSG00000291036",1969
"ENSG00000291037",2457
"ENSG00000291038",2542
"ENSG00000291039",7184
"ENSG00000291040",11809
"ENSG00000291041",8179
"ENSG00000291042",4250
"ENSG00000291043",3637
"ENSG00000291044",10455
"ENSG00000291045",5514
"ENSG00000291046",15587
"ENSG00000291047",4343
"ENSG00000291049",7105
"ENSG00000291050",8917
"ENSG00000291051",2553
"ENSG00000291052",11380
"ENSG00000291053",4420
"ENSG00000291054",9756
"ENSG00000291056",4449
"ENSG00000291057",6014
"ENSG00000291060",11028
"ENSG00000291061",7188
"ENSG00000291062",4524
"ENSG00000291063",7885
"ENSG00000291064",8576
"ENSG00000291065",11942
"ENSG00000291066",10464
"ENSG00000291067",14170
"ENSG00000291068",5753
"ENSG00000291069",10051
"ENSG00000291070",3006
"ENSG00000291071",7586
"ENSG00000291072",10471
"ENSG00000291073",13768
"ENSG00000291074",7665
"ENSG00000291075",18900
"ENSG00000291076",4199
"ENSG00000291077",1936
"ENSG00000291078",5020
"ENSG00000291079",28368
"ENSG00000291080",10956
"ENSG00000291081",5663
"ENSG00000291082",13634
"ENSG00000291083",5509
"ENSG00000291084",6604
"ENSG00000291085",3143
"ENSG00000291086",4215
"ENSG00000291087",9757
"ENSG00000291088",6924
"ENSG00000291089",12012
"ENSG00000291091",15423
"ENSG00000291092",4082
"ENSG00000291093",21661
"ENSG00000291094",4637
"ENSG00000291095",1328
"ENSG00000291096",9033
"ENSG00000291097",7376
"ENSG00000291098",373
"ENSG00000291099",5838
"ENSG00000291100",9187
"ENSG00000291101",5755
"ENSG00000291102",20911
"ENSG00000291103",6707
"ENSG00000291104",4469
"ENSG00000291105",1320
"ENSG00000291106",2084
"ENSG00000291108",7236
"ENSG00000291109",3999
"ENSG00000291110",4516
"ENSG00000291111",4897
"ENSG00000291112",5695
"ENSG00000291113",13810
"ENSG00000291114",2282
"ENSG00000291115",5749
"ENSG00000291116",4342
"ENSG00000291117",4318
"ENSG00000291118",5661
"ENSG00000291119",5269
"ENSG00000291121",5938
"ENSG00000291122",7547
"ENSG00000291123",8929
"ENSG00000291124",6103
"ENSG00000291125",6125
"ENSG00000291126",6403
"ENSG00000291127",9561
"ENSG00000291128",1628
"ENSG00000291129",7601
"ENSG00000291130",9048
"ENSG00000291131",6623
"ENSG00000291132",5420
"ENSG00000291133",21502
"ENSG00000291134",2542
"ENSG00000291135",7920
"ENSG00000291136",18842
"ENSG00000291137",9852
"ENSG00000291138",5155
"ENSG00000291139",12420
"ENSG00000291140",4550
"ENSG00000291141",7591
"ENSG00000291142",11514
"ENSG00000291143",10696
"ENSG00000291144",6777
"ENSG00000291145",8522
"ENSG00000291146",1797
"ENSG00000291147",9875
"ENSG00000291148",2971
"ENSG00000291149",13133
"ENSG00000291150",10584
"ENSG00000291151",4829
"ENSG00000291152",2157
"ENSG00000291153",6854
"ENSG00000291154",31187
"ENSG00000291155",3544
"ENSG00000291156",2902
"ENSG00000291157",1369
"ENSG00000291158",26832
"ENSG00000291159",12923
"ENSG00000291163",843
"ENSG00000291164",5283
"ENSG00000291165",1174
"ENSG00000291166",11195
"ENSG00000291167",4037
"ENSG00000291168",4707
"ENSG00000291169",4660
"ENSG00000291170",8099
"ENSG00000291171",13753
"ENSG00000291172",4863
"ENSG00000291173",6030
"ENSG00000291174",2976
"ENSG00000291175",11393
"ENSG00000291176",3862
"ENSG00000291177",11749
"ENSG00000291178",14022
"ENSG00000291179",1476
"ENSG00000291180",3856
"ENSG00000291181",7861
"ENSG00000291182",2403
"ENSG00000291183",5290
"ENSG00000291184",2103
"ENSG00000291185",12886
"ENSG00000291186",8222
"ENSG00000291187",4249
"ENSG00000291189",13209
"ENSG00000291190",1201
"ENSG00000291191",2054
"ENSG00000291193",1458
"ENSG00000291194",9908
"ENSG00000291195",5309
"ENSG00000291196",2530
"ENSG00000291197",1715
"ENSG00000291198",3800
"ENSG00000291199",1848
"ENSG00000291200",3937
"ENSG00000291201",13428
"ENSG00000291202",13230
"ENSG00000291203",14131
"ENSG00000291204",724
"ENSG00000291205",2890
"ENSG00000291206",4369
"ENSG00000291207",12009
"ENSG00000291208",12215
"ENSG00000291209",6663
"ENSG00000291210",6232
"ENSG00000291211",7938
"ENSG00000291212",5624
"ENSG00000291213",9344
"ENSG00000291214",2148
"ENSG00000291216",1460
"ENSG00000291217",5382
"ENSG00000291218",1435
"ENSG00000291219",2511
"ENSG00000291220",7832
"ENSG00000291221",7269
"ENSG00000291222",1242
"ENSG00000291223",4087
"ENSG00000291224",4300
"ENSG00000291225",17365
"ENSG00000291226",2453
"ENSG00000291227",589
"ENSG00000291228",3837
"ENSG00000291229",2626
"ENSG00000291230",2656
"ENSG00000291231",3916
"ENSG00000291232",7248
"ENSG00000291233",21514
"ENSG00000291234",4441
"ENSG00000291235",1856
"ENSG00000291236",2629
"ENSG00000291237",18144
"ENSG00000291239",3600
"ENSG00000291240",3367
"ENSG00000291241",849
"ENSG00000291242",12199
"ENSG00000291243",1050
"ENSG00000291249",2680
"ENSG00000291250",4224
"ENSG00000291251",481
"ENSG00000291252",1145
"ENSG00000291253",446
"ENSG00000291254",1236
"ENSG00000291255",2642
"ENSG00000291256",320
"ENSG00000291257",3464
"ENSG00000291261",6908
"ENSG00000291262",2855
"ENSG00000291263",3310
"ENSG00000291264",5772
"ENSG00000291265",1521
"ENSG00000291266",5507
"ENSG00000291267",821
"ENSG00000291268",1784
"ENSG00000291269",1988
"ENSG00000291270",1827
"ENSG00000291271",1072
"ENSG00000291274",1642
"ENSG00000291275",1647
"ENSG00000291276",1658
"ENSG00000291277",1310
"ENSG00000291280",3460
"ENSG00000291281",2942
"ENSG00000291282",5189
"ENSG00000291283",1558
"ENSG00000291285",1461
"ENSG00000291286",4061
"ENSG00000291289",1846
"ENSG00000291292",390
"ENSG00000291293",3066
"ENSG00000291294",847
"ENSG00000291295",564
"ENSG00000291296",1511
"ENSG00000291297",994
"ENSG00000291300",3196
"ENSG00000291301",5373
"ENSG00000291302",87
"ENSG00000291303",90
"ENSG00000291306",288
"ENSG00000291307",783
"ENSG00000291308",120
"ENSG00000291309",3417
"ENSG00000291310",465
"ENSG00000291312",354
"ENSG00000291313",641
"ENSG00000291314",888
"ENSG00000291315",129
"ENSG00000291316",2159
"ENSG00000291317",1851
"ENSG00000291325",1805
"ENSG00000291326",707
"ENSG00000291336",2209
"ENSG00000291338",1753
"ENSG00000292223",6075
"ENSG00000292246",8303
"ENSG00000292256",589
"ENSG00000292259",132
"ENSG00000292271",16
"ENSG00000292277",3056
"ENSG00000292285",2639
"ENSG00000292309",3403
"ENSG00000292327",9045
"ENSG00000292328",730
"ENSG00000292329",259
"ENSG00000292330",548
"ENSG00000292331",2143
"ENSG00000292332",1710
"ENSG00000292333",4528
"ENSG00000292334",1553
"ENSG00000292335",786
"ENSG00000292336",1788
"ENSG00000292337",651
"ENSG00000292338",3628
"ENSG00000292339",3506
"ENSG00000292341",1106
"ENSG00000292342",428
"ENSG00000292343",4070
"ENSG00000292344",6065
"ENSG00000292345",4764
"ENSG00000292346",64
"ENSG00000292347",1340
"ENSG00000292348",4858
"ENSG00000292349",7112
"ENSG00000292350",290
"ENSG00000292352",328
"ENSG00000292353",117
"ENSG00000292354",9145
"ENSG00000292355",75
"ENSG00000292356",120
"ENSG00000292357",5175
"ENSG00000292358",4126
"ENSG00000292360",4031
"ENSG00000292361",561
"ENSG00000292362",11809
"ENSG00000292363",1957
"ENSG00000292364",992
"ENSG00000292365",250
"ENSG00000292366",2615
"ENSG00000292367",334
"ENSG00000292368",880
"ENSG00000292369",773
"ENSG00000292370",1235
"ENSG00000292371",1306
"ENSG00000292372",4618
"ENSG00000292373",4589
"ENSG00000292375",4490
"ENSG00000292385",487
"ENSG00000292400",631
"ENSG00000292401",1410
"ENSG00000292423",683
"ENSG00000292430",2089
"ENSG00000292431",999
"ENSG00000292432",733
"ENSG00000292433",1600
"ENSG00000292434",6117
"ENSG00000292435",3444
"ENSG00000292977",3457
"ENSG00000292979",17558
"ENSG00000292982",7145
"ENSG00000292984",1277
"ENSG00000292985",1714
"ENSG00000292986",15887
"ENSG00000292987",381
"ENSG00000292991",861
"ENSG00000292993",2407
"ENSG00000292994",9218
"ENSG00000292995",5744
"ENSG00000292997",403
"ENSG00000292998",2206
"ENSG00000293000",6598
"ENSG00000293001",2175
"ENSG00000293002",1078
"ENSG00000293003",946
"ENSG00000293004",1663
"ENSG00000293005",2447
"ENSG00000293007",1789
"ENSG00000293008",1493
"ENSG00000293009",1322
"ENSG00000293012",1383
"ENSG00000293013",3592
"ENSG00000293014",902
"ENSG00000293015",1079
"ENSG00000293016",566
"ENSG00000293017",579
"ENSG00000293019",2455
"ENSG00000293020",467
"ENSG00000293021",306
"ENSG00000293023",2449
"ENSG00000293024",4546
"ENSG00000293025",3820
"ENSG00000293027",3818
"ENSG00000293029",2972
"ENSG00000293032",1296
"ENSG00000293033",601
"ENSG00000293034",2044
"ENSG00000293035",7289
"ENSG00000293037",5755
"ENSG00000293038",1873
"ENSG00000293042",13039
"ENSG00000293043",2918
"ENSG00000293044",3260
"ENSG00000293047",3331
"ENSG00000293050",1441
"ENSG00000293053",430
"ENSG00000293054",370
"ENSG00000293056",1473
"ENSG00000293057",1162
"ENSG00000293058",2371
"ENSG00000293060",930
"ENSG00000293061",3654
"ENSG00000293062",3088
"ENSG00000293063",735
"ENSG00000293064",3432
"ENSG00000293066",4589
"ENSG00000293068",1918
"ENSG00000293071",1172
"ENSG00000293072",2088
"ENSG00000293073",478
"ENSG00000293075",3032
"ENSG00000293076",2407
"ENSG00000293077",1692
"ENSG00000293080",3792
"ENSG00000293081",3224
"ENSG00000293083",1223
"ENSG00000293084",903
"ENSG00000293085",530
"ENSG00000293086",3327
"ENSG00000293087",4017
"ENSG00000293088",5362
"ENSG00000293089",2692
"ENSG00000293090",1988
"ENSG00000293091",2462
"ENSG00000293092",1147
"ENSG00000293093",418
"ENSG00000293094",568
"ENSG00000293095",2071
"ENSG00000293096",1691
"ENSG00000293097",1255
"ENSG00000293098",1721
"ENSG00000293099",686
"ENSG00000293100",831
"ENSG00000293101",1195
"ENSG00000293102",1678
"ENSG00000293104",4765
"ENSG00000293105",4875
"ENSG00000293106",8671
"ENSG00000293107",2887
"ENSG00000293109",1779
"ENSG00000293110",41722
"ENSG00000293111",458
"ENSG00000293112",443
"ENSG00000293113",1253
"ENSG00000293114",1004
"ENSG00000293116",1721
"ENSG00000293117",1304
"ENSG00000293132",1284
"ENSG00000293133",768
"ENSG00000293134",996
"ENSG00000293135",1266
"ENSG00000293136",1247
"ENSG00000293137",2748
"ENSG00000293138",449
"ENSG00000293139",1454
"ENSG00000293140",657
"ENSG00000293141",7695
"ENSG00000293142",1318
"ENSG00000293143",891
"ENSG00000293144",674
"ENSG00000293145",1663
"ENSG00000293146",3121
"ENSG00000293147",3311
"ENSG00000293148",279
"ENSG00000293149",3262
"ENSG00000293150",752
"ENSG00000293151",429
"ENSG00000293152",969
"ENSG00000293153",290
"ENSG00000293154",3294
"ENSG00000293155",2959
"ENSG00000293156",643
"ENSG00000293157",997
"ENSG00000293158",2170
"ENSG00000293159",8721
"ENSG00000293160",5752
"ENSG00000293161",1783
"ENSG00000293162",3350
"ENSG00000293163",1988
"ENSG00000293164",3884
"ENSG00000293165",1637
"ENSG00000293166",772
"ENSG00000293167",1651
"ENSG00000293168",1538
"ENSG00000293169",3942
"ENSG00000293170",1334
"ENSG00000293171",1805
"ENSG00000293172",779
"ENSG00000293173",1605
"ENSG00000293174",2169
"ENSG00000293175",1902
"ENSG00000293176",3389
"ENSG00000293177",1787
"ENSG00000293178",3112
"ENSG00000293179",1320
"ENSG00000293180",1908
"ENSG00000293182",964
"ENSG00000293183",1624
"ENSG00000293184",509
"ENSG00000293185",3471
"ENSG00000293186",5336
"ENSG00000293187",1422
"ENSG00000293188",4143
"ENSG00000293189",4626
"ENSG00000293190",7623
"ENSG00000293191",705
"ENSG00000293192",2936
"ENSG00000293193",2273
"ENSG00000293194",5283
"ENSG00000293195",1691
"ENSG00000293197",1359
"ENSG00000293198",1698
"ENSG00000293199",3996
"ENSG00000293200",751
"ENSG00000293201",1154
"ENSG00000293202",1205
"ENSG00000293203",1264
"ENSG00000293204",807
"ENSG00000293205",2017
"ENSG00000293206",730
"ENSG00000293207",441
"ENSG00000293208",1148
"ENSG00000293209",2262
"ENSG00000293210",3766
"ENSG00000293211",1466
"ENSG00000293212",735
"ENSG00000293213",242
"ENSG00000293214",2682
"ENSG00000293215",597
"ENSG00000293216",678
"ENSG00000293217",751
"ENSG00000293218",328
"ENSG00000293219",1364
"ENSG00000293220",2122
"ENSG00000293221",2569
"ENSG00000293222",7638
"ENSG00000293223",3403
"ENSG00000293224",2234
"ENSG00000293226",3808
"ENSG00000293227",284
"ENSG00000293228",5072
"ENSG00000293229",567
"ENSG00000293230",575
"ENSG00000293231",1255
"ENSG00000293232",2291
"ENSG00000293233",684
"ENSG00000293234",1517
"ENSG00000293235",1585
"ENSG00000293236",2209
"ENSG00000293237",4411
"ENSG00000293238",1143
"ENSG00000293239",1718
"ENSG00000293240",6974
"ENSG00000293241",4818
"ENSG00000293242",1832
"ENSG00000293243",702
"ENSG00000293244",2218
"ENSG00000293245",1720
"ENSG00000293246",3114
"ENSG00000293247",1826
"ENSG00000293248",1287
"ENSG00000293249",1339
"ENSG00000293250",737
"ENSG00000293251",1043
"ENSG00000293252",2319
"ENSG00000293253",627
"ENSG00000293254",3033
"ENSG00000293255",1765
"ENSG00000293256",1844
"ENSG00000293258",3871
"ENSG00000293259",1263
"ENSG00000293260",2057
"ENSG00000293261",1362
"ENSG00000293262",2738
"ENSG00000293263",500
"ENSG00000293264",2825
"ENSG00000293265",3985
"ENSG00000293266",516
"ENSG00000293267",2564
"ENSG00000293268",18200
"ENSG00000293269",4537
"ENSG00000293270",4938
"ENSG00000293271",12880
"ENSG00000293272",839
"ENSG00000293273",2127
"ENSG00000293274",1178
"ENSG00000293275",528
"ENSG00000293276",4717
"ENSG00000293277",1263
"ENSG00000293278",2354
"ENSG00000293279",4398
"ENSG00000293280",1589
"ENSG00000293281",5706
"ENSG00000293282",456
"ENSG00000293283",1930
"ENSG00000293284",1218
"ENSG00000293285",297
"ENSG00000293286",205
"ENSG00000293287",2855
"ENSG00000293289",1742
"ENSG00000293291",2200
"ENSG00000293292",702
"ENSG00000293293",1902
"ENSG00000293294",3813
"ENSG00000293295",442
"ENSG00000293296",1834
"ENSG00000293297",3644
"ENSG00000293299",750
"ENSG00000293300",879
"ENSG00000293301",460
"ENSG00000293303",3148
"ENSG00000293304",1153
"ENSG00000293305",2494
"ENSG00000293306",4996
"ENSG00000293307",806
"ENSG00000293309",8256
"ENSG00000293310",4566
"ENSG00000293311",5629
"ENSG00000293312",3976
"ENSG00000293313",11932
"ENSG00000293314",4343
"ENSG00000293315",7617
"ENSG00000293316",3803
"ENSG00000293317",13382
"ENSG00000293318",2864
"ENSG00000293320",721
"ENSG00000293321",5513
"ENSG00000293322",3758
"ENSG00000293323",3284
"ENSG00000293324",1532
"ENSG00000293325",3379
"ENSG00000293326",2805
"ENSG00000293327",283
"ENSG00000293328",3905
"ENSG00000293329",13545
"ENSG00000293331",4585
"ENSG00000293332",4953
"ENSG00000293333",1297
"ENSG00000293334",463
"ENSG00000293335",2049
"ENSG00000293336",1106
"ENSG00000293337",3823
"ENSG00000293338",3385
"ENSG00000293339",1210
"ENSG00000293340",348
"ENSG00000293341",2598
"ENSG00000293342",3322
"ENSG00000293343",1448
"ENSG00000293344",1501
"ENSG00000293345",503
"ENSG00000293347",767
"ENSG00000293348",1261
"ENSG00000293349",1613
"ENSG00000293350",1132
"ENSG00000293351",2656
"ENSG00000293352",5199
"ENSG00000293353",2762
"ENSG00000293354",815
"ENSG00000293358",1161
"ENSG00000293359",1230
"ENSG00000293360",2027
"ENSG00000293361",752
"ENSG00000293362",2559
"ENSG00000293363",5035
"ENSG00000293367",1074
"ENSG00000293370",925
"ENSG00000293371",1940
"ENSG00000293372",6148
"ENSG00000293375",3539
"ENSG00000293376",3785
"ENSG00000293377",4249
"ENSG00000293378",981
"ENSG00000293379",811
"ENSG00000293380",2999
"ENSG00000293381",486
"ENSG00000293382",1887
"ENSG00000293384",2738
"ENSG00000293385",4783
"ENSG00000293386",2672
"ENSG00000293387",664
"ENSG00000293388",801
"ENSG00000293389",9577
"ENSG00000293390",5419
"ENSG00000293391",3317
"ENSG00000293392",816
"ENSG00000293393",2747
"ENSG00000293394",7792
"ENSG00000293395",567
"ENSG00000293396",1759
"ENSG00000293397",2035
"ENSG00000293398",4459
"ENSG00000293399",9536
"ENSG00000293400",3859
"ENSG00000293401",3502
"ENSG00000293402",3872
"ENSG00000293403",1705
"ENSG00000293404",7481
"ENSG00000293405",2818
"ENSG00000293406",692
"ENSG00000293407",2441
"ENSG00000293408",460
"ENSG00000293410",4133
"ENSG00000293411",3454
"ENSG00000293412",5711
"ENSG00000293413",10300
"ENSG00000293414",2744
"ENSG00000293415",2374
"ENSG00000293416",982
"ENSG00000293417",1670
"ENSG00000293418",328
"ENSG00000293419",1600
"ENSG00000293420",2871
"ENSG00000293421",886
"ENSG00000293422",7448
"ENSG00000293423",6178
"ENSG00000293426",2634
"ENSG00000293427",9012
"ENSG00000293428",5775
"ENSG00000293429",4267
"ENSG00000293430",4042
"ENSG00000293431",1424
"ENSG00000293432",1146
"ENSG00000293433",2602
"ENSG00000293434",9131
"ENSG00000293435",3824
"ENSG00000293436",608
"ENSG00000293437",1174
"ENSG00000293438",978
"ENSG00000293440",3276
"ENSG00000293441",3926
"ENSG00000293442",10068
"ENSG00000293443",700
"ENSG00000293444",4646
"ENSG00000293445",905
"ENSG00000293446",2430
"ENSG00000293447",3319
"ENSG00000293448",8073
"ENSG00000293449",2166
"ENSG00000293450",3217
"ENSG00000293451",2210
"ENSG00000293453",3172
"ENSG00000293454",1973
"ENSG00000293455",2629
"ENSG00000293456",1237
"ENSG00000293457",5864
"ENSG00000293458",2530
"ENSG00000293459",831
"ENSG00000293460",15452
"ENSG00000293461",3247
"ENSG00000293462",1091
"ENSG00000293463",1547
"ENSG00000293464",6353
"ENSG00000293465",7299
"ENSG00000293467",2852
"ENSG00000293468",3349
"ENSG00000293469",7108
"ENSG00000293470",5833
"ENSG00000293471",4240
"ENSG00000293472",1430
"ENSG00000293473",2760
"ENSG00000293474",545
"ENSG00000293475",4330
"ENSG00000293476",5176
"ENSG00000293477",9959
"ENSG00000293478",9700
"ENSG00000293479",776
"ENSG00000293480",4398
"ENSG00000293481",2132
"ENSG00000293482",5114
"ENSG00000293484",4527
"ENSG00000293485",4981
"ENSG00000293486",4430
"ENSG00000293487",1038
"ENSG00000293488",3125
"ENSG00000293489",13390
"ENSG00000293490",4430
"ENSG00000293491",4190
"ENSG00000293492",2695
"ENSG00000293493",7255
"ENSG00000293494",2710
"ENSG00000293495",3320
"ENSG00000293496",1433
"ENSG00000293497",10390
"ENSG00000293498",2188
"ENSG00000293499",1682
"ENSG00000293500",1870
"ENSG00000293501",1205
"ENSG00000293502",1306
"ENSG00000293503",1269
"ENSG00000293504",5159
"ENSG00000293505",2647
"ENSG00000293506",3964
"ENSG00000293507",3519
"ENSG00000293508",29824
"ENSG00000293509",4131
"ENSG00000293510",10202
"ENSG00000293511",12867
"ENSG00000293512",4540
"ENSG00000293513",3550
"ENSG00000293514",8664
"ENSG00000293515",2702
"ENSG00000293516",9754
"ENSG00000293517",6182
"ENSG00000293518",5354
"ENSG00000293519",109
"ENSG00000293526",1171
"ENSG00000293527",2242
"ENSG00000293528",1438
"ENSG00000293529",4372
"ENSG00000293534",2003
"ENSG00000293535",6119
"ENSG00000293537",1153
"ENSG00000293538",4892
"ENSG00000293539",3637
"ENSG00000293540",1720
"ENSG00000293541",8524
"ENSG00000293542",1547
"ENSG00000293543",1852
"ENSG00000293544",342
"ENSG00000293546",8892
"ENSG00000293548",2808
"ENSG00000293550",7948
"ENSG00000293553",1434
"ENSG00000293554",1009
"ENSG00000293555",4560
"ENSG00000293556",1181
"ENSG00000293557",3836
"ENSG00000293558",394
"ENSG00000293559",1612
"ENSG00000293560",4283
"ENSG00000293562",177
"ENSG00000293563",604
"ENSG00000293564",78
"ENSG00000293565",51
"ENSG00000293568",3322
"ENSG00000293569",5423
"ENSG00000293570",3123
"ENSG00000293571",8563
"ENSG00000293573",11708
"ENSG00000293574",1121
"ENSG00000293575",81
"ENSG00000293576",3935
"ENSG00000293580",1329
"ENSG00000293581",2120
"ENSG00000293584",69
"ENSG00000293586",8823
"ENSG00000293587",1545
"ENSG00000293588",1561
"ENSG00000293591",399
"ENSG00000293592",1192
"ENSG00000293594",75
"ENSG00000293595",2781
"ENSG00000293596",1252
"ENSG00000293597",5705
"ENSG00000293599",1176
"ENSG00000293600",3048
"ENSG00000293605",851
"ENSG00000293606",3354
"ENSG00000293607",4394
"ENSG00000293608",10046
"ENSG00000293609",1158
"ENSG00000293610",3969
"ENSG00000293611",1352
"ENSG00000293612",2236
"ENSG00000293613",2282
"ENSG00000293614",679
"ENSG00000293615",5163
"ENSG00000293616",31192
"ENSG00000293618",1720
"ENSG00000293619",2185
"ENSG00000293621",4893
"ENSG00000293623",2455
"ENSG00000293624",1771
"ENSG00000293625",834
"ENSG00000293626",2830
"ENSG00000293627",1253
"ENSG00000293628",4496
"ENSG00000293629",1277
"ENSG00000293630",1442
"ENSG00000293636",6842
"ENSG00000293642",1684
"ENSG00000293643",2859
"ENSG00000293644",727
"ENSG00000293645",2076
"ENSG00000293647",1628
"ENSG00000293648",997
"ENSG00000293650",2024
"ENSG00000293651",1679
"ENSG00000293652",1513
"ENSG00000293653",670
"ENSG00000293654",1020
"ENSG00000293655",1306
"ENSG00000293656",1300
"ENSG00000293657",920
"ENSG00000293659",1897
"ENSG00000293660",1569
"ENSG00000293661",858
"ENSG00000293662",330
"ENSG00000293663",359
"ENSG00000293664",4523
"ENSG00000293667",1367
"ENSG00000293668",794
"ENSG00000293669",11446
"ENSG00000293670",2942
"ENSG00000293671",811
"ENSG00000293672",1029
"ENSG00000293673",898
"ENSG00000293674",575
"ENSG00000293676",5938
"ENSG00000293677",1603
"ENSG00000293678",2406
"ENSG00000293679",1056
"ENSG00000293680",1174
"ENSG00000293681",1491
"ENSG00000293682",715
"ENSG00000293683",852
"ENSG00000293684",557
"ENSG00000293685",516
"ENSG00000293686",931
"ENSG00000293687",114
"ENSG00000293688",973
"ENSG00000293689",4314
"ENSG00000293690",557
"ENSG00000293691",3510
"ENSG00000293692",2552
"ENSG00000293693",3503
"ENSG00000293694",999
"ENSG00000293695",1205
"ENSG00000293696",2784
"ENSG00000293697",7086
"ENSG00000293698",3510
"ENSG00000293699",5855
"ENSG00000293700",426
"ENSG00000293701",1041
"ENSG00000293702",903
"ENSG00000293703",711
"ENSG00000293704",314
"ENSG00000293705",671
"ENSG00000293706",793
"ENSG00000293707",1022
"ENSG00000293708",751
"ENSG00000293709",358
"ENSG00000293710",706
"ENSG00000293711",928
"ENSG00000293712",1726
"ENSG00000293713",1969
"ENSG00000293714",379
"ENSG00000293715",681
"ENSG00000293716",1212
"ENSG00000293717",563
"ENSG00000293718",651
"ENSG00000293719",787
"ENSG00000293720",346
"ENSG00000293721",3133
"ENSG00000293723",1183
"ENSG00000293724",679
"ENSG00000293725",1358
"ENSG00000293726",2088
"ENSG00000293727",718
"ENSG00000293728",822
"ENSG00000293729",404
"ENSG00000293730",420
"ENSG00000293731",1059
"ENSG00000293732",1153
"ENSG00000293733",501
"ENSG00000293734",824
"ENSG00000293735",435
"ENSG00000293736",1500
"ENSG00000293737",405
"ENSG00000293738",2805
"ENSG00000293739",756
"ENSG00000293740",1351
"ENSG00000293741",775
"ENSG00000293742",1252
"ENSG00000293743",461
"ENSG00000293744",191
"ENSG00000293745",1227
"ENSG00000293746",663
"ENSG00000293747",1335
"ENSG00000293748",794
"ENSG00000293749",1238
"ENSG00000293750",679
"ENSG00000293751",1316
"ENSG00000293752",2365
"ENSG00000293753",2159
"ENSG00000293754",5873
"ENSG00000293755",1185
"ENSG00000293756",828
"ENSG00000293757",1094
"ENSG00000293758",1134
"ENSG00000293759",1307
"ENSG00000293760",603
"ENSG00000293761",757
"ENSG00000293762",537
"ENSG00000293763",395
"ENSG00000293764",858
"ENSG00000293765",333
"ENSG00000293766",393
"ENSG00000293767",447
"ENSG00000293768",263
"ENSG00000293769",1549
"ENSG00000293770",390
"ENSG00000293771",1166
"ENSG00000293772",3381
"ENSG00000293773",1577
"ENSG00000293774",678
"ENSG00000293775",807
"ENSG00000293776",494
"ENSG00000293777",344
"ENSG00000293778",775
"ENSG00000293779",549
"ENSG00000293780",791
"ENSG00000293781",981
"ENSG00000293782",346
"ENSG00000293783",432
"ENSG00000293784",963
"ENSG00000293785",402
"ENSG00000293786",758
"ENSG00000293787",990
"ENSG00000293788",403
"ENSG00000293789",433
"ENSG00000293790",675
"ENSG00000293791",882
"ENSG00000293792",510
"ENSG00000293793",1485
"ENSG00000293794",1956
"ENSG00000293795",1071
"ENSG00000293796",1211
"ENSG00000293797",1259
"ENSG00000293798",452
"ENSG00000293799",523
"ENSG00000293800",811
"ENSG00000293801",1313
"ENSG00000293802",808
"ENSG00000293803",574
"ENSG00000293804",557
"ENSG00000293805",596
"ENSG00000293806",229
"ENSG00000293807",734
"ENSG00000293808",744
"ENSG00000293809",1879
"ENSG00000293810",1164
"ENSG00000293811",563
"ENSG00000293812",879
"ENSG00000293813",560
"ENSG00000293814",510
"ENSG00000293815",854
"ENSG00000293816",1290
"ENSG00000293817",1026
"ENSG00000293818",475
"ENSG00000293819",694
"ENSG00000293820",1153
"ENSG00000293821",1080
"ENSG00000293822",1087
"ENSG00000293823",769
"ENSG00000293824",1001
"ENSG00000293825",480
"ENSG00000293826",320
"ENSG00000293827",545
"ENSG00000293828",307
"ENSG00000293829",516
"ENSG00000293830",877
"ENSG00000293831",1091
"ENSG00000293832",233
"ENSG00000293833",369
"ENSG00000293834",423
"ENSG00000293835",596
"ENSG00000293836",1931
"ENSG00000293837",523
"ENSG00000293838",1164
"ENSG00000293839",972
"ENSG00000293840",367
"ENSG00000293841",163
"ENSG00000293842",503
"ENSG00000293843",541
"ENSG00000293844",1042
"ENSG00000293845",1837
"ENSG00000293846",583
"ENSG00000293847",644
"ENSG00000293848",1232
"ENSG00000293849",344
"ENSG00000293850",425
"ENSG00000293851",360
"ENSG00000293852",857
"ENSG00000293853",435
"ENSG00000293854",559
"ENSG00000293855",2571
"ENSG00000293856",1510
"ENSG00000293857",494
"ENSG00000293858",1142
"ENSG00000293859",401
"ENSG00000293860",917
"ENSG00000293861",1458
"ENSG00000293862",461
"ENSG00000293863",1130
"ENSG00000293864",376
"ENSG00000293865",1245
"ENSG00000293866",2349
"ENSG00000293867",699
"ENSG00000293868",324
"ENSG00000293869",699
"ENSG00000293870",746
"ENSG00000293871",592
"ENSG00000293872",338
"ENSG00000293873",873
"ENSG00000293874",452
"ENSG00000293875",831
"ENSG00000293876",486
"ENSG00000293877",1058
"ENSG00000293878",151
"ENSG00000293879",724
"ENSG00000293880",322
"ENSG00000293881",2720
"ENSG00000293882",395
"ENSG00000293883",458
"ENSG00000293884",1836
"ENSG00000293885",1257
"ENSG00000293886",1452
"ENSG00000293887",445
"ENSG00000293888",607
"ENSG00000293889",634
"ENSG00000293890",1351
"ENSG00000293891",1074
"ENSG00000293892",1809
"ENSG00000293893",466
"ENSG00000293894",372
"ENSG00000293895",932
"ENSG00000293896",365
"ENSG00000293897",287
"ENSG00000293898",586
"ENSG00000293899",1350
"ENSG00000293900",780
"ENSG00000293901",511
"ENSG00000293902",486
"ENSG00000293903",896
"ENSG00000293904",1800
"ENSG00000293905",1873
"ENSG00000293906",1634
"ENSG00000293907",507
"ENSG00000293908",1287
"ENSG00000293909",1696
"ENSG00000293910",1136
"ENSG00000293911",922
"ENSG00000293912",870
"ENSG00000293913",432
"ENSG00000293914",1008
"ENSG00000293915",1499
"ENSG00000293916",570
"ENSG00000293917",1810
"ENSG00000293918",1765
"ENSG00000293919",11983
"ENSG00000293920",790
"ENSG00000293921",582
"ENSG00000293922",1016
"ENSG00000293923",437
"ENSG00000293924",480
"ENSG00000293925",5917
"ENSG00000293926",2932
"ENSG00000293927",1590
"ENSG00000293928",386
"ENSG00000293929",2669
"ENSG00000293930",1130
"ENSG00000293931",829
"ENSG00000293932",466
"ENSG00000293933",416
"ENSG00000293934",532
"ENSG00000293935",1039
"ENSG00000293936",1091
"ENSG00000293937",3968
"ENSG00000293938",1644
"ENSG00000293939",2250
"ENSG00000293940",425
"ENSG00000293941",693
"ENSG00000293942",856
"ENSG00000293943",488
"ENSG00000293944",2533
"ENSG00000293945",803
"ENSG00000293946",633
"ENSG00000293947",737
"ENSG00000293948",458
"ENSG00000293949",434
"ENSG00000293950",806
"ENSG00000293951",632
"ENSG00000293952",416
"ENSG00000293953",594
"ENSG00000293954",720
"ENSG00000293955",565
"ENSG00000293956",1597
"ENSG00000293957",12340
"ENSG00000293958",407
"ENSG00000293959",1734
"ENSG00000293960",1295
"ENSG00000293961",533
"ENSG00000293962",675
"ENSG00000293963",320
"ENSG00000293964",532
"ENSG00000293965",436
"ENSG00000293966",2846
"ENSG00000293967",342
"ENSG00000293968",858
"ENSG00000293969",2970
"ENSG00000293970",1191
"ENSG00000293971",209
"ENSG00000293972",456
"ENSG00000293973",757
"ENSG00000293974",376
"ENSG00000293975",380
"ENSG00000293976",1514
"ENSG00000293977",1608
"ENSG00000293978",1128
"ENSG00000293979",1300
"ENSG00000293980",325
"ENSG00000293981",936
"ENSG00000293982",592
"ENSG00000293983",1010
"ENSG00000293984",3602
"ENSG00000293985",830
"ENSG00000293986",306
"ENSG00000293987",668
"ENSG00000293988",428
"ENSG00000293989",1991
"ENSG00000293990",770
"ENSG00000293991",329
"ENSG00000293992",1713
"ENSG00000293993",3204
"ENSG00000293994",1323
"ENSG00000293995",625
"ENSG00000293996",562
"ENSG00000293997",1064
"ENSG00000293998",724
"ENSG00000293999",740
"ENSG00000294000",978
"ENSG00000294001",389
"ENSG00000294002",691
"ENSG00000294003",2043
"ENSG00000294004",602
"ENSG00000294005",1118
"ENSG00000294006",536
"ENSG00000294007",990
"ENSG00000294008",3186
"ENSG00000294009",783
"ENSG00000294010",527
"ENSG00000294011",1298
"ENSG00000294012",1467
"ENSG00000294013",485
"ENSG00000294014",478
"ENSG00000294015",1593
"ENSG00000294016",1335
"ENSG00000294017",2554
"ENSG00000294018",862
"ENSG00000294019",420
"ENSG00000294020",4126
"ENSG00000294021",370
"ENSG00000294022",387
"ENSG00000294023",569
"ENSG00000294024",1093
"ENSG00000294025",341
"ENSG00000294026",784
"ENSG00000294027",660
"ENSG00000294028",823
"ENSG00000294029",592
"ENSG00000294030",612
"ENSG00000294031",543
"ENSG00000294032",876
"ENSG00000294033",2361
"ENSG00000294034",1479
"ENSG00000294035",1013
"ENSG00000294036",819
"ENSG00000294037",502
"ENSG00000294039",618
"ENSG00000294040",372
"ENSG00000294041",589
"ENSG00000294042",563
"ENSG00000294043",321
"ENSG00000294044",1930
"ENSG00000294045",1374
"ENSG00000294046",504
"ENSG00000294047",847
"ENSG00000294048",1591
"ENSG00000294049",528
"ENSG00000294050",768
"ENSG00000294051",2071
"ENSG00000294052",455
"ENSG00000294053",653
"ENSG00000294054",379
"ENSG00000294055",271
"ENSG00000294056",998
"ENSG00000294057",482
"ENSG00000294058",433
"ENSG00000294059",565
"ENSG00000294060",464
"ENSG00000294061",1348
"ENSG00000294062",393
"ENSG00000294063",398
"ENSG00000294064",586
"ENSG00000294065",1358
"ENSG00000294066",611
"ENSG00000294067",1754
"ENSG00000294068",620
"ENSG00000294069",1018
"ENSG00000294070",812
"ENSG00000294071",847
"ENSG00000294072",1510
"ENSG00000294073",583
"ENSG00000294074",469
"ENSG00000294075",1262
"ENSG00000294076",1633
"ENSG00000294077",1174
"ENSG00000294078",372
"ENSG00000294079",776
"ENSG00000294080",1801
"ENSG00000294081",786
"ENSG00000294082",1969
"ENSG00000294083",1277
"ENSG00000294084",456
"ENSG00000294085",599
"ENSG00000294086",379
"ENSG00000294087",230
"ENSG00000294088",438
"ENSG00000294089",601
"ENSG00000294090",1031
"ENSG00000294091",1678
"ENSG00000294092",610
"ENSG00000294093",377
"ENSG00000294094",363
"ENSG00000294095",1003
"ENSG00000294096",361
"ENSG00000294097",1587
"ENSG00000294098",388
"ENSG00000294099",790
"ENSG00000294100",760
"ENSG00000294101",348
"ENSG00000294102",461
"ENSG00000294103",529
"ENSG00000294104",2645
"ENSG00000294105",296
"ENSG00000294106",531
"ENSG00000294107",4191
"ENSG00000294108",383
"ENSG00000294109",999
"ENSG00000294110",749
"ENSG00000294111",657
"ENSG00000294112",326
"ENSG00000294113",750
"ENSG00000294114",511
"ENSG00000294115",839
"ENSG00000294116",328
"ENSG00000294117",845
"ENSG00000294118",1924
"ENSG00000294119",571
"ENSG00000294120",716
"ENSG00000294121",2938
"ENSG00000294122",1131
"ENSG00000294123",547
"ENSG00000294124",938
"ENSG00000294125",1042
"ENSG00000294126",518
"ENSG00000294127",1120
"ENSG00000294128",720
"ENSG00000294129",2531
"ENSG00000294130",617
"ENSG00000294131",3925
"ENSG00000294132",1505
"ENSG00000294133",5567
"ENSG00000294134",956
"ENSG00000294135",702
"ENSG00000294136",551
"ENSG00000294137",253
"ENSG00000294138",604
"ENSG00000294139",851
"ENSG00000294140",289
"ENSG00000294141",910
"ENSG00000294142",481
"ENSG00000294143",518
"ENSG00000294144",1170
"ENSG00000294145",321
"ENSG00000294146",1086
"ENSG00000294147",660
"ENSG00000294148",512
"ENSG00000294149",426
"ENSG00000294150",940
"ENSG00000294151",1388
"ENSG00000294152",613
"ENSG00000294153",1230
"ENSG00000294154",1638
"ENSG00000294155",316
"ENSG00000294156",938
"ENSG00000294157",605
"ENSG00000294158",825
"ENSG00000294159",561
"ENSG00000294160",329
"ENSG00000294161",1726
"ENSG00000294162",782
"ENSG00000294163",625
"ENSG00000294164",598
"ENSG00000294165",988
"ENSG00000294166",676
"ENSG00000294167",941
"ENSG00000294168",913
"ENSG00000294169",704
"ENSG00000294170",566
"ENSG00000294171",2665
"ENSG00000294172",471
"ENSG00000294173",231
"ENSG00000294174",465
"ENSG00000294175",806
"ENSG00000294176",321
"ENSG00000294177",488
"ENSG00000294178",735
"ENSG00000294179",3174
"ENSG00000294180",2052
"ENSG00000294181",685
"ENSG00000294182",132
"ENSG00000294183",1200
"ENSG00000294184",544
"ENSG00000294185",627
"ENSG00000294186",913
"ENSG00000294187",547
"ENSG00000294188",365
"ENSG00000294189",711
"ENSG00000294190",496
"ENSG00000294191",1788
"ENSG00000294192",1660
"ENSG00000294193",707
"ENSG00000294194",789
"ENSG00000294195",287
"ENSG00000294196",1640
"ENSG00000294197",798
"ENSG00000294198",821
"ENSG00000294199",848
"ENSG00000294200",797
"ENSG00000294201",801
"ENSG00000294202",496
"ENSG00000294203",3528
"ENSG00000294204",3356
"ENSG00000294205",1292
"ENSG00000294206",408
"ENSG00000294207",1330
"ENSG00000294208",1877
"ENSG00000294209",1115
"ENSG00000294210",833
"ENSG00000294211",1371
"ENSG00000294212",481
"ENSG00000294213",3175
"ENSG00000294214",389
"ENSG00000294215",3075
"ENSG00000294216",1307
"ENSG00000294217",736
"ENSG00000294218",1084
"ENSG00000294219",402
"ENSG00000294220",404
"ENSG00000294221",1520
"ENSG00000294222",4436
"ENSG00000294223",577
"ENSG00000294224",542
"ENSG00000294225",831
"ENSG00000294226",1537
"ENSG00000294227",650
"ENSG00000294228",285
"ENSG00000294229",656
"ENSG00000294230",3016
"ENSG00000294231",3101
"ENSG00000294232",944
"ENSG00000294233",466
"ENSG00000294234",542
"ENSG00000294235",1338
"ENSG00000294236",1443
"ENSG00000294237",1270
"ENSG00000294238",800
"ENSG00000294239",462
"ENSG00000294240",972
"ENSG00000294241",308
"ENSG00000294242",1712
"ENSG00000294243",823
"ENSG00000294244",643
"ENSG00000294245",454
"ENSG00000294246",777
"ENSG00000294247",368
"ENSG00000294248",1100
"ENSG00000294249",588
"ENSG00000294250",401
"ENSG00000294251",292
"ENSG00000294252",597
"ENSG00000294253",518
"ENSG00000294254",4073
"ENSG00000294255",219
"ENSG00000294256",236
"ENSG00000294257",459
"ENSG00000294258",1219
"ENSG00000294259",378
"ENSG00000294260",1694
"ENSG00000294261",503
"ENSG00000294262",1764
"ENSG00000294263",1637
"ENSG00000294264",1515
"ENSG00000294265",638
"ENSG00000294266",2289
"ENSG00000294267",643
"ENSG00000294268",340
"ENSG00000294269",2266
"ENSG00000294270",1591
"ENSG00000294271",1118
"ENSG00000294272",1475
"ENSG00000294273",721
"ENSG00000294274",989
"ENSG00000294275",552
"ENSG00000294276",2074
"ENSG00000294277",836
"ENSG00000294278",864
"ENSG00000294279",2121
"ENSG00000294280",604
"ENSG00000294281",998
"ENSG00000294282",2941
"ENSG00000294283",401
"ENSG00000294284",869
"ENSG00000294285",303
"ENSG00000294286",906
"ENSG00000294287",347
"ENSG00000294288",490
"ENSG00000294289",703
"ENSG00000294290",997
"ENSG00000294291",1066
"ENSG00000294292",575
"ENSG00000294293",733
"ENSG00000294294",1400
"ENSG00000294295",531
"ENSG00000294296",975
"ENSG00000294297",1266
"ENSG00000294298",1241
"ENSG00000294299",413
"ENSG00000294300",1288
"ENSG00000294301",1060
"ENSG00000294302",371
"ENSG00000294303",558
"ENSG00000294304",461
"ENSG00000294305",1102
"ENSG00000294306",874
"ENSG00000294307",548
"ENSG00000294308",763
"ENSG00000294309",734
"ENSG00000294310",419
"ENSG00000294311",448
"ENSG00000294312",1084
"ENSG00000294313",1737
"ENSG00000294314",451
"ENSG00000294315",351
"ENSG00000294316",711
"ENSG00000294317",727
"ENSG00000294318",881
"ENSG00000294319",1314
"ENSG00000294320",1000
"ENSG00000294321",446
"ENSG00000294322",317
"ENSG00000294323",1069
"ENSG00000294324",684
"ENSG00000294325",501
"ENSG00000294326",861
"ENSG00000294327",272
"ENSG00000294328",451
"ENSG00000294329",2796
"ENSG00000294330",1142
"ENSG00000294331",281
"ENSG00000294332",1611
"ENSG00000294333",520
"ENSG00000294334",2419
"ENSG00000294335",1027
"ENSG00000294336",2636
"ENSG00000294337",435
"ENSG00000294338",492
"ENSG00000294339",682
"ENSG00000294340",280
"ENSG00000294341",581
"ENSG00000294342",502
"ENSG00000294343",2027
"ENSG00000294344",487
"ENSG00000294345",569
"ENSG00000294346",1672
"ENSG00000294347",2723
"ENSG00000294348",294
"ENSG00000294349",398
"ENSG00000294350",729
"ENSG00000294351",659
"ENSG00000294352",660
"ENSG00000294353",984
"ENSG00000294354",816
"ENSG00000294355",1689
"ENSG00000294356",695
"ENSG00000294357",549
"ENSG00000294358",683
"ENSG00000294359",253
"ENSG00000294360",2031
"ENSG00000294361",3251
"ENSG00000294362",417
"ENSG00000294363",1333
"ENSG00000294364",389
"ENSG00000294365",743
"ENSG00000294366",392
"ENSG00000294367",1622
"ENSG00000294368",602
"ENSG00000294369",1218
"ENSG00000294370",713
"ENSG00000294371",1339
"ENSG00000294372",722
"ENSG00000294373",1076
"ENSG00000294374",318
"ENSG00000294375",1451
"ENSG00000294376",2809
"ENSG00000294377",1601
"ENSG00000294378",1030
"ENSG00000294379",502
"ENSG00000294380",398
"ENSG00000294381",570
"ENSG00000294382",1327
"ENSG00000294383",424
"ENSG00000294384",378
"ENSG00000294385",1551
"ENSG00000294386",584
"ENSG00000294387",593
"ENSG00000294388",2727
"ENSG00000294389",919
"ENSG00000294390",408
"ENSG00000294391",718
"ENSG00000294392",398
"ENSG00000294393",1301
"ENSG00000294394",708
"ENSG00000294395",983
"ENSG00000294396",2078
"ENSG00000294397",1310
"ENSG00000294398",223
"ENSG00000294399",2154
"ENSG00000294400",2980
"ENSG00000294401",1505
"ENSG00000294402",558
"ENSG00000294403",1292
"ENSG00000294404",634
"ENSG00000294405",800
"ENSG00000294406",707
"ENSG00000294407",376
"ENSG00000294408",572
"ENSG00000294409",1276
"ENSG00000294410",2801
"ENSG00000294411",593
"ENSG00000294412",765
"ENSG00000294413",500
"ENSG00000294414",929
"ENSG00000294415",863
"ENSG00000294416",1658
"ENSG00000294417",736
"ENSG00000294418",1232
"ENSG00000294419",1449
"ENSG00000294420",319
"ENSG00000294421",2222
"ENSG00000294422",2242
"ENSG00000294423",2412
"ENSG00000294424",912
"ENSG00000294425",406
"ENSG00000294426",1573
"ENSG00000294427",1743
"ENSG00000294428",936
"ENSG00000294429",1743
"ENSG00000294430",1381
"ENSG00000294431",391
"ENSG00000294432",2503
"ENSG00000294433",822
"ENSG00000294434",902
"ENSG00000294435",350
"ENSG00000294436",486
"ENSG00000294437",766
"ENSG00000294438",278
"ENSG00000294439",676
"ENSG00000294440",1814
"ENSG00000294441",617
"ENSG00000294442",828
"ENSG00000294443",265
"ENSG00000294444",714
"ENSG00000294445",201
"ENSG00000294446",2433
"ENSG00000294447",936
"ENSG00000294448",701
"ENSG00000294449",924
"ENSG00000294450",986
"ENSG00000294451",1745
"ENSG00000294452",495
"ENSG00000294453",923
"ENSG00000294454",954
"ENSG00000294455",368
"ENSG00000294456",3188
"ENSG00000294457",1116
"ENSG00000294458",510
"ENSG00000294459",2996
"ENSG00000294460",1612
"ENSG00000294461",1135
"ENSG00000294462",1157
"ENSG00000294463",751
"ENSG00000294464",1095
"ENSG00000294465",604
"ENSG00000294466",1452
"ENSG00000294467",825
"ENSG00000294468",772
"ENSG00000294469",3799
"ENSG00000294470",593
"ENSG00000294471",828
"ENSG00000294472",450
"ENSG00000294473",568
"ENSG00000294474",4000
"ENSG00000294475",1278
"ENSG00000294476",2329
"ENSG00000294477",470
"ENSG00000294478",350
"ENSG00000294479",386
"ENSG00000294480",1067
"ENSG00000294481",336
"ENSG00000294482",686
"ENSG00000294483",517
"ENSG00000294484",597
"ENSG00000294485",1073
"ENSG00000294486",1011
"ENSG00000294487",524
"ENSG00000294488",1614
"ENSG00000294489",1477
"ENSG00000294490",592
"ENSG00000294491",962
"ENSG00000294492",723
"ENSG00000294493",443
"ENSG00000294494",1821
"ENSG00000294495",771
"ENSG00000294496",617
"ENSG00000294497",2300
"ENSG00000294498",2149
"ENSG00000294499",307
"ENSG00000294500",335
"ENSG00000294501",2070
"ENSG00000294502",1103
"ENSG00000294503",693
"ENSG00000294504",532
"ENSG00000294505",517
"ENSG00000294506",822
"ENSG00000294507",359
"ENSG00000294508",1057
"ENSG00000294509",638
"ENSG00000294510",1615
"ENSG00000294511",3320
"ENSG00000294512",833
"ENSG00000294513",475
"ENSG00000294514",899
"ENSG00000294515",1299
"ENSG00000294516",565
"ENSG00000294517",796
"ENSG00000294518",607
"ENSG00000294519",2149
"ENSG00000294520",486
"ENSG00000294521",996
"ENSG00000294522",719
"ENSG00000294523",1468
"ENSG00000294524",2651
"ENSG00000294525",513
"ENSG00000294527",1065
"ENSG00000294528",354
"ENSG00000294529",620
"ENSG00000294530",2000
"ENSG00000294531",5070
"ENSG00000294532",284
"ENSG00000294533",328
"ENSG00000294534",610
"ENSG00000294535",319
"ENSG00000294536",442
"ENSG00000294537",5461
"ENSG00000294538",834
"ENSG00000294539",509
"ENSG00000294540",358
"ENSG00000294541",419
"ENSG00000294542",2075
"ENSG00000294543",1499
"ENSG00000294544",499
"ENSG00000294545",439
"ENSG00000294546",586
"ENSG00000294547",449
"ENSG00000294548",759
"ENSG00000294549",669
"ENSG00000294550",2177
"ENSG00000294551",405
"ENSG00000294552",465
"ENSG00000294553",432
"ENSG00000294554",2516
"ENSG00000294555",295
"ENSG00000294556",1281
"ENSG00000294557",639
"ENSG00000294558",1055
"ENSG00000294559",1100
"ENSG00000294560",394
"ENSG00000294561",292
"ENSG00000294562",859
"ENSG00000294563",3563
"ENSG00000294564",615
"ENSG00000294565",659
"ENSG00000294566",596
"ENSG00000294567",1150
"ENSG00000294568",1536
"ENSG00000294569",1726
"ENSG00000294570",1363
"ENSG00000294571",804
"ENSG00000294572",428
"ENSG00000294573",528
"ENSG00000294574",866
"ENSG00000294575",1438
"ENSG00000294576",740
"ENSG00000294577",508
"ENSG00000294578",823
"ENSG00000294579",592
"ENSG00000294580",718
"ENSG00000294581",1031
"ENSG00000294582",1825
"ENSG00000294583",3309
"ENSG00000294584",560
"ENSG00000294585",826
"ENSG00000294586",1278
"ENSG00000294587",1499
"ENSG00000294588",922
"ENSG00000294589",313
"ENSG00000294590",1851
"ENSG00000294591",536
"ENSG00000294592",819
"ENSG00000294593",798
"ENSG00000294594",397
"ENSG00000294595",588
"ENSG00000294596",1644
"ENSG00000294597",689
"ENSG00000294598",7335
"ENSG00000294599",832
"ENSG00000294600",3771
"ENSG00000294601",408
"ENSG00000294602",442
"ENSG00000294603",1690
"ENSG00000294604",637
"ENSG00000294605",498
"ENSG00000294606",256
"ENSG00000294607",869
"ENSG00000294608",398
"ENSG00000294609",779
"ENSG00000294610",614
"ENSG00000294611",2737
"ENSG00000294612",722
"ENSG00000294613",468
"ENSG00000294614",460
"ENSG00000294615",577
"ENSG00000294616",665
"ENSG00000294617",571
"ENSG00000294618",348
"ENSG00000294619",824
"ENSG00000294620",442
"ENSG00000294621",210
"ENSG00000294622",569
"ENSG00000294623",798
"ENSG00000294624",3211
"ENSG00000294625",795
"ENSG00000294626",365
"ENSG00000294627",653
"ENSG00000294628",1711
"ENSG00000294629",414
"ENSG00000294630",732
"ENSG00000294631",1138
"ENSG00000294632",751
"ENSG00000294633",2368
"ENSG00000294634",1253
"ENSG00000294635",292
"ENSG00000294636",621
"ENSG00000294637",950
"ENSG00000294638",1407
"ENSG00000294639",564
"ENSG00000294640",585
"ENSG00000294641",1325
"ENSG00000294642",810
"ENSG00000294643",1655
"ENSG00000294644",1067
"ENSG00000294645",680
"ENSG00000294646",954
"ENSG00000294647",1264
"ENSG00000294648",1092
"ENSG00000294649",3986
"ENSG00000294650",1373
"ENSG00000294651",426
"ENSG00000294652",994
"ENSG00000294653",335
"ENSG00000294654",577
"ENSG00000294655",648
"ENSG00000294656",578
"ENSG00000294657",228
"ENSG00000294658",1155
"ENSG00000294659",4318
"ENSG00000294660",322
"ENSG00000294661",431
"ENSG00000294662",316
"ENSG00000294663",3605
"ENSG00000294664",355
"ENSG00000294665",851
"ENSG00000294666",771
"ENSG00000294667",576
"ENSG00000294668",378
"ENSG00000294669",339
"ENSG00000294670",363
"ENSG00000294671",964
"ENSG00000294672",617
"ENSG00000294673",1656
"ENSG00000294674",250
"ENSG00000294675",980
"ENSG00000294676",610
"ENSG00000294677",735
"ENSG00000294678",574
"ENSG00000294679",378
"ENSG00000294680",458
"ENSG00000294681",1034
"ENSG00000294682",401
"ENSG00000294683",1292
"ENSG00000294684",1719
"ENSG00000294685",646
"ENSG00000294686",395
"ENSG00000294687",2079
"ENSG00000294688",108
"ENSG00000294689",849
"ENSG00000294690",464
"ENSG00000294691",475
"ENSG00000294692",2173
"ENSG00000294693",666
"ENSG00000294694",315
"ENSG00000294695",965
"ENSG00000294696",278
"ENSG00000294697",1626
"ENSG00000294698",208
"ENSG00000294699",223
"ENSG00000294700",1142
"ENSG00000294701",163
"ENSG00000294702",1024
"ENSG00000294703",644
"ENSG00000294704",412
"ENSG00000294705",508
"ENSG00000294706",1898
"ENSG00000294707",442
"ENSG00000294708",646
"ENSG00000294709",1188
"ENSG00000294710",2726
"ENSG00000294711",1056
"ENSG00000294712",1033
"ENSG00000294713",467
"ENSG00000294714",542
"ENSG00000294715",484
"ENSG00000294716",639
"ENSG00000294717",433
"ENSG00000294718",1426
"ENSG00000294719",1616
"ENSG00000294720",386
"ENSG00000294721",941
"ENSG00000294722",299
"ENSG00000294723",409
"ENSG00000294724",826
"ENSG00000294725",401
"ENSG00000294726",471
"ENSG00000294727",388
"ENSG00000294728",1296
"ENSG00000294729",2367
"ENSG00000294730",524
"ENSG00000294731",500
"ENSG00000294732",606
"ENSG00000294733",749
"ENSG00000294734",240
"ENSG00000294735",979
"ENSG00000294736",646
"ENSG00000294737",643
"ENSG00000294738",215
"ENSG00000294739",1561
"ENSG00000294740",493
"ENSG00000294741",616
"ENSG00000294742",1451
"ENSG00000294743",1948
"ENSG00000294744",649
"ENSG00000294745",347
"ENSG00000294746",509
"ENSG00000294747",679
"ENSG00000294748",599
"ENSG00000294749",3481
"ENSG00000294750",850
"ENSG00000294751",784
"ENSG00000294752",2695
"ENSG00000294753",409
"ENSG00000294754",1810
"ENSG00000294755",502
"ENSG00000294756",1074
"ENSG00000294757",553
"ENSG00000294758",360
"ENSG00000294759",834
"ENSG00000294760",2648
"ENSG00000294761",659
"ENSG00000294762",2556
"ENSG00000294763",823
"ENSG00000294764",1358
"ENSG00000294765",520
"ENSG00000294766",741
"ENSG00000294767",1804
"ENSG00000294768",756
"ENSG00000294769",1312
"ENSG00000294770",628
"ENSG00000294771",420
"ENSG00000294772",2397
"ENSG00000294773",2389
"ENSG00000294774",641
"ENSG00000294775",439
"ENSG00000294776",754
"ENSG00000294777",630
"ENSG00000294778",1098
"ENSG00000294779",2682
"ENSG00000294780",672
"ENSG00000294781",2865
"ENSG00000294782",663
"ENSG00000294783",2233
"ENSG00000294784",691
"ENSG00000294785",1345
"ENSG00000294786",930
"ENSG00000294787",1050
"ENSG00000294788",321
"ENSG00000294789",1150
"ENSG00000294790",1174
"ENSG00000294791",1547
"ENSG00000294792",1703
"ENSG00000294793",1756
"ENSG00000294794",1047
"ENSG00000294795",538
"ENSG00000294796",1212
"ENSG00000294797",442
"ENSG00000294798",1135
"ENSG00000294799",490
"ENSG00000294800",1516
"ENSG00000294801",1354
"ENSG00000294802",730
"ENSG00000294803",625
"ENSG00000294804",467
"ENSG00000294805",792
"ENSG00000294806",581
"ENSG00000294807",1102
"ENSG00000294808",449
"ENSG00000294809",1276
"ENSG00000294810",802
"ENSG00000294811",348
"ENSG00000294812",690
"ENSG00000294813",948
"ENSG00000294814",738
"ENSG00000294815",456
"ENSG00000294816",1579
"ENSG00000294817",365
"ENSG00000294818",1799
"ENSG00000294819",405
"ENSG00000294820",772
"ENSG00000294821",579
"ENSG00000294822",967
"ENSG00000294823",540
"ENSG00000294824",694
"ENSG00000294825",948
"ENSG00000294826",1413
"ENSG00000294827",1004
"ENSG00000294828",1839
"ENSG00000294829",1230
"ENSG00000294830",1145
"ENSG00000294831",1589
"ENSG00000294832",745
"ENSG00000294833",612
"ENSG00000294834",632
"ENSG00000294835",831
"ENSG00000294836",313
"ENSG00000294837",1183
"ENSG00000294838",602
"ENSG00000294839",479
"ENSG00000294840",761
"ENSG00000294841",946
"ENSG00000294842",365
"ENSG00000294843",710
"ENSG00000294844",304
"ENSG00000294846",481
"ENSG00000294847",1595
"ENSG00000294848",1429
"ENSG00000294849",865
"ENSG00000294850",655
"ENSG00000294851",786
"ENSG00000294852",691
"ENSG00000294853",522
"ENSG00000294854",315
"ENSG00000294855",533
"ENSG00000294856",324
"ENSG00000294857",637
"ENSG00000294858",1115
"ENSG00000294859",317
"ENSG00000294860",638
"ENSG00000294861",1167
"ENSG00000294862",1100
"ENSG00000294863",482
"ENSG00000294864",1509
"ENSG00000294865",317
"ENSG00000294866",1065
"ENSG00000294867",657
"ENSG00000294868",449
"ENSG00000294869",335
"ENSG00000294870",1678
"ENSG00000294871",965
"ENSG00000294872",457
"ENSG00000294873",631
"ENSG00000294874",1558
"ENSG00000294875",1964
"ENSG00000294876",431
"ENSG00000294877",360
"ENSG00000294878",431
"ENSG00000294879",657
"ENSG00000294880",752
"ENSG00000294881",2921
"ENSG00000294882",2666
"ENSG00000294883",283
"ENSG00000294884",1412
"ENSG00000294885",744
"ENSG00000294886",476
"ENSG00000294887",626
"ENSG00000294888",2251
"ENSG00000294889",816
"ENSG00000294890",613
"ENSG00000294891",406
"ENSG00000294892",1688
"ENSG00000294893",927
"ENSG00000294894",867
"ENSG00000294895",692
"ENSG00000294896",380
"ENSG00000294897",944
"ENSG00000294898",1272
"ENSG00000294899",927
"ENSG00000294900",2997
"ENSG00000294901",850
"ENSG00000294902",1237
"ENSG00000294903",438
"ENSG00000294904",1339
"ENSG00000294905",996
"ENSG00000294907",836
"ENSG00000294908",1400
"ENSG00000294909",2506
"ENSG00000294910",547
"ENSG00000294911",239
"ENSG00000294912",1111
"ENSG00000294913",370
"ENSG00000294914",1793
"ENSG00000294915",792
"ENSG00000294916",4192
"ENSG00000294917",1536
"ENSG00000294918",717
"ENSG00000294919",1583
"ENSG00000294920",1219
"ENSG00000294921",1153
"ENSG00000294922",1913
"ENSG00000294923",735
"ENSG00000294924",374
"ENSG00000294925",563
"ENSG00000294926",985
"ENSG00000294927",979
"ENSG00000294928",310
"ENSG00000294929",551
"ENSG00000294930",1219
"ENSG00000294931",483
"ENSG00000294932",1978
"ENSG00000294933",556
"ENSG00000294934",1517
"ENSG00000294935",917
"ENSG00000294936",435
"ENSG00000294937",556
"ENSG00000294938",615
"ENSG00000294939",859
"ENSG00000294940",570
"ENSG00000294941",293
"ENSG00000294942",968
"ENSG00000294943",335
"ENSG00000294944",572
"ENSG00000294945",1066
"ENSG00000294946",1116
"ENSG00000294947",783
"ENSG00000294948",1063
"ENSG00000294949",193
"ENSG00000294950",876
"ENSG00000294951",756
"ENSG00000294952",419
"ENSG00000294953",535
"ENSG00000294954",1468
"ENSG00000294955",391
"ENSG00000294956",583
"ENSG00000294957",958
"ENSG00000294958",512
"ENSG00000294959",671
"ENSG00000294960",1876
"ENSG00000294961",487
"ENSG00000294962",485
"ENSG00000294963",837
"ENSG00000294964",1048
"ENSG00000294965",443
"ENSG00000294966",784
"ENSG00000294967",406
"ENSG00000294968",1809
"ENSG00000294969",527
"ENSG00000294970",828
"ENSG00000294971",595
"ENSG00000294972",888
"ENSG00000294973",570
"ENSG00000294974",640
"ENSG00000294975",426
"ENSG00000294976",1437
"ENSG00000294977",1913
"ENSG00000294978",910
"ENSG00000294979",1539
"ENSG00000294980",909
"ENSG00000294981",288
"ENSG00000294982",807
"ENSG00000294983",869
"ENSG00000294984",671
"ENSG00000294985",1474
"ENSG00000294986",2564
"ENSG00000294987",598
"ENSG00000294988",428
"ENSG00000294989",1006
"ENSG00000294990",573
"ENSG00000294991",385
"ENSG00000294992",450
"ENSG00000294993",383
"ENSG00000294994",495
"ENSG00000294995",945
"ENSG00000294996",1305
"ENSG00000294997",1434
"ENSG00000294998",1301
"ENSG00000294999",1422
"ENSG00000295000",430
"ENSG00000295001",708
"ENSG00000295002",916
"ENSG00000295003",1726
"ENSG00000295004",607
"ENSG00000295005",261
"ENSG00000295006",1111
"ENSG00000295007",805
"ENSG00000295008",358
"ENSG00000295009",949
"ENSG00000295010",919
"ENSG00000295011",992
"ENSG00000295012",521
"ENSG00000295013",875
"ENSG00000295014",3001
"ENSG00000295015",823
"ENSG00000295016",996
"ENSG00000295017",1604
"ENSG00000295018",416
"ENSG00000295019",2126
"ENSG00000295020",901
"ENSG00000295021",916
"ENSG00000295022",535
"ENSG00000295023",370
"ENSG00000295024",1137
"ENSG00000295025",1605
"ENSG00000295026",3861
"ENSG00000295027",2074
"ENSG00000295028",696
"ENSG00000295029",304
"ENSG00000295030",1026
"ENSG00000295031",788
"ENSG00000295032",676
"ENSG00000295033",703
"ENSG00000295034",503
"ENSG00000295035",354
"ENSG00000295036",2346
"ENSG00000295037",2907
"ENSG00000295038",1772
"ENSG00000295039",2279
"ENSG00000295040",513
"ENSG00000295041",1069
"ENSG00000295042",1181
"ENSG00000295043",2240
"ENSG00000295044",891
"ENSG00000295045",397
"ENSG00000295046",467
"ENSG00000295047",532
"ENSG00000295048",692
"ENSG00000295049",1752
"ENSG00000295050",852
"ENSG00000295051",329
"ENSG00000295052",437
"ENSG00000295053",5412
"ENSG00000295054",1380
"ENSG00000295055",1137
"ENSG00000295056",819
"ENSG00000295057",1514
"ENSG00000295058",709
"ENSG00000295059",1207
"ENSG00000295060",387
"ENSG00000295061",1079
"ENSG00000295062",386
"ENSG00000295063",1697
"ENSG00000295064",1159
"ENSG00000295065",1532
"ENSG00000295066",824
"ENSG00000295067",859
"ENSG00000295068",474
"ENSG00000295069",294
"ENSG00000295070",1198
"ENSG00000295071",905
"ENSG00000295072",918
"ENSG00000295073",658
"ENSG00000295074",328
"ENSG00000295075",1066
"ENSG00000295076",893
"ENSG00000295077",908
"ENSG00000295078",3338
"ENSG00000295079",422
"ENSG00000295080",732
"ENSG00000295081",672
"ENSG00000295082",1214
"ENSG00000295083",556
"ENSG00000295084",2406
"ENSG00000295085",446
"ENSG00000295086",790
"ENSG00000295087",4577
"ENSG00000295088",1292
"ENSG00000295089",503
"ENSG00000295090",1774
"ENSG00000295091",622
"ENSG00000295092",835
"ENSG00000295093",709
"ENSG00000295094",870
"ENSG00000295095",1296
"ENSG00000295096",927
"ENSG00000295097",765
"ENSG00000295098",475
"ENSG00000295099",416
"ENSG00000295100",662
"ENSG00000295101",938
"ENSG00000295102",1743
"ENSG00000295103",815
"ENSG00000295104",387
"ENSG00000295105",93
"ENSG00000295106",290
"ENSG00000295107",673
"ENSG00000295108",1070
"ENSG00000295109",448
"ENSG00000295110",340
"ENSG00000295111",649
"ENSG00000295112",568
"ENSG00000295113",397
"ENSG00000295114",573
"ENSG00000295115",2514
"ENSG00000295116",1439
"ENSG00000295117",1482
"ENSG00000295118",200
"ENSG00000295119",322
"ENSG00000295120",861
"ENSG00000295121",345
"ENSG00000295122",1486
"ENSG00000295123",1062
"ENSG00000295124",972
"ENSG00000295125",477
"ENSG00000295126",549
"ENSG00000295127",662
"ENSG00000295128",607
"ENSG00000295129",451
"ENSG00000295130",931
"ENSG00000295131",700
"ENSG00000295132",558
"ENSG00000295133",763
"ENSG00000295134",516
"ENSG00000295135",2077
"ENSG00000295136",641
"ENSG00000295137",334
"ENSG00000295138",509
"ENSG00000295139",581
"ENSG00000295140",426
"ENSG00000295141",722
"ENSG00000295142",501
"ENSG00000295143",2003
"ENSG00000295144",494
"ENSG00000295145",844
"ENSG00000295146",596
"ENSG00000295147",467
"ENSG00000295148",1945
"ENSG00000295149",1141
"ENSG00000295150",362
"ENSG00000295151",3745
"ENSG00000295152",744
"ENSG00000295153",703
"ENSG00000295154",249
"ENSG00000295155",1825
"ENSG00000295156",781
"ENSG00000295157",786
"ENSG00000295158",981
"ENSG00000295159",1867
"ENSG00000295160",275
"ENSG00000295161",5222
"ENSG00000295162",835
"ENSG00000295163",792
"ENSG00000295164",343
"ENSG00000295165",313
"ENSG00000295166",1264
"ENSG00000295167",1349
"ENSG00000295168",1804
"ENSG00000295169",403
"ENSG00000295170",1501
"ENSG00000295171",2348
"ENSG00000295172",1772
"ENSG00000295173",498
"ENSG00000295174",632
"ENSG00000295175",336
"ENSG00000295176",1377
"ENSG00000295177",552
"ENSG00000295178",2117
"ENSG00000295179",1192
"ENSG00000295180",629
"ENSG00000295181",438
"ENSG00000295182",226
"ENSG00000295183",272
"ENSG00000295184",360
"ENSG00000295185",1956
"ENSG00000295186",874
"ENSG00000295187",1906
"ENSG00000295188",600
"ENSG00000295189",1042
"ENSG00000295190",391
"ENSG00000295191",1378
"ENSG00000295192",790
"ENSG00000295193",535
"ENSG00000295194",1003
"ENSG00000295195",513
"ENSG00000295196",1039
"ENSG00000295197",605
"ENSG00000295198",1118
"ENSG00000295199",858
"ENSG00000295200",924
"ENSG00000295201",405
"ENSG00000295202",728
"ENSG00000295203",298
"ENSG00000295204",473
"ENSG00000295205",841
"ENSG00000295206",449
"ENSG00000295207",873
"ENSG00000295208",615
"ENSG00000295209",1328
"ENSG00000295210",701
"ENSG00000295211",604
"ENSG00000295212",335
"ENSG00000295213",2591
"ENSG00000295214",552
"ENSG00000295215",567
"ENSG00000295216",650
"ENSG00000295217",1834
"ENSG00000295218",997
"ENSG00000295219",1144
"ENSG00000295220",752
"ENSG00000295221",510
"ENSG00000295222",371
"ENSG00000295223",937
"ENSG00000295224",263
"ENSG00000295225",1572
"ENSG00000295226",515
"ENSG00000295227",973
"ENSG00000295228",576
"ENSG00000295229",1150
"ENSG00000295230",1060
"ENSG00000295231",495
"ENSG00000295232",432
"ENSG00000295233",680
"ENSG00000295234",401
"ENSG00000295235",3110
"ENSG00000295236",1203
"ENSG00000295237",1097
"ENSG00000295238",534
"ENSG00000295239",977
"ENSG00000295240",861
"ENSG00000295241",1004
"ENSG00000295242",586
"ENSG00000295243",1077
"ENSG00000295244",744
"ENSG00000295245",1022
"ENSG00000295246",1979
"ENSG00000295247",473
"ENSG00000295248",342
"ENSG00000295249",343
"ENSG00000295250",1048
"ENSG00000295251",1738
"ENSG00000295252",965
"ENSG00000295253",951
"ENSG00000295254",410
"ENSG00000295255",348
"ENSG00000295256",883
"ENSG00000295257",675
"ENSG00000295258",582
"ENSG00000295259",1957
"ENSG00000295260",2029
"ENSG00000295261",163
"ENSG00000295262",946
"ENSG00000295263",474
"ENSG00000295264",2676
"ENSG00000295265",270
"ENSG00000295266",885
"ENSG00000295267",1296
"ENSG00000295268",1729
"ENSG00000295269",596
"ENSG00000295270",527
"ENSG00000295271",262
"ENSG00000295272",1033
"ENSG00000295273",357
"ENSG00000295274",332
"ENSG00000295275",826
"ENSG00000295276",1578
"ENSG00000295277",553
"ENSG00000295278",199
"ENSG00000295279",525
"ENSG00000295280",539
"ENSG00000295281",738
"ENSG00000295282",251
"ENSG00000295283",512
"ENSG00000295284",3672
"ENSG00000295285",591
"ENSG00000295286",858
"ENSG00000295287",2124
"ENSG00000295288",2794
"ENSG00000295289",600
"ENSG00000295290",955
"ENSG00000295291",618
"ENSG00000295292",1704
"ENSG00000295293",542
"ENSG00000295294",714
"ENSG00000295295",2099
"ENSG00000295296",940
"ENSG00000295297",699
"ENSG00000295298",519
"ENSG00000295299",463
"ENSG00000295300",590
"ENSG00000295301",599
"ENSG00000295302",768
"ENSG00000295303",2056
"ENSG00000295304",405
"ENSG00000295305",810
"ENSG00000295306",609
"ENSG00000295307",577
"ENSG00000295308",2591
"ENSG00000295309",524
"ENSG00000295310",1607
"ENSG00000295311",223
"ENSG00000295312",1620
"ENSG00000295313",1001
"ENSG00000295314",420
"ENSG00000295315",574
"ENSG00000295316",2832
"ENSG00000295317",478
"ENSG00000295318",983
"ENSG00000295319",337
"ENSG00000295320",492
"ENSG00000295321",997
"ENSG00000295322",480
"ENSG00000295323",813
"ENSG00000295324",524
"ENSG00000295325",1597
"ENSG00000295326",1264
"ENSG00000295327",331
"ENSG00000295328",1206
"ENSG00000295329",2248
"ENSG00000295330",644
"ENSG00000295331",746
"ENSG00000295332",1105
"ENSG00000295333",1669
"ENSG00000295334",207
"ENSG00000295335",399
"ENSG00000295336",733
"ENSG00000295337",439
"ENSG00000295338",890
"ENSG00000295339",915
"ENSG00000295340",2756
"ENSG00000295341",3092
"ENSG00000295342",1265
"ENSG00000295343",833
"ENSG00000295344",544
"ENSG00000295345",520
"ENSG00000295346",938
"ENSG00000295347",651
"ENSG00000295348",553
"ENSG00000295349",1474
"ENSG00000295350",364
"ENSG00000295351",550
"ENSG00000295352",863
"ENSG00000295353",726
"ENSG00000295354",824
"ENSG00000295355",1065
"ENSG00000295356",433
"ENSG00000295357",256
"ENSG00000295358",1536
"ENSG00000295359",1184
"ENSG00000295360",686
"ENSG00000295361",714
"ENSG00000295362",840
"ENSG00000295363",1460
"ENSG00000295364",796
"ENSG00000295365",619
"ENSG00000295367",930
"ENSG00000295368",1274
"ENSG00000295369",1034
"ENSG00000295370",288
"ENSG00000295371",504
"ENSG00000295372",889
"ENSG00000295373",815
"ENSG00000295374",482
"ENSG00000295375",320
"ENSG00000295376",1286
"ENSG00000295377",1907
"ENSG00000295378",2860
"ENSG00000295379",540
"ENSG00000295380",1034
"ENSG00000295381",732
"ENSG00000295382",1339
"ENSG00000295383",2055
"ENSG00000295384",856
"ENSG00000295385",723
"ENSG00000295386",1011
"ENSG00000295387",1194
"ENSG00000295388",3197
"ENSG00000295389",825
"ENSG00000295390",716
"ENSG00000295391",1019
"ENSG00000295392",740
"ENSG00000295393",1358
"ENSG00000295394",797
"ENSG00000295395",1199
"ENSG00000295396",405
"ENSG00000295397",738
"ENSG00000295398",227
"ENSG00000295399",624
"ENSG00000295400",615
"ENSG00000295401",1619
"ENSG00000295402",279
"ENSG00000295403",546
"ENSG00000295404",751
"ENSG00000295405",1047
"ENSG00000295406",661
"ENSG00000295407",732
"ENSG00000295408",944
"ENSG00000295409",728
"ENSG00000295410",652
"ENSG00000295411",701
"ENSG00000295412",661
"ENSG00000295413",508
"ENSG00000295414",969
"ENSG00000295415",1004
"ENSG00000295416",544
"ENSG00000295417",482
"ENSG00000295418",865
"ENSG00000295419",1351
"ENSG00000295420",434
"ENSG00000295421",2550
"ENSG00000295422",1515
"ENSG00000295423",1334
"ENSG00000295424",274
"ENSG00000295425",387
"ENSG00000295426",544
"ENSG00000295427",3061
"ENSG00000295428",547
"ENSG00000295429",847
"ENSG00000295430",497
"ENSG00000295431",365
"ENSG00000295432",181
"ENSG00000295433",1288
"ENSG00000295434",352
"ENSG00000295435",662
"ENSG00000295436",822
"ENSG00000295437",2704
"ENSG00000295438",443
"ENSG00000295439",1104
"ENSG00000295440",2433
"ENSG00000295441",2494
"ENSG00000295442",830
"ENSG00000295443",1389
"ENSG00000295444",1027
"ENSG00000295445",752
"ENSG00000295446",481
"ENSG00000295447",1919
"ENSG00000295448",642
"ENSG00000295449",531
"ENSG00000295450",1154
"ENSG00000295451",599
"ENSG00000295452",893
"ENSG00000295453",2020
"ENSG00000295454",828
"ENSG00000295455",552
"ENSG00000295456",1075
"ENSG00000295457",1344
"ENSG00000295458",540
"ENSG00000295459",813
"ENSG00000295460",418
"ENSG00000295461",1053
"ENSG00000295462",564
"ENSG00000295463",448
"ENSG00000295464",459
"ENSG00000295465",390
"ENSG00000295466",442
"ENSG00000295467",423
"ENSG00000295468",790
"ENSG00000295469",1213
"ENSG00000295470",535
"ENSG00000295471",1776
"ENSG00000295472",275
"ENSG00000295473",1722
"ENSG00000295474",962
"ENSG00000295475",6338
"ENSG00000295476",599
"ENSG00000295477",361
"ENSG00000295478",2128
"ENSG00000295479",1259
"ENSG00000295480",2699
"ENSG00000295481",318
"ENSG00000295482",1715
"ENSG00000295483",523
"ENSG00000295484",3044
"ENSG00000295485",552
"ENSG00000295486",393
"ENSG00000295487",772
"ENSG00000295488",1290
"ENSG00000295489",525
"ENSG00000295490",401
"ENSG00000295491",1052
"ENSG00000295492",765
"ENSG00000295493",224
"ENSG00000295494",873
"ENSG00000295495",722
"ENSG00000295496",1151
"ENSG00000295497",789
"ENSG00000295498",717
"ENSG00000295499",1186
"ENSG00000295500",401
"ENSG00000295501",2009
"ENSG00000295502",1123
"ENSG00000295503",1162
"ENSG00000295504",656
"ENSG00000295505",456
"ENSG00000295506",367
"ENSG00000295507",281
"ENSG00000295508",910
"ENSG00000295509",4603
"ENSG00000295510",1310
"ENSG00000295511",1774
"ENSG00000295512",791
"ENSG00000295513",1488
"ENSG00000295514",744
"ENSG00000295515",1234
"ENSG00000295516",1798
"ENSG00000295517",440
"ENSG00000295518",835
"ENSG00000295519",2296
"ENSG00000295520",555
"ENSG00000295521",751
"ENSG00000295522",489
"ENSG00000295523",1020
"ENSG00000295524",330
"ENSG00000295525",716
"ENSG00000295526",941
"ENSG00000295527",907
"ENSG00000295528",618
"ENSG00000295529",600
"ENSG00000295530",818
"ENSG00000295531",474
"ENSG00000295532",466
"ENSG00000295533",503
"ENSG00000295534",788
"ENSG00000295535",540
"ENSG00000295536",488
"ENSG00000295537",1592
"ENSG00000295538",425
"ENSG00000295539",1862
"ENSG00000295540",666
"ENSG00000295541",431
"ENSG00000295542",582
"ENSG00000295543",1105
"ENSG00000295544",1729
"ENSG00000295545",394
"ENSG00000295546",1058
"ENSG00000295547",719
"ENSG00000295548",713
"ENSG00000295549",330
"ENSG00000295550",558
"ENSG00000295551",918
"ENSG00000295552",660
"ENSG00000295553",407
"ENSG00000295554",644
"ENSG00000295555",294
"ENSG00000295556",502
"ENSG00000295557",754
"ENSG00000295558",1126
"ENSG00000295559",2049
"ENSG00000295560",751
"ENSG00000295561",1168
"ENSG00000295562",1041
"ENSG00000295563",1732
"ENSG00000295564",454
"ENSG00000295565",147
"ENSG00000295566",528
"ENSG00000295567",324
"ENSG00000295568",2490
"ENSG00000295569",748
"ENSG00000295570",904
"ENSG00000295571",807
"ENSG00000295572",2562
"ENSG00000295573",1890
"ENSG00000295574",438
"ENSG00000295575",503
"ENSG00000295576",517
"ENSG00000295577",393
"ENSG00000295578",894
"ENSG00000295579",1760
"ENSG00000295580",471
"ENSG00000295581",2214
"ENSG00000295582",452
"ENSG00000295583",3358
"ENSG00000295584",1318
"ENSG00000295585",511
"ENSG00000295586",746
"ENSG00000295587",672
"ENSG00000295588",307
"ENSG00000295589",811
"ENSG00000295590",827
"ENSG00000295591",582
"ENSG00000295592",375
"ENSG00000295593",1444
"ENSG00000295594",405
"ENSG00000295595",1341
"ENSG00000295596",451
"ENSG00000295597",1073
"ENSG00000295598",1237
"ENSG00000295599",2716
"ENSG00000295600",946
"ENSG00000295601",801
"ENSG00000295602",11430
"ENSG00000295603",469
"ENSG00000295604",1217
"ENSG00000295605",1375
"ENSG00000295606",893
"ENSG00000295607",744
"ENSG00000295608",417
"ENSG00000295609",1224
"ENSG00000295610",1656
"ENSG00000295611",1027
"ENSG00000295612",426
"ENSG00000295613",1008
"ENSG00000295614",2203
"ENSG00000295615",521
"ENSG00000295616",1258
"ENSG00000295617",2048
"ENSG00000295618",1159
"ENSG00000295619",1419
"ENSG00000295620",487
"ENSG00000295621",502
"ENSG00000295622",914
"ENSG00000295623",717
"ENSG00000295624",2490
"ENSG00000295625",964
"ENSG00000295626",510
"ENSG00000295627",875
"ENSG00000295628",3841
"ENSG00000295629",518
"ENSG00000295630",516
"ENSG00000295631",1131
"ENSG00000295632",575
"ENSG00000295633",394
"ENSG00000295634",1283
"ENSG00000295635",2610
"ENSG00000295636",1135
"ENSG00000295637",1013
"ENSG00000295638",482
"ENSG00000295639",527
"ENSG00000295640",780
"ENSG00000295641",1618
"ENSG00000295642",593
"ENSG00000295643",1195
"ENSG00000295644",297
"ENSG00000295645",217
"ENSG00000295646",658
"ENSG00000295647",1251
"ENSG00000295648",1586
"ENSG00000295649",337
"ENSG00000295650",530
"ENSG00000295651",580
"ENSG00000295652",1137
"ENSG00000295653",387
"ENSG00000295654",2357
"ENSG00000295655",2356
"ENSG00000295656",1292
"ENSG00000295657",691
"ENSG00000295658",515
"ENSG00000295659",990
"ENSG00000295660",530
"ENSG00000295661",296
"ENSG00000295662",312
"ENSG00000295663",551
"ENSG00000295664",944
"ENSG00000295665",408
"ENSG00000295666",1375
"ENSG00000295667",1711
"ENSG00000295668",380
"ENSG00000295669",309
"ENSG00000295670",811
"ENSG00000295671",1369
"ENSG00000295672",537
"ENSG00000295673",524
"ENSG00000295674",550
"ENSG00000295675",582
"ENSG00000295676",749
"ENSG00000295677",7453
"ENSG00000295678",1038
"ENSG00000295679",2192
"ENSG00000295680",534
"ENSG00000295681",1771
"ENSG00000295682",424
"ENSG00000295683",1273
"ENSG00000295684",379
"ENSG00000295685",2150
"ENSG00000295686",3035
"ENSG00000295687",1063
"ENSG00000295688",685
"ENSG00000295689",460
"ENSG00000295690",630
"ENSG00000295691",518
"ENSG00000295692",429
"ENSG00000295693",308
"ENSG00000295694",540
"ENSG00000295695",1062
"ENSG00000295696",612
"ENSG00000295697",891
"ENSG00000295698",1945
"ENSG00000295699",1351
"ENSG00000295700",1168
"ENSG00000295701",1240
"ENSG00000295702",586
"ENSG00000295703",1027
"ENSG00000295704",439
"ENSG00000295705",634
"ENSG00000295706",1893
"ENSG00000295707",1244
"ENSG00000295708",483
"ENSG00000295709",745
"ENSG00000295710",2357
"ENSG00000295711",504
"ENSG00000295712",464
"ENSG00000295713",1641
"ENSG00000295714",1636
"ENSG00000295715",2331
"ENSG00000295716",1848
"ENSG00000295717",881
"ENSG00000295718",307
"ENSG00000295719",857
"ENSG00000295720",388
"ENSG00000295721",990
"ENSG00000295722",1210
"ENSG00000295723",1750
"ENSG00000295724",1028
"ENSG00000295725",1779
"ENSG00000295726",877
"ENSG00000295727",3387
"ENSG00000295728",1599
"ENSG00000295729",176
"ENSG00000295730",805
"ENSG00000295731",710
"ENSG00000295732",1649
"ENSG00000295733",1829
"ENSG00000295734",754
"ENSG00000295735",720
"ENSG00000295736",301
"ENSG00000295737",639
"ENSG00000295738",497
"ENSG00000295739",873
"ENSG00000295740",511
"ENSG00000295741",1575
"ENSG00000295742",1304
"ENSG00000295743",1494
"ENSG00000295744",3272
"ENSG00000295745",1548
"ENSG00000295746",3174
"ENSG00000295747",450
"ENSG00000295748",746
"ENSG00000295749",282
"ENSG00000295750",715
"ENSG00000295751",805
"ENSG00000295752",466
"ENSG00000295753",934
"ENSG00000295754",730
"ENSG00000295755",588
"ENSG00000295756",499
"ENSG00000295757",2835
"ENSG00000295758",2314
"ENSG00000295759",832
"ENSG00000295760",650
"ENSG00000295761",339
"ENSG00000295762",832
"ENSG00000295763",1166
"ENSG00000295764",1524
"ENSG00000295765",499
"ENSG00000295766",792
"ENSG00000295767",488
"ENSG00000295768",2026
"ENSG00000295769",1142
"ENSG00000295770",399
"ENSG00000295771",127
"ENSG00000295772",501
"ENSG00000295773",566
"ENSG00000295774",910
"ENSG00000295775",504
"ENSG00000295776",1688
"ENSG00000295777",1424
"ENSG00000295778",1384
"ENSG00000295779",539
"ENSG00000295780",685
"ENSG00000295781",1210
"ENSG00000295782",2137
"ENSG00000295783",305
"ENSG00000295784",543
"ENSG00000295785",385
"ENSG00000295786",614
"ENSG00000295787",728
"ENSG00000295788",640
"ENSG00000295789",335
"ENSG00000295790",752
"ENSG00000295791",774
"ENSG00000295792",395
"ENSG00000295793",498
"ENSG00000295794",195
"ENSG00000295795",616
"ENSG00000295796",3391
"ENSG00000295797",2499
"ENSG00000295798",558
"ENSG00000295799",534
"ENSG00000295800",466
"ENSG00000295801",587
"ENSG00000295802",550
"ENSG00000295803",1164
"ENSG00000295804",1856
"ENSG00000295805",1314
"ENSG00000295806",235
"ENSG00000295807",773
"ENSG00000295808",348
"ENSG00000295809",587
"ENSG00000295810",517
"ENSG00000295811",601
"ENSG00000295812",906
"ENSG00000295813",721
"ENSG00000295814",525
"ENSG00000295815",1807
"ENSG00000295816",718
"ENSG00000295817",1157
"ENSG00000295818",460
"ENSG00000295819",1103
"ENSG00000295820",597
"ENSG00000295821",1343
"ENSG00000295822",961
"ENSG00000295823",606
"ENSG00000295824",1395
"ENSG00000295825",682
"ENSG00000295826",700
"ENSG00000295827",1366
"ENSG00000295828",1232
"ENSG00000295829",692
"ENSG00000295830",617
"ENSG00000295831",3049
"ENSG00000295832",459
"ENSG00000295833",447
"ENSG00000295834",313
"ENSG00000295835",1395
"ENSG00000295836",525
"ENSG00000295837",479
"ENSG00000295838",735
"ENSG00000295839",462
"ENSG00000295840",211
"ENSG00000295841",1364
"ENSG00000295842",2218
"ENSG00000295843",350
"ENSG00000295844",2281
"ENSG00000295845",533
"ENSG00000295846",500
"ENSG00000295847",1234
"ENSG00000295848",1087
"ENSG00000295849",1522
"ENSG00000295850",367
"ENSG00000295851",1876
"ENSG00000295852",1270
"ENSG00000295853",716
"ENSG00000295854",872
"ENSG00000295855",897
"ENSG00000295856",581
"ENSG00000295857",557
"ENSG00000295858",348
"ENSG00000295859",497
"ENSG00000295860",1037
"ENSG00000295861",1207
"ENSG00000295862",1809
"ENSG00000295863",533
"ENSG00000295864",2431
"ENSG00000295865",1672
"ENSG00000295866",323
"ENSG00000295867",768
"ENSG00000295868",380
"ENSG00000295869",920
"ENSG00000295870",544
"ENSG00000295871",871
"ENSG00000295872",2285
"ENSG00000295873",6972
"ENSG00000295874",506
"ENSG00000295875",544
"ENSG00000295876",647
"ENSG00000295877",660
"ENSG00000295878",1295
"ENSG00000295879",495
"ENSG00000295880",922
"ENSG00000295881",1264
"ENSG00000295882",609
"ENSG00000295883",878
"ENSG00000295884",1005
"ENSG00000295885",1126
"ENSG00000295886",531
"ENSG00000295887",2695
"ENSG00000295888",540
"ENSG00000295889",493
"ENSG00000295890",266
"ENSG00000295891",563
"ENSG00000295892",1312
"ENSG00000295893",1124
"ENSG00000295894",18597
"ENSG00000295895",320
"ENSG00000295896",1660
"ENSG00000295897",489
"ENSG00000295898",502
"ENSG00000295899",1075
"ENSG00000295900",1284
"ENSG00000295901",813
"ENSG00000295902",562
"ENSG00000295903",957
"ENSG00000295904",884
"ENSG00000295905",351
"ENSG00000295906",1031
"ENSG00000295907",636
"ENSG00000295908",462
"ENSG00000295909",815
"ENSG00000295910",1441
"ENSG00000295911",1019
"ENSG00000295912",1315
"ENSG00000295913",935
"ENSG00000295914",1716
"ENSG00000295915",1352
"ENSG00000295916",1067
"ENSG00000295917",728
"ENSG00000295918",600
"ENSG00000295919",582
"ENSG00000295920",454
"ENSG00000295921",2932
"ENSG00000295922",558
"ENSG00000295923",446
"ENSG00000295924",583
"ENSG00000295925",678
"ENSG00000295926",1241
"ENSG00000295927",1521
"ENSG00000295928",566
"ENSG00000295929",603
"ENSG00000295930",790
"ENSG00000295931",230
"ENSG00000295932",785
"ENSG00000295933",557
"ENSG00000295934",1496
"ENSG00000295935",676
"ENSG00000295936",484
"ENSG00000295937",4141
"ENSG00000295938",616
"ENSG00000295939",982
"ENSG00000295940",2486
"ENSG00000295941",434
"ENSG00000295942",607
"ENSG00000295943",1164
"ENSG00000295944",722
"ENSG00000295945",751
"ENSG00000295946",1044
"ENSG00000295947",568
"ENSG00000295948",15137
"ENSG00000295949",1645
"ENSG00000295950",1626
"ENSG00000295951",592
"ENSG00000295952",457
"ENSG00000295953",1255
"ENSG00000295954",872
"ENSG00000295955",314
"ENSG00000295956",617
"ENSG00000295957",1258
"ENSG00000295958",690
"ENSG00000295959",428
"ENSG00000295960",625
"ENSG00000295961",648
"ENSG00000295962",594
"ENSG00000295963",335
"ENSG00000295964",475
"ENSG00000295965",883
"ENSG00000295966",875
"ENSG00000295967",1927
"ENSG00000295968",855
"ENSG00000295969",1245
"ENSG00000295970",11823
"ENSG00000295971",1094
"ENSG00000295972",1659
"ENSG00000295973",1018
"ENSG00000295974",331
"ENSG00000295975",521
"ENSG00000295976",875
"ENSG00000295977",557
"ENSG00000295978",1052
"ENSG00000295979",562
"ENSG00000295980",839
"ENSG00000295981",2296
"ENSG00000295982",542
"ENSG00000295983",798
"ENSG00000295984",474
"ENSG00000295985",953
"ENSG00000295986",670
"ENSG00000295987",863
"ENSG00000295988",1153
"ENSG00000295989",913
"ENSG00000295990",725
"ENSG00000295991",610
"ENSG00000295992",428
"ENSG00000295993",464
"ENSG00000295994",1570
"ENSG00000295995",901
"ENSG00000295996",657
"ENSG00000295997",448
"ENSG00000295998",1365
"ENSG00000295999",849
"ENSG00000296000",301
"ENSG00000296001",408
"ENSG00000296002",1310
"ENSG00000296003",586
"ENSG00000296004",773
"ENSG00000296005",773
"ENSG00000296006",572
"ENSG00000296007",1495
"ENSG00000296008",2940
"ENSG00000296009",3038
"ENSG00000296010",801
"ENSG00000296011",429
"ENSG00000296012",2502
"ENSG00000296013",1336
"ENSG00000296014",4363
"ENSG00000296015",835
"ENSG00000296016",561
"ENSG00000296017",1507
"ENSG00000296018",1960
"ENSG00000296019",408
"ENSG00000296020",1168
"ENSG00000296021",624
"ENSG00000296022",790
"ENSG00000296023",532
"ENSG00000296024",1630
"ENSG00000296025",2825
"ENSG00000296026",668
"ENSG00000296027",622
"ENSG00000296028",834
"ENSG00000296029",1034
"ENSG00000296030",614
"ENSG00000296031",539
"ENSG00000296032",494
"ENSG00000296033",1266
"ENSG00000296034",436
"ENSG00000296035",1487
"ENSG00000296036",894
"ENSG00000296037",2594
"ENSG00000296038",505
"ENSG00000296039",397
"ENSG00000296040",404
"ENSG00000296041",778
"ENSG00000296042",487
"ENSG00000296043",1866
"ENSG00000296044",541
"ENSG00000296045",652
"ENSG00000296046",728
"ENSG00000296047",440
"ENSG00000296048",1860
"ENSG00000296049",830
"ENSG00000296050",942
"ENSG00000296051",444
"ENSG00000296052",1233
"ENSG00000296053",1099
"ENSG00000296054",138
"ENSG00000296055",546
"ENSG00000296056",704
"ENSG00000296057",748
"ENSG00000296058",703
"ENSG00000296059",427
"ENSG00000296060",644
"ENSG00000296061",767
"ENSG00000296062",1227
"ENSG00000296063",346
"ENSG00000296064",1134
"ENSG00000296065",496
"ENSG00000296066",530
"ENSG00000296067",282
"ENSG00000296068",2614
"ENSG00000296069",449
"ENSG00000296070",419
"ENSG00000296071",672
"ENSG00000296072",1477
"ENSG00000296073",1269
"ENSG00000296074",2356
"ENSG00000296075",1029
"ENSG00000296076",997
"ENSG00000296077",742
"ENSG00000296078",334
"ENSG00000296079",832
"ENSG00000296080",1087
"ENSG00000296081",1100
"ENSG00000296082",298
"ENSG00000296083",1053
"ENSG00000296084",543
"ENSG00000296085",494
"ENSG00000296086",1130
"ENSG00000296087",717
"ENSG00000296088",759
"ENSG00000296089",284
"ENSG00000296090",3549
"ENSG00000296091",775
"ENSG00000296092",592
"ENSG00000296093",369
"ENSG00000296094",1068
"ENSG00000296095",1237
"ENSG00000296096",394
"ENSG00000296097",429
"ENSG00000296098",1316
"ENSG00000296099",1141
"ENSG00000296100",624
"ENSG00000296101",1500
"ENSG00000296102",519
"ENSG00000296103",2309
"ENSG00000296104",552
"ENSG00000296105",505
"ENSG00000296106",340
"ENSG00000296107",798
"ENSG00000296108",1368
"ENSG00000296109",2844
"ENSG00000296110",544
"ENSG00000296111",767
"ENSG00000296112",2005
"ENSG00000296113",1716
"ENSG00000296114",193
"ENSG00000296115",1139
"ENSG00000296116",382
"ENSG00000296117",545
"ENSG00000296118",2530
"ENSG00000296119",937
"ENSG00000296120",1758
"ENSG00000296121",442
"ENSG00000296122",266
"ENSG00000296123",622
"ENSG00000296124",569
"ENSG00000296125",838
"ENSG00000296126",1541
"ENSG00000296127",696
"ENSG00000296128",737
"ENSG00000296129",851
"ENSG00000296130",740
"ENSG00000296131",1232
"ENSG00000296132",1737
"ENSG00000296133",522
"ENSG00000296134",930
"ENSG00000296135",892
"ENSG00000296136",2643
"ENSG00000296137",747
"ENSG00000296138",1014
"ENSG00000296139",384
"ENSG00000296140",2383
"ENSG00000296141",770
"ENSG00000296142",120
"ENSG00000296143",368
"ENSG00000296144",853
"ENSG00000296145",566
"ENSG00000296146",1111
"ENSG00000296147",200
"ENSG00000296148",375
"ENSG00000296149",838
"ENSG00000296150",665
"ENSG00000296151",1072
"ENSG00000296152",573
"ENSG00000296153",428
"ENSG00000296154",851
"ENSG00000296155",773
"ENSG00000296156",523
"ENSG00000296157",1171
"ENSG00000296158",693
"ENSG00000296159",5690
"ENSG00000296160",437
"ENSG00000296161",1292
"ENSG00000296162",587
"ENSG00000296163",1500
"ENSG00000296164",1259
"ENSG00000296165",560
"ENSG00000296166",657
"ENSG00000296167",921
"ENSG00000296168",1056
"ENSG00000296169",557
"ENSG00000296170",3311
"ENSG00000296171",485
"ENSG00000296172",664
"ENSG00000296173",2186
"ENSG00000296174",376
"ENSG00000296175",1233
"ENSG00000296176",1141
"ENSG00000296177",683
"ENSG00000296178",424
"ENSG00000296179",1336
"ENSG00000296180",495
"ENSG00000296181",398
"ENSG00000296183",1468
"ENSG00000296184",968
"ENSG00000296185",823
"ENSG00000296186",3010
"ENSG00000296187",821
"ENSG00000296188",357
"ENSG00000296189",763
"ENSG00000296190",584
"ENSG00000296191",348
"ENSG00000296192",837
"ENSG00000296193",662
"ENSG00000296194",1618
"ENSG00000296195",756
"ENSG00000296196",370
"ENSG00000296197",1517
"ENSG00000296198",715
"ENSG00000296199",915
"ENSG00000296200",2231
"ENSG00000296201",494
"ENSG00000296202",1182
"ENSG00000296203",260
"ENSG00000296204",3386
"ENSG00000296205",582
"ENSG00000296206",354
"ENSG00000296207",705
"ENSG00000296208",610
"ENSG00000296209",1016
"ENSG00000296210",490
"ENSG00000296211",1311
"ENSG00000296212",582
"ENSG00000296213",568
"ENSG00000296214",472
"ENSG00000296215",1253
"ENSG00000296216",1008
"ENSG00000296217",498
"ENSG00000296218",856
"ENSG00000296219",1010
"ENSG00000296220",336
"ENSG00000296221",1682
"ENSG00000296222",682
"ENSG00000296223",741
"ENSG00000296224",706
"ENSG00000296225",2060
"ENSG00000296226",1195
"ENSG00000296227",449
"ENSG00000296228",1202
"ENSG00000296229",910
"ENSG00000296230",606
"ENSG00000296231",2112
"ENSG00000296232",619
"ENSG00000296233",1252
"ENSG00000296234",454
"ENSG00000296235",2253
"ENSG00000296236",473
"ENSG00000296237",642
"ENSG00000296238",550
"ENSG00000296239",703
"ENSG00000296240",375
"ENSG00000296241",1006
"ENSG00000296242",627
"ENSG00000296243",420
"ENSG00000296244",1012
"ENSG00000296245",997
"ENSG00000296246",1023
"ENSG00000296247",1003
"ENSG00000296248",1566
"ENSG00000296249",776
"ENSG00000296250",1640
"ENSG00000296251",387
"ENSG00000296252",206
"ENSG00000296253",3020
"ENSG00000296254",600
"ENSG00000296255",616
"ENSG00000296256",703
"ENSG00000296257",366
"ENSG00000296258",490
"ENSG00000296259",1290
"ENSG00000296260",831
"ENSG00000296261",905
"ENSG00000296262",322
"ENSG00000296263",503
"ENSG00000296264",124
"ENSG00000296265",2673
"ENSG00000296266",348
"ENSG00000296267",357
"ENSG00000296268",1814
"ENSG00000296269",6261
"ENSG00000296270",410
"ENSG00000296271",758
"ENSG00000296272",1005
"ENSG00000296273",536
"ENSG00000296274",514
"ENSG00000296275",272
"ENSG00000296276",716
"ENSG00000296277",514
"ENSG00000296278",699
"ENSG00000296279",454
"ENSG00000296280",1411
"ENSG00000296281",1136
"ENSG00000296282",510
"ENSG00000296283",564
"ENSG00000296284",256
"ENSG00000296285",269
"ENSG00000296286",928
"ENSG00000296287",1396
"ENSG00000296288",324
"ENSG00000296289",399
"ENSG00000296290",993
"ENSG00000296291",672
"ENSG00000296292",1483
"ENSG00000296293",590
"ENSG00000296294",3175
"ENSG00000296295",426
"ENSG00000296296",1492
"ENSG00000296297",1205
"ENSG00000296298",314
"ENSG00000296299",3198
"ENSG00000296300",376
"ENSG00000296301",555
"ENSG00000296302",543
"ENSG00000296303",3256
"ENSG00000296304",765
"ENSG00000296305",490
"ENSG00000296306",340
"ENSG00000296307",1713
"ENSG00000296308",1356
"ENSG00000296309",1088
"ENSG00000296310",316
"ENSG00000296311",542
"ENSG00000296312",449
"ENSG00000296313",540
"ENSG00000296314",746
"ENSG00000296315",442
"ENSG00000296316",1018
"ENSG00000296317",569
"ENSG00000296318",439
"ENSG00000296319",520
"ENSG00000296320",980
"ENSG00000296321",2193
"ENSG00000296322",499
"ENSG00000296323",2079
"ENSG00000296324",735
"ENSG00000296325",1352
"ENSG00000296326",472
"ENSG00000296327",531
"ENSG00000296328",648
"ENSG00000296329",15478
"ENSG00000296330",661
"ENSG00000296331",549
"ENSG00000296332",568
"ENSG00000296333",495
"ENSG00000296334",629
"ENSG00000296335",1455
"ENSG00000296336",245
"ENSG00000296337",2214
"ENSG00000296338",571
"ENSG00000296339",2090
"ENSG00000296340",570
"ENSG00000296341",790
"ENSG00000296342",782
"ENSG00000296343",1099
"ENSG00000296344",407
"ENSG00000296345",547
"ENSG00000296346",253
"ENSG00000296347",757
"ENSG00000296348",884
"ENSG00000296349",321
"ENSG00000296350",779
"ENSG00000296351",1348
"ENSG00000296352",360
"ENSG00000296353",1447
"ENSG00000296354",1162
"ENSG00000296355",917
"ENSG00000296356",464
"ENSG00000296357",1506
"ENSG00000296358",495
"ENSG00000296359",384
"ENSG00000296360",383
"ENSG00000296361",760
"ENSG00000296362",932
"ENSG00000296363",541
"ENSG00000296364",2762
"ENSG00000296365",951
"ENSG00000296366",575
"ENSG00000296367",790
"ENSG00000296368",690
"ENSG00000296369",506
"ENSG00000296370",1026
"ENSG00000296371",1184
"ENSG00000296372",873
"ENSG00000296373",807
"ENSG00000296374",184
"ENSG00000296375",225
"ENSG00000296376",1246
"ENSG00000296377",1185
"ENSG00000296378",857
"ENSG00000296379",657
"ENSG00000296380",746
"ENSG00000296381",1150
"ENSG00000296382",1952
"ENSG00000296383",533
"ENSG00000296384",1052
"ENSG00000296385",602
"ENSG00000296386",719
"ENSG00000296387",794
"ENSG00000296388",746
"ENSG00000296389",1040
"ENSG00000296390",718
"ENSG00000296391",788
"ENSG00000296392",2074
"ENSG00000296393",747
"ENSG00000296394",948
"ENSG00000296395",492
"ENSG00000296396",1586
"ENSG00000296397",1986
"ENSG00000296398",663
"ENSG00000296399",267
"ENSG00000296400",916
"ENSG00000296401",614
"ENSG00000296402",581
"ENSG00000296403",1499
"ENSG00000296404",2587
"ENSG00000296405",1052
"ENSG00000296406",1237
"ENSG00000296407",482
"ENSG00000296408",722
"ENSG00000296409",1249
"ENSG00000296410",391
"ENSG00000296411",467
"ENSG00000296412",752
"ENSG00000296413",2021
"ENSG00000296414",975
"ENSG00000296415",888
"ENSG00000296416",1544
"ENSG00000296417",1596
"ENSG00000296418",916
"ENSG00000296419",454
"ENSG00000296420",409
"ENSG00000296421",3433
"ENSG00000296422",1117
"ENSG00000296424",545
"ENSG00000296425",634
"ENSG00000296426",1325
"ENSG00000296427",380
"ENSG00000296428",420
"ENSG00000296429",482
"ENSG00000296430",2719
"ENSG00000296431",1873
"ENSG00000296432",394
"ENSG00000296433",2300
"ENSG00000296434",1837
"ENSG00000296435",839
"ENSG00000296436",493
"ENSG00000296437",371
"ENSG00000296438",1233
"ENSG00000296439",754
"ENSG00000296440",525
"ENSG00000296441",534
"ENSG00000296442",824
"ENSG00000296443",509
"ENSG00000296444",343
"ENSG00000296445",417
"ENSG00000296446",520
"ENSG00000296447",310
"ENSG00000296448",972
"ENSG00000296449",481
"ENSG00000296450",283
"ENSG00000296451",896
"ENSG00000296452",998
"ENSG00000296453",2221
"ENSG00000296454",864
"ENSG00000296455",651
"ENSG00000296456",595
"ENSG00000296457",919
"ENSG00000296458",382
"ENSG00000296459",1291
"ENSG00000296460",377
"ENSG00000296461",674
"ENSG00000296462",402
"ENSG00000296463",1121
"ENSG00000296464",555
"ENSG00000296465",618
"ENSG00000296466",901
"ENSG00000296467",1312
"ENSG00000296468",472
"ENSG00000296469",858
"ENSG00000296470",2450
"ENSG00000296471",604
"ENSG00000296472",440
"ENSG00000296473",722
"ENSG00000296474",1989
"ENSG00000296475",441
"ENSG00000296476",716
"ENSG00000296477",370
"ENSG00000296478",550
"ENSG00000296479",503
"ENSG00000296480",561
"ENSG00000296481",286
"ENSG00000296482",420
"ENSG00000296483",2652
"ENSG00000296484",885
"ENSG00000296485",2544
"ENSG00000296486",644
"ENSG00000296487",790
"ENSG00000296488",2607
"ENSG00000296489",507
"ENSG00000296490",727
"ENSG00000296491",3871
"ENSG00000296492",615
"ENSG00000296493",612
"ENSG00000296494",452
"ENSG00000296495",1867
"ENSG00000296496",3196
"ENSG00000296497",621
"ENSG00000296498",1023
"ENSG00000296499",3556
"ENSG00000296500",914
"ENSG00000296501",662
"ENSG00000296502",715
"ENSG00000296503",1348
"ENSG00000296504",862
"ENSG00000296505",465
"ENSG00000296506",930
"ENSG00000296507",733
"ENSG00000296508",536
"ENSG00000296509",309
"ENSG00000296510",751
"ENSG00000296511",355
"ENSG00000296512",438
"ENSG00000296513",363
"ENSG00000296514",927
"ENSG00000296515",992
"ENSG00000296516",566
"ENSG00000296517",1134
"ENSG00000296518",853
"ENSG00000296519",460
"ENSG00000296520",1361
"ENSG00000296521",998
"ENSG00000296522",3406
"ENSG00000296523",587
"ENSG00000296524",2899
"ENSG00000296525",1578
"ENSG00000296526",473
"ENSG00000296527",1733
"ENSG00000296528",797
"ENSG00000296529",586
"ENSG00000296530",2282
"ENSG00000296531",594
"ENSG00000296532",1403
"ENSG00000296533",1076
"ENSG00000296534",485
"ENSG00000296535",1419
"ENSG00000296536",444
"ENSG00000296537",949
"ENSG00000296538",691
"ENSG00000296539",324
"ENSG00000296540",883
"ENSG00000296541",310
"ENSG00000296542",626
"ENSG00000296543",793
"ENSG00000296544",468
"ENSG00000296545",1100
"ENSG00000296546",2213
"ENSG00000296547",599
"ENSG00000296548",1509
"ENSG00000296549",1696
"ENSG00000296550",417
"ENSG00000296551",622
"ENSG00000296552",702
"ENSG00000296553",1960
"ENSG00000296554",319
"ENSG00000296555",623
"ENSG00000296556",1395
"ENSG00000296557",1483
"ENSG00000296558",282
"ENSG00000296559",2177
"ENSG00000296560",2388
"ENSG00000296561",617
"ENSG00000296562",858
"ENSG00000296563",443
"ENSG00000296564",484
"ENSG00000296565",572
"ENSG00000296566",488
"ENSG00000296567",357
"ENSG00000296568",517
"ENSG00000296569",286
"ENSG00000296570",732
"ENSG00000296571",531
"ENSG00000296572",495
"ENSG00000296573",469
"ENSG00000296574",317
"ENSG00000296575",553
"ENSG00000296576",391
"ENSG00000296577",2970
"ENSG00000296578",620
"ENSG00000296579",1573
"ENSG00000296580",783
"ENSG00000296581",1738
"ENSG00000296582",408
"ENSG00000296584",462
"ENSG00000296585",535
"ENSG00000296586",863
"ENSG00000296587",188
"ENSG00000296588",285
"ENSG00000296589",467
"ENSG00000296590",972
"ENSG00000296591",820
"ENSG00000296592",1815
"ENSG00000296593",328
"ENSG00000296594",475
"ENSG00000296595",412
"ENSG00000296596",308
"ENSG00000296597",634
"ENSG00000296598",1794
"ENSG00000296599",1106
"ENSG00000296600",307
"ENSG00000296601",345
"ENSG00000296602",701
"ENSG00000296603",806
"ENSG00000296604",387
"ENSG00000296605",362
"ENSG00000296607",916
"ENSG00000296608",1924
"ENSG00000296609",4337
"ENSG00000296610",769
"ENSG00000296611",979
"ENSG00000296612",1699
"ENSG00000296613",311
"ENSG00000296614",761
"ENSG00000296615",1000
"ENSG00000296616",580
"ENSG00000296617",563
"ENSG00000296618",4060
"ENSG00000296619",1442
"ENSG00000296620",1336
"ENSG00000296621",581
"ENSG00000296622",6509
"ENSG00000296623",905
"ENSG00000296624",659
"ENSG00000296625",1796
"ENSG00000296626",582
"ENSG00000296627",1654
"ENSG00000296628",501
"ENSG00000296629",765
"ENSG00000296630",1492
"ENSG00000296631",769
"ENSG00000296632",1092
"ENSG00000296633",672
"ENSG00000296634",619
"ENSG00000296635",296
"ENSG00000296636",557
"ENSG00000296637",461
"ENSG00000296638",689
"ENSG00000296639",1704
"ENSG00000296640",347
"ENSG00000296641",743
"ENSG00000296642",5033
"ENSG00000296643",592
"ENSG00000296644",1604
"ENSG00000296645",1098
"ENSG00000296646",1379
"ENSG00000296647",558
"ENSG00000296648",474
"ENSG00000296649",539
"ENSG00000296650",187
"ENSG00000296651",1468
"ENSG00000296652",515
"ENSG00000296653",733
"ENSG00000296654",448
"ENSG00000296655",3901
"ENSG00000296656",1234
"ENSG00000296657",1578
"ENSG00000296658",756
"ENSG00000296659",1096
"ENSG00000296660",635
"ENSG00000296661",825
"ENSG00000296662",873
"ENSG00000296663",742
"ENSG00000296664",931
"ENSG00000296665",533
"ENSG00000296666",759
"ENSG00000296667",509
"ENSG00000296668",524
"ENSG00000296669",683
"ENSG00000296670",635
"ENSG00000296671",1657
"ENSG00000296672",568
"ENSG00000296673",255
"ENSG00000296674",670
"ENSG00000296675",422
"ENSG00000296676",822
"ENSG00000296677",990
"ENSG00000296678",1236
"ENSG00000296679",1322
"ENSG00000296680",1736
"ENSG00000296681",6465
"ENSG00000296682",409
"ENSG00000296683",654
"ENSG00000296684",491
"ENSG00000296685",708
"ENSG00000296686",865
"ENSG00000296687",384
"ENSG00000296688",920
"ENSG00000296689",115
"ENSG00000296690",694
"ENSG00000296691",568
"ENSG00000296692",471
"ENSG00000296693",1453
"ENSG00000296694",952
"ENSG00000296695",370
"ENSG00000296696",2008
"ENSG00000296697",444
"ENSG00000296698",1026
"ENSG00000296699",1493
"ENSG00000296700",528
"ENSG00000296701",359
"ENSG00000296702",525
"ENSG00000296703",1253
"ENSG00000296704",2134
"ENSG00000296705",443
"ENSG00000296706",1006
"ENSG00000296707",414
"ENSG00000296708",439
"ENSG00000296709",534
"ENSG00000296710",430
"ENSG00000296711",546
"ENSG00000296712",492
"ENSG00000296713",393
"ENSG00000296714",1020
"ENSG00000296715",1204
"ENSG00000296716",835
"ENSG00000296717",1136
"ENSG00000296718",1112
"ENSG00000296719",836
"ENSG00000296720",1057
"ENSG00000296721",1265
"ENSG00000296722",2031
"ENSG00000296723",389
"ENSG00000296724",830
"ENSG00000296725",2158
"ENSG00000296726",5503
"ENSG00000296727",1901
"ENSG00000296728",574
"ENSG00000296729",503
"ENSG00000296730",790
"ENSG00000296731",755
"ENSG00000296732",7870
"ENSG00000296733",1148
"ENSG00000296734",911
"ENSG00000296735",1290
"ENSG00000296736",856
"ENSG00000296737",1403
"ENSG00000296738",498
"ENSG00000296739",760
"ENSG00000296740",1734
"ENSG00000296741",516
"ENSG00000296742",456
"ENSG00000296743",790
"ENSG00000296744",941
"ENSG00000296745",418
"ENSG00000296746",777
"ENSG00000296747",1209
"ENSG00000296748",1539
"ENSG00000296749",456
"ENSG00000296750",840
"ENSG00000296751",644
"ENSG00000296752",1655
"ENSG00000296753",651
"ENSG00000296754",751
"ENSG00000296755",349
"ENSG00000296756",5177
"ENSG00000296757",2039
"ENSG00000296758",2028
"ENSG00000296759",532
"ENSG00000296760",1105
"ENSG00000296761",696
"ENSG00000296762",659
"ENSG00000296763",302
"ENSG00000296764",722
"ENSG00000296765",946
"ENSG00000296766",1630
"ENSG00000296767",2494
"ENSG00000296768",482
"ENSG00000296769",1124
"ENSG00000296770",1024
"ENSG00000296771",814
"ENSG00000296772",453
"ENSG00000296773",458
"ENSG00000296774",881
"ENSG00000296775",3269
"ENSG00000296776",466
"ENSG00000296777",351
"ENSG00000296778",749
"ENSG00000296779",382
"ENSG00000296780",770
"ENSG00000296781",810
"ENSG00000296782",1428
"ENSG00000296783",2712
"ENSG00000296784",222
"ENSG00000296785",567
"ENSG00000296786",385
"ENSG00000296787",1003
"ENSG00000296788",434
"ENSG00000296789",1534
"ENSG00000296790",8059
"ENSG00000296791",968
"ENSG00000296792",1373
"ENSG00000296793",349
"ENSG00000296794",786
"ENSG00000296795",351
"ENSG00000296796",337
"ENSG00000296797",835
"ENSG00000296798",1086
"ENSG00000296799",449
"ENSG00000296800",630
"ENSG00000296801",1324
"ENSG00000296802",6104
"ENSG00000296803",866
"ENSG00000296804",626
"ENSG00000296805",859
"ENSG00000296806",348
"ENSG00000296807",1196
"ENSG00000296808",1354
"ENSG00000296809",4881
"ENSG00000296810",1489
"ENSG00000296811",1731
"ENSG00000296812",282
"ENSG00000296813",424
"ENSG00000296814",488
"ENSG00000296815",574
"ENSG00000296816",1291
"ENSG00000296817",493
"ENSG00000296818",1062
"ENSG00000296819",455
"ENSG00000296820",681
"ENSG00000296821",493
"ENSG00000296822",2232
"ENSG00000296823",943
"ENSG00000296824",479
"ENSG00000296825",1165
"ENSG00000296826",375
"ENSG00000296827",2533
"ENSG00000296828",919
"ENSG00000296829",497
"ENSG00000296830",3186
"ENSG00000296831",1544
"ENSG00000296832",254
"ENSG00000296833",1027
"ENSG00000296834",657
"ENSG00000296835",629
"ENSG00000296836",772
"ENSG00000296837",531
"ENSG00000296838",1480
"ENSG00000296839",1738
"ENSG00000296840",1236
"ENSG00000296841",904
"ENSG00000296842",689
"ENSG00000296843",997
"ENSG00000296844",923
"ENSG00000296845",569
"ENSG00000296846",400
"ENSG00000296847",697
"ENSG00000296848",518
"ENSG00000296849",2695
"ENSG00000296850",517
"ENSG00000296851",1752
"ENSG00000296852",665
"ENSG00000296853",779
"ENSG00000296854",618
"ENSG00000296855",599
"ENSG00000296856",412
"ENSG00000296857",1123
"ENSG00000296858",1440
"ENSG00000296859",428
"ENSG00000296860",458
"ENSG00000296861",368
"ENSG00000296862",533
"ENSG00000296863",865
"ENSG00000296864",2737
"ENSG00000296865",385
"ENSG00000296866",407
"ENSG00000296867",1500
"ENSG00000296868",1739
"ENSG00000296869",971
"ENSG00000296870",1147
"ENSG00000296871",1490
"ENSG00000296872",721
"ENSG00000296873",1869
"ENSG00000296874",1424
"ENSG00000296875",708
"ENSG00000296876",500
"ENSG00000296877",328
"ENSG00000296878",601
"ENSG00000296879",492
"ENSG00000296880",5283
"ENSG00000296881",769
"ENSG00000296882",279
"ENSG00000296883",874
"ENSG00000296884",1500
"ENSG00000296885",564
"ENSG00000296886",1087
"ENSG00000296887",563
"ENSG00000296888",666
"ENSG00000296889",886
"ENSG00000296890",475
"ENSG00000296891",534
"ENSG00000296892",552
"ENSG00000296893",363
"ENSG00000296894",756
"ENSG00000296895",1055
"ENSG00000296896",1484
"ENSG00000296897",919
"ENSG00000296898",924
"ENSG00000296899",565
"ENSG00000296900",582
"ENSG00000296901",235
"ENSG00000296902",1209
"ENSG00000296903",973
"ENSG00000296904",425
"ENSG00000296905",450
"ENSG00000296906",333
"ENSG00000296907",537
"ENSG00000296908",744
"ENSG00000296909",734
"ENSG00000296910",546
"ENSG00000296911",1122
"ENSG00000296912",1925
"ENSG00000296913",665
"ENSG00000296914",672
"ENSG00000296915",1100
"ENSG00000296916",677
"ENSG00000296917",523
"ENSG00000296918",1388
"ENSG00000296919",351
"ENSG00000296920",449
"ENSG00000296921",2523
"ENSG00000296922",2083
"ENSG00000296923",543
"ENSG00000296924",636
"ENSG00000296925",922
"ENSG00000296926",493
"ENSG00000296927",1720
"ENSG00000296928",1154
"ENSG00000296929",2162
"ENSG00000296930",519
"ENSG00000296931",297
"ENSG00000296932",1099
"ENSG00000296933",669
"ENSG00000296934",3273
"ENSG00000296935",2919
"ENSG00000296936",617
"ENSG00000296937",3045
"ENSG00000296938",410
"ENSG00000296939",1599
"ENSG00000296940",1663
"ENSG00000296941",2327
"ENSG00000296942",604
"ENSG00000296943",1139
"ENSG00000296944",442
"ENSG00000296945",1027
"ENSG00000296946",365
"ENSG00000296947",400
"ENSG00000296948",450
"ENSG00000296949",385
"ENSG00000296950",1980
"ENSG00000296951",292
"ENSG00000296952",449
"ENSG00000296953",1156
"ENSG00000296954",387
"ENSG00000296955",401
"ENSG00000296956",669
"ENSG00000296957",855
"ENSG00000296958",213
"ENSG00000296959",2351
"ENSG00000296960",553
"ENSG00000296961",1274
"ENSG00000296962",701
"ENSG00000296963",731
"ENSG00000296964",2076
"ENSG00000296965",858
"ENSG00000296966",315
"ENSG00000296967",855
"ENSG00000296968",1255
"ENSG00000296969",495
"ENSG00000296970",840
"ENSG00000296971",631
"ENSG00000296972",949
"ENSG00000296973",607
"ENSG00000296974",1569
"ENSG00000296975",2261
"ENSG00000296976",1294
"ENSG00000296977",1009
"ENSG00000296978",863
"ENSG00000296979",1196
"ENSG00000296980",1769
"ENSG00000296981",1392
"ENSG00000296982",845
"ENSG00000296983",318
"ENSG00000296984",805
"ENSG00000296985",1334
"ENSG00000296986",875
"ENSG00000296987",536
"ENSG00000296988",706
"ENSG00000296989",440
"ENSG00000296990",1036
"ENSG00000296991",758
"ENSG00000296992",494
"ENSG00000296993",1078
"ENSG00000296994",482
"ENSG00000296995",806
"ENSG00000296996",850
"ENSG00000296997",1188
"ENSG00000296998",625
"ENSG00000296999",652
"ENSG00000297000",1401
"ENSG00000297001",673
"ENSG00000297002",1631
"ENSG00000297003",824
"ENSG00000297004",349
"ENSG00000297005",715
"ENSG00000297006",798
"ENSG00000297007",2026
"ENSG00000297008",685
"ENSG00000297009",352
"ENSG00000297010",576
"ENSG00000297011",848
"ENSG00000297012",497
"ENSG00000297013",794
"ENSG00000297014",718
"ENSG00000297015",471
"ENSG00000297016",892
"ENSG00000297017",319
"ENSG00000297018",809
"ENSG00000297019",819
"ENSG00000297020",1234
"ENSG00000297021",277
"ENSG00000297022",951
"ENSG00000297023",182
"ENSG00000297024",581
"ENSG00000297025",557
"ENSG00000297026",574
"ENSG00000297027",3517
"ENSG00000297028",268
"ENSG00000297029",2423
"ENSG00000297030",676
"ENSG00000297031",612
"ENSG00000297032",583
"ENSG00000297033",492
"ENSG00000297034",1030
"ENSG00000297035",567
"ENSG00000297036",384
"ENSG00000297037",358
"ENSG00000297038",687
"ENSG00000297039",1409
"ENSG00000297040",908
"ENSG00000297041",347
"ENSG00000297042",373
"ENSG00000297043",1442
"ENSG00000297044",677
"ENSG00000297045",2514
"ENSG00000297046",545
"ENSG00000297047",1307
"ENSG00000297048",567
"ENSG00000297049",653
"ENSG00000297050",1105
"ENSG00000297051",453
"ENSG00000297052",1757
"ENSG00000297053",758
"ENSG00000297054",1292
"ENSG00000297055",688
"ENSG00000297056",1188
"ENSG00000297057",364
"ENSG00000297058",862
"ENSG00000297059",908
"ENSG00000297060",1736
"ENSG00000297061",1442
"ENSG00000297062",1393
"ENSG00000297063",1752
"ENSG00000297064",184
"ENSG00000297065",3033
"ENSG00000297066",513
"ENSG00000297067",567
"ENSG00000297068",856
"ENSG00000297069",415
"ENSG00000297070",397
"ENSG00000297071",948
"ENSG00000297072",2546
"ENSG00000297073",1648
"ENSG00000297074",798
"ENSG00000297075",352
"ENSG00000297076",1060
"ENSG00000297077",642
"ENSG00000297078",657
"ENSG00000297079",6574
"ENSG00000297080",1001
"ENSG00000297081",519
"ENSG00000297082",1449
"ENSG00000297083",742
"ENSG00000297084",797
"ENSG00000297085",1170
"ENSG00000297086",374
"ENSG00000297087",160
"ENSG00000297088",448
"ENSG00000297089",314
"ENSG00000297090",635
"ENSG00000297091",2065
"ENSG00000297092",499
"ENSG00000297093",1055
"ENSG00000297094",835
"ENSG00000297095",1896
"ENSG00000297096",2288
"ENSG00000297097",455
"ENSG00000297098",1037
"ENSG00000297099",364
"ENSG00000297100",2264
"ENSG00000297101",840
"ENSG00000297102",318
"ENSG00000297103",854
"ENSG00000297104",584
"ENSG00000297105",438
"ENSG00000297106",3188
"ENSG00000297107",594
"ENSG00000297108",534
"ENSG00000297109",426
"ENSG00000297110",598
"ENSG00000297111",961
"ENSG00000297112",1964
"ENSG00000297113",543
"ENSG00000297114",389
"ENSG00000297115",818
"ENSG00000297116",514
"ENSG00000297117",866
"ENSG00000297118",257
"ENSG00000297119",586
"ENSG00000297120",415
"ENSG00000297121",263
"ENSG00000297122",1014
"ENSG00000297123",5317
"ENSG00000297124",1190
"ENSG00000297125",1211
"ENSG00000297126",558
"ENSG00000297127",335
"ENSG00000297128",9285
"ENSG00000297129",614
"ENSG00000297130",330
"ENSG00000297131",820
"ENSG00000297132",842
"ENSG00000297133",1359
"ENSG00000297134",2655
"ENSG00000297135",1107
"ENSG00000297136",411
"ENSG00000297137",1103
"ENSG00000297138",928
"ENSG00000297139",748
"ENSG00000297140",2333
"ENSG00000297141",5428
"ENSG00000297142",958
"ENSG00000297143",1406
"ENSG00000297144",486
"ENSG00000297145",1130
"ENSG00000297146",568
"ENSG00000297147",1090
"ENSG00000297148",413
"ENSG00000297149",674
"ENSG00000297150",1924
"ENSG00000297151",504
"ENSG00000297152",1386
"ENSG00000297153",1282
"ENSG00000297154",683
"ENSG00000297155",1414
"ENSG00000297156",1400
"ENSG00000297157",744
"ENSG00000297158",1066
"ENSG00000297159",387
"ENSG00000297160",336
"ENSG00000297161",1520
"ENSG00000297162",1134
"ENSG00000297163",479
"ENSG00000297164",280
"ENSG00000297165",807
"ENSG00000297166",798
"ENSG00000297167",766
"ENSG00000297168",440
"ENSG00000297169",565
"ENSG00000297170",2699
"ENSG00000297171",626
"ENSG00000297172",405
"ENSG00000297173",657
"ENSG00000297174",1384
"ENSG00000297175",2901
"ENSG00000297176",968
"ENSG00000297177",539
"ENSG00000297178",1689
"ENSG00000297179",1350
"ENSG00000297180",701
"ENSG00000297181",728
"ENSG00000297182",327
"ENSG00000297183",4228
"ENSG00000297184",601
"ENSG00000297185",631
"ENSG00000297186",526
"ENSG00000297187",568
"ENSG00000297188",2463
"ENSG00000297189",1746
"ENSG00000297190",1377
"ENSG00000297191",362
"ENSG00000297192",1906
"ENSG00000297193",288
"ENSG00000297194",814
"ENSG00000297195",3143
"ENSG00000297196",993
"ENSG00000297197",1420
"ENSG00000297198",1050
"ENSG00000297199",719
"ENSG00000297200",582
"ENSG00000297201",507
"ENSG00000297202",1316
"ENSG00000297203",543
"ENSG00000297204",953
"ENSG00000297205",577
"ENSG00000297206",775
"ENSG00000297207",1679
"ENSG00000297208",912
"ENSG00000297209",1073
"ENSG00000297210",540
"ENSG00000297211",1596
"ENSG00000297212",990
"ENSG00000297213",455
"ENSG00000297214",748
"ENSG00000297215",1796
"ENSG00000297216",491
"ENSG00000297217",319
"ENSG00000297218",4037
"ENSG00000297219",522
"ENSG00000297220",476
"ENSG00000297221",1563
"ENSG00000297222",149
"ENSG00000297223",854
"ENSG00000297224",980
"ENSG00000297225",2156
"ENSG00000297226",757
"ENSG00000297227",2812
"ENSG00000297228",615
"ENSG00000297230",1232
"ENSG00000297231",656
"ENSG00000297232",1274
"ENSG00000297233",704
"ENSG00000297234",751
"ENSG00000297235",535
"ENSG00000297236",9297
"ENSG00000297237",629
"ENSG00000297238",796
"ENSG00000297239",1002
"ENSG00000297240",964
"ENSG00000297241",557
"ENSG00000297242",648
"ENSG00000297243",1716
"ENSG00000297244",2366
"ENSG00000297245",957
"ENSG00000297246",1284
"ENSG00000297247",482
"ENSG00000297248",444
"ENSG00000297249",635
"ENSG00000297250",2252
"ENSG00000297251",470
"ENSG00000297252",824
"ENSG00000297253",768
"ENSG00000297254",2287
"ENSG00000297255",1113
"ENSG00000297256",1087
"ENSG00000297257",1572
"ENSG00000297258",453
"ENSG00000297259",671
"ENSG00000297260",722
"ENSG00000297261",2046
"ENSG00000297262",470
"ENSG00000297263",448
"ENSG00000297264",616
"ENSG00000297265",666
"ENSG00000297266",326
"ENSG00000297267",773
"ENSG00000297268",1067
"ENSG00000297269",652
"ENSG00000297270",468
"ENSG00000297271",2082
"ENSG00000297272",655
"ENSG00000297273",453
"ENSG00000297274",313
"ENSG00000297275",1201
"ENSG00000297276",3550
"ENSG00000297277",1581
"ENSG00000297278",155
"ENSG00000297279",275
"ENSG00000297280",750
"ENSG00000297281",450
"ENSG00000297282",806
"ENSG00000297283",3085
"ENSG00000297284",1519
"ENSG00000297285",1898
"ENSG00000297286",2372
"ENSG00000297287",522
"ENSG00000297288",672
"ENSG00000297289",746
"ENSG00000297290",661
"ENSG00000297291",527
"ENSG00000297292",338
"ENSG00000297293",1918
"ENSG00000297294",2640
"ENSG00000297295",1417
"ENSG00000297296",1348
"ENSG00000297297",927
"ENSG00000297298",1810
"ENSG00000297299",1748
"ENSG00000297300",757
"ENSG00000297301",682
"ENSG00000297302",601
"ENSG00000297303",1022
"ENSG00000297304",744
"ENSG00000297305",432
"ENSG00000297306",300
"ENSG00000297307",511
"ENSG00000297308",739
"ENSG00000297309",451
"ENSG00000297310",1823
"ENSG00000297311",1343
"ENSG00000297312",1130
"ENSG00000297313",1551
"ENSG00000297314",2090
"ENSG00000297315",287
"ENSG00000297316",458
"ENSG00000297317",862
"ENSG00000297318",617
"ENSG00000297319",572
"ENSG00000297320",5259
"ENSG00000297321",839
"ENSG00000297322",1798
"ENSG00000297323",941
"ENSG00000297324",308
"ENSG00000297325",1849
"ENSG00000297326",797
"ENSG00000297327",1067
"ENSG00000297328",1194
"ENSG00000297329",1576
"ENSG00000297330",419
"ENSG00000297331",1061
"ENSG00000297332",907
"ENSG00000297333",1103
"ENSG00000297334",1200
"ENSG00000297335",1757
"ENSG00000297336",2177
"ENSG00000297337",391
"ENSG00000297338",1317
"ENSG00000297339",565
"ENSG00000297340",942
"ENSG00000297341",660
"ENSG00000297342",396
"ENSG00000297343",967
"ENSG00000297344",860
"ENSG00000297345",583
"ENSG00000297346",1247
"ENSG00000297347",602
"ENSG00000297348",986
"ENSG00000297349",361
"ENSG00000297350",1550
"ENSG00000297351",411
"ENSG00000297352",806
"ENSG00000297353",3166
"ENSG00000297354",644
"ENSG00000297355",490
"ENSG00000297356",1836
"ENSG00000297357",598
"ENSG00000297358",601
"ENSG00000297359",1435
"ENSG00000297360",297
"ENSG00000297361",1000
"ENSG00000297362",485
"ENSG00000297363",303
"ENSG00000297364",2581
"ENSG00000297365",597
"ENSG00000297366",1800
"ENSG00000297367",3760
"ENSG00000297368",981
"ENSG00000297369",1093
"ENSG00000297370",1276
"ENSG00000297371",515
"ENSG00000297372",535
"ENSG00000297373",1034
"ENSG00000297374",150
"ENSG00000297375",508
"ENSG00000297376",428
"ENSG00000297377",3232
"ENSG00000297378",1310
"ENSG00000297379",305
"ENSG00000297380",352
"ENSG00000297381",1212
"ENSG00000297382",633
"ENSG00000297383",1181
"ENSG00000297384",695
"ENSG00000297385",805
"ENSG00000297386",1100
"ENSG00000297387",3045
"ENSG00000297388",877
"ENSG00000297389",931
"ENSG00000297390",1831
"ENSG00000297391",2236
"ENSG00000297392",615
"ENSG00000297393",1565
"ENSG00000297394",2708
"ENSG00000297395",1388
"ENSG00000297396",306
"ENSG00000297397",925
"ENSG00000297398",1443
"ENSG00000297399",1945
"ENSG00000297400",1159
"ENSG00000297401",1444
"ENSG00000297402",877
"ENSG00000297403",2067
"ENSG00000297404",360
"ENSG00000297405",584
"ENSG00000297406",1981
"ENSG00000297407",1089
"ENSG00000297408",449
"ENSG00000297409",509
"ENSG00000297410",866
"ENSG00000297411",668
"ENSG00000297412",2457
"ENSG00000297413",775
"ENSG00000297414",668
"ENSG00000297415",263
"ENSG00000297416",440
"ENSG00000297417",913
"ENSG00000297418",6740
"ENSG00000297419",622
"ENSG00000297420",1848
"ENSG00000297421",664
"ENSG00000297422",2607
"ENSG00000297423",1108
"ENSG00000297424",723
"ENSG00000297425",281
"ENSG00000297426",708
"ENSG00000297427",1481
"ENSG00000297428",2003
"ENSG00000297429",1611
"ENSG00000297430",2016
"ENSG00000297431",372
"ENSG00000297432",785
"ENSG00000297433",1475
"ENSG00000297434",2075
"ENSG00000297435",269
"ENSG00000297436",834
"ENSG00000297437",352
"ENSG00000297438",806
"ENSG00000297439",409
"ENSG00000297440",1134
"ENSG00000297441",277
"ENSG00000297442",634
"ENSG00000297443",533
"ENSG00000297444",576
"ENSG00000297445",587
"ENSG00000297446",668
"ENSG00000297447",594
"ENSG00000297448",799
"ENSG00000297449",332
"ENSG00000297450",700
"ENSG00000297451",1310
"ENSG00000297452",672
"ENSG00000297453",420
"ENSG00000297454",370
"ENSG00000297455",1948
"ENSG00000297456",851
"ENSG00000297457",724
"ENSG00000297458",1191
"ENSG00000297459",444
"ENSG00000297460",3421
"ENSG00000297461",1300
"ENSG00000297462",1133
"ENSG00000297463",433
"ENSG00000297464",1472
"ENSG00000297465",493
"ENSG00000297466",652
"ENSG00000297467",442
"ENSG00000297468",606
"ENSG00000297469",671
"ENSG00000297470",432
"ENSG00000297471",1406
"ENSG00000297472",1362
"ENSG00000297473",283
"ENSG00000297474",809
"ENSG00000297475",1723
"ENSG00000297476",777
"ENSG00000297477",563
"ENSG00000297478",1666
"ENSG00000297479",244
"ENSG00000297480",293
"ENSG00000297481",943
"ENSG00000297482",935
"ENSG00000297483",246
"ENSG00000297484",422
"ENSG00000297485",467
"ENSG00000297486",376
"ENSG00000297487",364
"ENSG00000297488",422
"ENSG00000297489",812
"ENSG00000297490",752
"ENSG00000297491",493
"ENSG00000297492",268
"ENSG00000297493",418
"ENSG00000297494",670
"ENSG00000297495",377
"ENSG00000297496",832
"ENSG00000297497",742
"ENSG00000297498",1095
"ENSG00000297499",499
"ENSG00000297500",713
"ENSG00000297501",811
"ENSG00000297502",1275
"ENSG00000297504",1229
"ENSG00000297505",878
"ENSG00000297506",443
"ENSG00000297507",341
"ENSG00000297508",753
"ENSG00000297509",972
"ENSG00000297510",692
"ENSG00000297511",497
"ENSG00000297512",1081
"ENSG00000297513",674
"ENSG00000297514",962
"ENSG00000297515",1444
"ENSG00000297516",2027
"ENSG00000297517",545
"ENSG00000297518",1921
"ENSG00000297519",1372
"ENSG00000297520",1526
"ENSG00000297521",1023
"ENSG00000297522",739
"ENSG00000297523",1075
"ENSG00000297524",519
"ENSG00000297525",763
"ENSG00000297526",949
"ENSG00000297527",654
"ENSG00000297528",479
"ENSG00000297529",761
"ENSG00000297530",1338
"ENSG00000297531",737
"ENSG00000297532",1115
"ENSG00000297533",555
"ENSG00000297534",357
"ENSG00000297535",318
"ENSG00000297536",736
"ENSG00000297537",399
"ENSG00000297538",376
"ENSG00000297539",2570
"ENSG00000297540",657
"ENSG00000297541",844
"ENSG00000297542",721
"ENSG00000297543",414
"ENSG00000297544",486
"ENSG00000297545",778
"ENSG00000297546",249
"ENSG00000297547",1752
"ENSG00000297548",708
"ENSG00000297549",376
"ENSG00000297550",657
"ENSG00000297551",1027
"ENSG00000297552",397
"ENSG00000297553",1983
"ENSG00000297555",1804
"ENSG00000297556",1483
"ENSG00000297557",286
"ENSG00000297558",854
"ENSG00000297559",743
"ENSG00000297560",698
"ENSG00000297561",515
"ENSG00000297562",296
"ENSG00000297563",1003
"ENSG00000297564",260
"ENSG00000297565",1284
"ENSG00000297566",850
"ENSG00000297567",747
"ENSG00000297568",377
"ENSG00000297569",1468
"ENSG00000297570",692
"ENSG00000297571",804
"ENSG00000297572",1409
"ENSG00000297573",397
"ENSG00000297574",685
"ENSG00000297575",1706
"ENSG00000297576",1269
"ENSG00000297577",1457
"ENSG00000297579",731
"ENSG00000297580",593
"ENSG00000297581",527
"ENSG00000297582",736
"ENSG00000297583",643
"ENSG00000297584",623
"ENSG00000297585",1430
"ENSG00000297586",573
"ENSG00000297587",834
"ENSG00000297588",870
"ENSG00000297589",783
"ENSG00000297590",501
"ENSG00000297591",1696
"ENSG00000297592",2558
"ENSG00000297593",555
"ENSG00000297594",397
"ENSG00000297595",342
"ENSG00000297596",3232
"ENSG00000297598",1766
"ENSG00000297599",508
"ENSG00000297600",471
"ENSG00000297601",510
"ENSG00000297602",566
"ENSG00000297603",887
"ENSG00000297604",782
"ENSG00000297605",477
"ENSG00000297606",581
"ENSG00000297607",610
"ENSG00000297608",3379
"ENSG00000297609",1481
"ENSG00000297610",537
"ENSG00000297611",623
"ENSG00000297612",980
"ENSG00000297613",448
"ENSG00000297614",202
"ENSG00000297615",580
"ENSG00000297616",684
"ENSG00000297617",1935
"ENSG00000297618",1419
"ENSG00000297619",2101
"ENSG00000297620",523
"ENSG00000297621",808
"ENSG00000297622",414
"ENSG00000297623",394
"ENSG00000297624",340
"ENSG00000297625",948
"ENSG00000297626",744
"ENSG00000297627",560
"ENSG00000297628",1266
"ENSG00000297629",1314
"ENSG00000297630",311
"ENSG00000297631",664
"ENSG00000297632",1237
"ENSG00000297633",968
"ENSG00000297634",733
"ENSG00000297635",666
"ENSG00000297636",441
"ENSG00000297637",700
"ENSG00000297638",1387
"ENSG00000297639",595
"ENSG00000297640",1072
"ENSG00000297641",733
"ENSG00000297642",1231
"ENSG00000297643",793
"ENSG00000297644",738
"ENSG00000297645",1396
"ENSG00000297646",2268
"ENSG00000297647",1497
"ENSG00000297648",632
"ENSG00000297649",732
"ENSG00000297650",406
"ENSG00000297651",1033
"ENSG00000297652",1214
"ENSG00000297653",947
"ENSG00000297654",406
"ENSG00000297655",1272
"ENSG00000297656",1298
"ENSG00000297657",468
"ENSG00000297658",830
"ENSG00000297659",503
"ENSG00000297660",3198
"ENSG00000297661",670
"ENSG00000297662",488
"ENSG00000297663",1945
"ENSG00000297664",676
"ENSG00000297665",1557
"ENSG00000297666",410
"ENSG00000297667",369
"ENSG00000297668",1112
"ENSG00000297669",482
"ENSG00000297670",982
"ENSG00000297671",415
"ENSG00000297672",526
"ENSG00000297673",505
"ENSG00000297674",841
"ENSG00000297675",437
"ENSG00000297676",1318
"ENSG00000297677",862
"ENSG00000297678",665
"ENSG00000297679",469
"ENSG00000297680",817
"ENSG00000297681",504
"ENSG00000297682",395
"ENSG00000297683",399
"ENSG00000297684",568
"ENSG00000297685",571
"ENSG00000297686",3576
"ENSG00000297687",1882
"ENSG00000297688",1567
"ENSG00000297689",660
"ENSG00000297690",2108
"ENSG00000297691",2943
"ENSG00000297692",432
"ENSG00000297693",579
"ENSG00000297694",1081
"ENSG00000297695",6749
"ENSG00000297696",1336
"ENSG00000297697",968
"ENSG00000297698",3114
"ENSG00000297699",403
"ENSG00000297700",417
"ENSG00000297701",591
"ENSG00000297702",1108
"ENSG00000297703",352
"ENSG00000297704",2361
"ENSG00000297705",1673
"ENSG00000297706",298
"ENSG00000297707",1319
"ENSG00000297708",1317
"ENSG00000297709",884
"ENSG00000297710",719
"ENSG00000297711",375
"ENSG00000297712",680
"ENSG00000297713",1232
"ENSG00000297714",533
"ENSG00000297715",448
"ENSG00000297716",553
"ENSG00000297717",717
"ENSG00000297718",548
"ENSG00000297719",1532
"ENSG00000297720",3003
"ENSG00000297721",1206
"ENSG00000297722",1106
"ENSG00000297723",1087
"ENSG00000297724",1176
"ENSG00000297725",341
"ENSG00000297726",2357
"ENSG00000297727",882
"ENSG00000297728",510
"ENSG00000297729",525
"ENSG00000297730",1260
"ENSG00000297731",269
"ENSG00000297732",1963
"ENSG00000297733",1038
"ENSG00000297734",769
"ENSG00000297735",1221
"ENSG00000297736",993
"ENSG00000297737",634
"ENSG00000297738",395
"ENSG00000297739",1140
"ENSG00000297740",312
"ENSG00000297741",461
"ENSG00000297742",1194
"ENSG00000297743",631
"ENSG00000297744",1125
"ENSG00000297745",631
"ENSG00000297746",636
"ENSG00000297747",722
"ENSG00000297748",1233
"ENSG00000297749",288
"ENSG00000297750",1203
"ENSG00000297751",520
"ENSG00000297752",420
"ENSG00000297753",1044
"ENSG00000297754",1218
"ENSG00000297755",367
"ENSG00000297756",730
"ENSG00000297757",774
"ENSG00000297758",645
"ENSG00000297759",592
"ENSG00000297760",1573
"ENSG00000297761",1101
"ENSG00000297762",716
"ENSG00000297763",602
"ENSG00000297764",450
"ENSG00000297765",590
"ENSG00000297766",1148
"ENSG00000297767",838
"ENSG00000297768",958
"ENSG00000297769",2443
"ENSG00000297770",799
"ENSG00000297771",649
"ENSG00000297772",515
"ENSG00000297773",773
"ENSG00000297774",469
"ENSG00000297775",1113
"ENSG00000297776",1158
"ENSG00000297777",367
"ENSG00000297778",555
"ENSG00000297779",716
"ENSG00000297780",332
"ENSG00000297781",483
"ENSG00000297782",529
"ENSG00000297783",1191
"ENSG00000297784",1317
"ENSG00000297785",469
"ENSG00000297786",2384
"ENSG00000297787",1144
"ENSG00000297788",609
"ENSG00000297789",521
"ENSG00000297790",3278
"ENSG00000297791",538
"ENSG00000297792",531
"ENSG00000297793",882
"ENSG00000297794",443
"ENSG00000297795",1602
"ENSG00000297796",449
"ENSG00000297797",2756
"ENSG00000297798",807
"ENSG00000297799",339
"ENSG00000297800",825
"ENSG00000297801",815
"ENSG00000297802",1415
"ENSG00000297803",900
"ENSG00000297804",1461
"ENSG00000297805",17098
"ENSG00000297806",482
"ENSG00000297807",1071
"ENSG00000297808",781
"ENSG00000297809",621
"ENSG00000297810",515
"ENSG00000297811",513
"ENSG00000297812",769
"ENSG00000297813",964
"ENSG00000297814",582
"ENSG00000297815",966
"ENSG00000297816",660
"ENSG00000297817",951
"ENSG00000297818",2465
"ENSG00000297819",691
"ENSG00000297820",1091
"ENSG00000297821",410
"ENSG00000297822",358
"ENSG00000297823",894
"ENSG00000297824",681
"ENSG00000297825",1297
"ENSG00000297826",699
"ENSG00000297827",415
"ENSG00000297828",497
"ENSG00000297829",345
"ENSG00000297830",253
"ENSG00000297831",544
"ENSG00000297832",455
"ENSG00000297833",744
"ENSG00000297834",1446
"ENSG00000297835",1691
"ENSG00000297836",3912
"ENSG00000297837",293
"ENSG00000297838",394
"ENSG00000297839",1068
"ENSG00000297840",301
"ENSG00000297841",534
"ENSG00000297842",800
"ENSG00000297843",533
"ENSG00000297844",769
"ENSG00000297845",1013
"ENSG00000297846",311
"ENSG00000297847",913
"ENSG00000297848",1179
"ENSG00000297849",829
"ENSG00000297850",1406
"ENSG00000297851",1900
"ENSG00000297852",1019
"ENSG00000297853",335
"ENSG00000297854",890
"ENSG00000297855",394
"ENSG00000297856",493
"ENSG00000297857",1739
"ENSG00000297858",820
"ENSG00000297859",461
"ENSG00000297860",732
"ENSG00000297861",234
"ENSG00000297862",1212
"ENSG00000297863",989
"ENSG00000297865",475
"ENSG00000297866",2746
"ENSG00000297867",2131
"ENSG00000297868",2031
"ENSG00000297869",1937
"ENSG00000297870",2577
"ENSG00000297871",321
"ENSG00000297872",560
"ENSG00000297873",576
"ENSG00000297874",685
"ENSG00000297875",668
"ENSG00000297876",1377
"ENSG00000297877",489
"ENSG00000297878",1516
"ENSG00000297879",550
"ENSG00000297880",1624
"ENSG00000297881",2431
"ENSG00000297882",653
"ENSG00000297883",305
"ENSG00000297884",643
"ENSG00000297885",3401
"ENSG00000297886",495
"ENSG00000297887",815
"ENSG00000297888",425
"ENSG00000297889",559
"ENSG00000297890",393
"ENSG00000297891",335
"ENSG00000297892",329
"ENSG00000297893",375
"ENSG00000297894",484
"ENSG00000297895",563
"ENSG00000297896",1559
"ENSG00000297897",798
"ENSG00000297898",3316
"ENSG00000297899",521
"ENSG00000297900",590
"ENSG00000297901",624
"ENSG00000297902",297
"ENSG00000297903",533
"ENSG00000297904",326
"ENSG00000297905",651
"ENSG00000297906",927
"ENSG00000297907",631
"ENSG00000297908",350
"ENSG00000297909",344
"ENSG00000297910",1897
"ENSG00000297911",259
"ENSG00000297912",578
"ENSG00000297913",859
"ENSG00000297914",1840
"ENSG00000297915",350
"ENSG00000297916",471
"ENSG00000297917",1736
"ENSG00000297918",324
"ENSG00000297919",1209
"ENSG00000297920",1063
"ENSG00000297921",211
"ENSG00000297922",719
"ENSG00000297923",1322
"ENSG00000297924",126
"ENSG00000297925",1593
"ENSG00000297926",396
"ENSG00000297927",1660
"ENSG00000297928",2133
"ENSG00000297929",830
"ENSG00000297930",906
"ENSG00000297931",822
"ENSG00000297932",1275
"ENSG00000297933",856
"ENSG00000297934",659
"ENSG00000297935",2349
"ENSG00000297936",3287
"ENSG00000297937",479
"ENSG00000297938",4048
"ENSG00000297939",422
"ENSG00000297940",600
"ENSG00000297941",601
"ENSG00000297942",534
"ENSG00000297943",1243
"ENSG00000297944",781
"ENSG00000297945",739
"ENSG00000297946",289
"ENSG00000297947",416
"ENSG00000297948",324
"ENSG00000297950",2476
"ENSG00000297951",1776
"ENSG00000297952",352
"ENSG00000297953",232
"ENSG00000297954",783
"ENSG00000297955",861
"ENSG00000297956",1089
"ENSG00000297957",467
"ENSG00000297958",1528
"ENSG00000297959",618
"ENSG00000297960",416
"ENSG00000297962",318
"ENSG00000297963",1080
"ENSG00000297964",358
"ENSG00000297965",345
"ENSG00000297966",3783
"ENSG00000297967",564
"ENSG00000297968",1222
"ENSG00000297969",795
"ENSG00000297970",1145
"ENSG00000297971",1150
"ENSG00000297972",3469
"ENSG00000297973",745
"ENSG00000297974",936
"ENSG00000297975",792
"ENSG00000297976",1763
"ENSG00000297977",4424
"ENSG00000297978",676
"ENSG00000297979",2835
"ENSG00000297980",1122
"ENSG00000297981",1426
"ENSG00000297982",1255
"ENSG00000297983",1393
"ENSG00000297984",490
"ENSG00000297985",1676
"ENSG00000297986",322
"ENSG00000297987",743
"ENSG00000297988",668
"ENSG00000297989",371
"ENSG00000297990",622
"ENSG00000297991",552
"ENSG00000297992",486
"ENSG00000297993",737
"ENSG00000297994",437
"ENSG00000297995",1341
"ENSG00000297996",491
"ENSG00000297997",419
"ENSG00000297998",796
"ENSG00000297999",492
"ENSG00000298000",1557
"ENSG00000298001",410
"ENSG00000298002",594
"ENSG00000298003",732
"ENSG00000298004",4819
"ENSG00000298005",1389
"ENSG00000298006",892
"ENSG00000298007",2358
"ENSG00000298008",424
"ENSG00000298009",684
"ENSG00000298010",447
"ENSG00000298011",1485
"ENSG00000298012",911
"ENSG00000298013",523
"ENSG00000298014",988
"ENSG00000298015",1014
"ENSG00000298016",2198
"ENSG00000298017",1718
"ENSG00000298018",245
"ENSG00000298019",893
"ENSG00000298020",572
"ENSG00000298021",757
"ENSG00000298022",564
"ENSG00000298023",968
"ENSG00000298024",557
"ENSG00000298025",482
"ENSG00000298026",693
"ENSG00000298027",566
"ENSG00000298028",1255
"ENSG00000298029",359
"ENSG00000298030",388
"ENSG00000298031",460
"ENSG00000298032",425
"ENSG00000298033",536
"ENSG00000298034",399
"ENSG00000298035",1936
"ENSG00000298036",278
"ENSG00000298037",443
"ENSG00000298038",801
"ENSG00000298039",563
"ENSG00000298040",555
"ENSG00000298041",1377
"ENSG00000298042",435
"ENSG00000298043",1232
"ENSG00000298044",845
"ENSG00000298045",926
"ENSG00000298046",594
"ENSG00000298047",639
"ENSG00000298048",835
"ENSG00000298049",416
"ENSG00000298050",318
"ENSG00000298051",1143
"ENSG00000298052",4367
"ENSG00000298053",1526
"ENSG00000298054",797
"ENSG00000298055",2065
"ENSG00000298056",360
"ENSG00000298057",712
"ENSG00000298058",676
"ENSG00000298059",367
"ENSG00000298060",795
"ENSG00000298061",554
"ENSG00000298062",518
"ENSG00000298063",496
"ENSG00000298064",480
"ENSG00000298065",3201
"ENSG00000298066",376
"ENSG00000298067",1563
"ENSG00000298068",682
"ENSG00000298069",1156
"ENSG00000298070",389
"ENSG00000298071",1157
"ENSG00000298072",912
"ENSG00000298073",784
"ENSG00000298074",1009
"ENSG00000298075",873
"ENSG00000298076",376
"ENSG00000298077",758
"ENSG00000298078",688
"ENSG00000298079",360
"ENSG00000298080",703
"ENSG00000298081",592
"ENSG00000298082",1497
"ENSG00000298083",520
"ENSG00000298084",502
"ENSG00000298085",1259
"ENSG00000298086",1386
"ENSG00000298087",354
"ENSG00000298088",287
"ENSG00000298089",608
"ENSG00000298090",1158
"ENSG00000298091",845
"ENSG00000298092",645
"ENSG00000298093",2158
"ENSG00000298094",1107
"ENSG00000298095",1043
"ENSG00000298096",868
"ENSG00000298097",516
"ENSG00000298098",807
"ENSG00000298099",1252
"ENSG00000298100",2315
"ENSG00000298101",602
"ENSG00000298102",1006
"ENSG00000298103",1050
"ENSG00000298104",878
"ENSG00000298105",662
"ENSG00000298106",372
"ENSG00000298107",840
"ENSG00000298108",650
"ENSG00000298109",242
"ENSG00000298110",430
"ENSG00000298111",2555
"ENSG00000298112",961
"ENSG00000298113",477
"ENSG00000298114",778
"ENSG00000298115",959
"ENSG00000298116",951
"ENSG00000298117",1991
"ENSG00000298118",409
"ENSG00000298119",1517
"ENSG00000298120",389
"ENSG00000298121",639
"ENSG00000298122",390
"ENSG00000298123",1155
"ENSG00000298124",395
"ENSG00000298125",542
"ENSG00000298126",509
"ENSG00000298127",518
"ENSG00000298128",406
"ENSG00000298129",429
"ENSG00000298130",395
"ENSG00000298131",704
"ENSG00000298132",1542
"ENSG00000298133",1062
"ENSG00000298134",598
"ENSG00000298135",178
"ENSG00000298136",746
"ENSG00000298137",646
"ENSG00000298138",475
"ENSG00000298139",3620
"ENSG00000298140",644
"ENSG00000298141",429
"ENSG00000298142",945
"ENSG00000298143",603
"ENSG00000298144",567
"ENSG00000298145",731
"ENSG00000298146",587
"ENSG00000298147",567
"ENSG00000298148",1271
"ENSG00000298149",421
"ENSG00000298150",233
"ENSG00000298151",497
"ENSG00000298152",345
"ENSG00000298153",1824
"ENSG00000298154",1439
"ENSG00000298155",728
"ENSG00000298156",630
"ENSG00000298157",566
"ENSG00000298158",841
"ENSG00000298159",419
"ENSG00000298160",968
"ENSG00000298161",970
"ENSG00000298162",2193
"ENSG00000298163",2078
"ENSG00000298164",842
"ENSG00000298165",430
"ENSG00000298166",336
"ENSG00000298167",1111
"ENSG00000298168",581
"ENSG00000298169",2482
"ENSG00000298170",463
"ENSG00000298171",693
"ENSG00000298172",790
"ENSG00000298173",907
"ENSG00000298174",1401
"ENSG00000298175",670
"ENSG00000298176",473
"ENSG00000298177",494
"ENSG00000298178",604
"ENSG00000298179",448
"ENSG00000298180",360
"ENSG00000298181",656
"ENSG00000298182",1065
"ENSG00000298183",968
"ENSG00000298184",890
"ENSG00000298185",1389
"ENSG00000298186",488
"ENSG00000298187",973
"ENSG00000298188",328
"ENSG00000298189",1079
"ENSG00000298190",415
"ENSG00000298191",471
"ENSG00000298192",889
"ENSG00000298193",449
"ENSG00000298194",350
"ENSG00000298195",320
"ENSG00000298196",574
"ENSG00000298197",892
"ENSG00000298198",1050
"ENSG00000298199",1336
"ENSG00000298200",495
"ENSG00000298201",641
"ENSG00000298202",833
"ENSG00000298203",589
"ENSG00000298204",289
"ENSG00000298205",1156
"ENSG00000298206",719
"ENSG00000298207",2624
"ENSG00000298208",508
"ENSG00000298209",564
"ENSG00000298210",401
"ENSG00000298211",1425
"ENSG00000298212",1712
"ENSG00000298213",118
"ENSG00000298214",733
"ENSG00000298215",961
"ENSG00000298216",296
"ENSG00000298217",2523
"ENSG00000298218",1118
"ENSG00000298219",1003
"ENSG00000298220",587
"ENSG00000298221",576
"ENSG00000298222",712
"ENSG00000298223",530
"ENSG00000298224",562
"ENSG00000298225",1222
"ENSG00000298226",348
"ENSG00000298227",1228
"ENSG00000298228",1937
"ENSG00000298229",664
"ENSG00000298230",330
"ENSG00000298231",1935
"ENSG00000298232",789
"ENSG00000298233",550
"ENSG00000298234",592
"ENSG00000298235",2689
"ENSG00000298236",311
"ENSG00000298237",820
"ENSG00000298238",1581
"ENSG00000298239",1252
"ENSG00000298240",421
"ENSG00000298241",1304
"ENSG00000298242",312
"ENSG00000298243",1423
"ENSG00000298244",582
"ENSG00000298245",1562
"ENSG00000298246",638
"ENSG00000298247",416
"ENSG00000298248",361
"ENSG00000298249",1263
"ENSG00000298250",1146
"ENSG00000298251",1618
"ENSG00000298252",441
"ENSG00000298253",887
"ENSG00000298254",745
"ENSG00000298255",2674
"ENSG00000298256",116
"ENSG00000298257",251
"ENSG00000298258",673
"ENSG00000298259",820
"ENSG00000298260",608
"ENSG00000298261",453
"ENSG00000298262",3234
"ENSG00000298263",494
"ENSG00000298264",693
"ENSG00000298265",566
"ENSG00000298266",1649
"ENSG00000298267",554
"ENSG00000298268",2099
"ENSG00000298269",585
"ENSG00000298270",369
"ENSG00000298271",779
"ENSG00000298272",1498
"ENSG00000298273",1382
"ENSG00000298274",2677
"ENSG00000298275",234
"ENSG00000298276",389
"ENSG00000298277",546
"ENSG00000298278",660
"ENSG00000298279",1748
"ENSG00000298280",434
"ENSG00000298281",825
"ENSG00000298282",706
"ENSG00000298283",1172
"ENSG00000298284",1136
"ENSG00000298285",881
"ENSG00000298286",895
"ENSG00000298287",478
"ENSG00000298288",435
"ENSG00000298289",1747
"ENSG00000298290",323
"ENSG00000298291",2121
"ENSG00000298292",606
"ENSG00000298293",381
"ENSG00000298294",2906
"ENSG00000298295",571
"ENSG00000298296",1075
"ENSG00000298297",1965
"ENSG00000298298",2413
"ENSG00000298299",442
"ENSG00000298300",1162
"ENSG00000298301",792
"ENSG00000298302",607
"ENSG00000298303",1342
"ENSG00000298304",1064
"ENSG00000298305",635
"ENSG00000298306",869
"ENSG00000298307",803
"ENSG00000298308",2028
"ENSG00000298309",380
"ENSG00000298310",811
"ENSG00000298311",567
"ENSG00000298312",373
"ENSG00000298313",563
"ENSG00000298314",731
"ENSG00000298315",1210
"ENSG00000298316",5232
"ENSG00000298317",349
"ENSG00000298318",544
"ENSG00000298319",1571
"ENSG00000298320",1136
"ENSG00000298321",877
"ENSG00000298322",344
"ENSG00000298323",712
"ENSG00000298324",768
"ENSG00000298325",487
"ENSG00000298326",498
"ENSG00000298327",269
"ENSG00000298328",350
"ENSG00000298329",454
"ENSG00000298330",949
"ENSG00000298331",444
"ENSG00000298332",1106
"ENSG00000298333",299
"ENSG00000298334",3006
"ENSG00000298335",364
"ENSG00000298336",1614
"ENSG00000298337",434
"ENSG00000298338",3466
"ENSG00000298339",813
"ENSG00000298340",1709
"ENSG00000298341",1221
"ENSG00000298342",764
"ENSG00000298343",617
"ENSG00000298344",338
"ENSG00000298345",426
"ENSG00000298346",1376
"ENSG00000298347",323
"ENSG00000298348",737
"ENSG00000298349",786
"ENSG00000298350",729
"ENSG00000298351",3209
"ENSG00000298352",1314
"ENSG00000298353",553
"ENSG00000298354",477
"ENSG00000298355",597
"ENSG00000298356",796
"ENSG00000298357",585
"ENSG00000298358",500
"ENSG00000298359",1202
"ENSG00000298360",2760
"ENSG00000298361",1452
"ENSG00000298362",437
"ENSG00000298363",927
"ENSG00000298364",2419
"ENSG00000298365",305
"ENSG00000298366",1000
"ENSG00000298367",2671
"ENSG00000298368",1020
"ENSG00000298369",737
"ENSG00000298370",675
"ENSG00000298371",409
"ENSG00000298372",1245
"ENSG00000298373",1717
"ENSG00000298374",765
"ENSG00000298375",456
"ENSG00000298376",611
"ENSG00000298377",1571
"ENSG00000298378",501
"ENSG00000298379",1221
"ENSG00000298380",1314
"ENSG00000298381",3008
"ENSG00000298382",640
"ENSG00000298383",1785
"ENSG00000298384",155
"ENSG00000298385",6005
"ENSG00000298386",326
"ENSG00000298387",603
"ENSG00000298388",493
"ENSG00000298389",377
"ENSG00000298390",1175
"ENSG00000298391",425
"ENSG00000298392",283
"ENSG00000298393",453
"ENSG00000298394",917
"ENSG00000298395",247
"ENSG00000298396",237
"ENSG00000298397",919
"ENSG00000298398",689
"ENSG00000298399",801
"ENSG00000298400",563
"ENSG00000298401",777
"ENSG00000298402",585
"ENSG00000298403",611
"ENSG00000298404",497
"ENSG00000298405",2202
"ENSG00000298406",1026
"ENSG00000298407",399
"ENSG00000298408",788
"ENSG00000298409",2901
"ENSG00000298410",1506
"ENSG00000298411",1884
"ENSG00000298412",259
"ENSG00000298413",435
"ENSG00000298414",1175
"ENSG00000298415",193
"ENSG00000298416",549
"ENSG00000298417",483
"ENSG00000298418",584
"ENSG00000298419",2213
"ENSG00000298420",2674
"ENSG00000298421",2857
"ENSG00000298422",376
"ENSG00000298423",1706
"ENSG00000298424",330
"ENSG00000298425",312
"ENSG00000298426",335
"ENSG00000298427",480
"ENSG00000298428",701
"ENSG00000298429",447
"ENSG00000298430",3808
"ENSG00000298431",552
"ENSG00000298432",310
"ENSG00000298433",2107
"ENSG00000298434",374
"ENSG00000298435",381
"ENSG00000298436",666
"ENSG00000298437",889
"ENSG00000298438",1079
"ENSG00000298439",513
"ENSG00000298440",2088
"ENSG00000298441",2470
"ENSG00000298442",1819
"ENSG00000298443",771
"ENSG00000298444",386
"ENSG00000298445",830
"ENSG00000298446",713
"ENSG00000298447",1042
"ENSG00000298448",1134
"ENSG00000298449",401
"ENSG00000298450",550
"ENSG00000298451",653
"ENSG00000298452",727
"ENSG00000298453",767
"ENSG00000298454",1283
"ENSG00000298455",952
"ENSG00000298456",409
"ENSG00000298457",466
"ENSG00000298458",841
"ENSG00000298459",1509
"ENSG00000298460",508
"ENSG00000298461",391
"ENSG00000298462",1069
"ENSG00000298463",1514
"ENSG00000298464",626
"ENSG00000298465",1085
"ENSG00000298466",1599
"ENSG00000298467",447
"ENSG00000298468",208
"ENSG00000298469",2649
"ENSG00000298470",2061
"ENSG00000298471",316
"ENSG00000298472",808
"ENSG00000298473",1081
"ENSG00000298474",459
"ENSG00000298475",360
"ENSG00000298476",907
"ENSG00000298477",508
"ENSG00000298478",525
"ENSG00000298479",607
"ENSG00000298480",960
"ENSG00000298481",323
"ENSG00000298482",444
"ENSG00000298483",256
"ENSG00000298484",3206
"ENSG00000298485",202
"ENSG00000298486",1013
"ENSG00000298487",419
"ENSG00000298488",1547
"ENSG00000298489",835
"ENSG00000298490",698
"ENSG00000298491",959
"ENSG00000298492",2880
"ENSG00000298493",604
"ENSG00000298494",333
"ENSG00000298495",327
"ENSG00000298496",459
"ENSG00000298497",733
"ENSG00000298498",1266
"ENSG00000298499",565
"ENSG00000298500",843
"ENSG00000298501",354
"ENSG00000298502",2188
"ENSG00000298503",2899
"ENSG00000298504",2255
"ENSG00000298505",3059
"ENSG00000298506",518
"ENSG00000298507",430
"ENSG00000298508",1738
"ENSG00000298509",870
"ENSG00000298510",1454
"ENSG00000298511",1419
"ENSG00000298512",1156
"ENSG00000298513",1502
"ENSG00000298514",729
"ENSG00000298515",549
"ENSG00000298516",729
"ENSG00000298517",196
"ENSG00000298518",434
"ENSG00000298519",890
"ENSG00000298520",1184
"ENSG00000298521",434
"ENSG00000298522",562
"ENSG00000298523",392
"ENSG00000298524",748
"ENSG00000298525",2204
"ENSG00000298526",270
"ENSG00000298527",2226
"ENSG00000298528",383
"ENSG00000298529",570
"ENSG00000298530",322
"ENSG00000298531",810
"ENSG00000298532",3195
"ENSG00000298533",372
"ENSG00000298534",1053
"ENSG00000298535",344
"ENSG00000298536",777
"ENSG00000298537",388
"ENSG00000298538",901
"ENSG00000298539",1357
"ENSG00000298540",439
"ENSG00000298541",613
"ENSG00000298542",1045
"ENSG00000298543",3382
"ENSG00000298544",1362
"ENSG00000298545",570
"ENSG00000298546",619
"ENSG00000298547",297
"ENSG00000298548",955
"ENSG00000298549",2098
"ENSG00000298550",800
"ENSG00000298551",499
"ENSG00000298552",475
"ENSG00000298553",1499
"ENSG00000298554",480
"ENSG00000298555",932
"ENSG00000298556",476
"ENSG00000298557",465
"ENSG00000298558",2412
"ENSG00000298559",215
"ENSG00000298560",939
"ENSG00000298561",1185
"ENSG00000298562",597
"ENSG00000298563",657
"ENSG00000298564",894
"ENSG00000298565",1005
"ENSG00000298566",1363
"ENSG00000298567",170
"ENSG00000298568",582
"ENSG00000298569",502
"ENSG00000298570",879
"ENSG00000298571",783
"ENSG00000298572",695
"ENSG00000298573",1441
"ENSG00000298574",1045
"ENSG00000298575",352
"ENSG00000298576",960
"ENSG00000298577",520
"ENSG00000298578",2024
"ENSG00000298579",574
"ENSG00000298580",904
"ENSG00000298581",309
"ENSG00000298582",1687
"ENSG00000298583",1063
"ENSG00000298584",1202
"ENSG00000298585",895
"ENSG00000298586",3082
"ENSG00000298587",2214
"ENSG00000298588",1576
"ENSG00000298589",684
"ENSG00000298590",661
"ENSG00000298591",854
"ENSG00000298592",1121
"ENSG00000298593",958
"ENSG00000298594",598
"ENSG00000298595",769
"ENSG00000298596",1013
"ENSG00000298597",736
"ENSG00000298598",533
"ENSG00000298599",2929
"ENSG00000298600",5204
"ENSG00000298601",4598
"ENSG00000298602",1395
"ENSG00000298603",417
"ENSG00000298604",578
"ENSG00000298605",891
"ENSG00000298606",323
"ENSG00000298607",1782
"ENSG00000298608",823
"ENSG00000298609",1734
"ENSG00000298610",653
"ENSG00000298611",566
"ENSG00000298612",503
"ENSG00000298613",919
"ENSG00000298614",1331
"ENSG00000298615",756
"ENSG00000298616",723
"ENSG00000298617",455
"ENSG00000298618",526
"ENSG00000298619",1183
"ENSG00000298620",441
"ENSG00000298621",849
"ENSG00000298622",5922
"ENSG00000298623",408
"ENSG00000298624",1333
"ENSG00000298625",489
"ENSG00000298626",1471
"ENSG00000298627",688
"ENSG00000298628",467
"ENSG00000298629",432
"ENSG00000298630",507
"ENSG00000298631",5376
"ENSG00000298632",600
"ENSG00000298633",692
"ENSG00000298634",1148
"ENSG00000298635",1360
"ENSG00000298636",402
"ENSG00000298637",1439
"ENSG00000298638",1929
"ENSG00000298639",453
"ENSG00000298640",541
"ENSG00000298641",552
"ENSG00000298642",1102
"ENSG00000298643",1676
"ENSG00000298644",370
"ENSG00000298645",624
"ENSG00000298646",530
"ENSG00000298647",921
"ENSG00000298648",591
"ENSG00000298649",935
"ENSG00000298650",3077
"ENSG00000298651",830
"ENSG00000298652",550
"ENSG00000298653",926
"ENSG00000298654",1598
"ENSG00000298655",525
"ENSG00000298656",375
"ENSG00000298657",261
"ENSG00000298658",558
"ENSG00000298659",604
"ENSG00000298660",749
"ENSG00000298661",904
"ENSG00000298662",619
"ENSG00000298663",818
"ENSG00000298664",1390
"ENSG00000298665",1448
"ENSG00000298666",1059
"ENSG00000298667",1512
"ENSG00000298668",658
"ENSG00000298669",1770
"ENSG00000298670",903
"ENSG00000298671",1162
"ENSG00000298672",380
"ENSG00000298673",373
"ENSG00000298674",1151
"ENSG00000298675",971
"ENSG00000298676",449
"ENSG00000298677",447
"ENSG00000298678",1600
"ENSG00000298679",652
"ENSG00000298680",523
"ENSG00000298681",1074
"ENSG00000298682",405
"ENSG00000298683",439
"ENSG00000298684",938
"ENSG00000298685",928
"ENSG00000298686",398
"ENSG00000298687",1017
"ENSG00000298688",318
"ENSG00000298689",762
"ENSG00000298690",893
"ENSG00000298691",1489
"ENSG00000298692",636
"ENSG00000298693",1167
"ENSG00000298694",461
"ENSG00000298695",754
"ENSG00000298696",730
"ENSG00000298697",547
"ENSG00000298698",635
"ENSG00000298699",506
"ENSG00000298700",586
"ENSG00000298701",824
"ENSG00000298702",751
"ENSG00000298703",2191
"ENSG00000298704",548
"ENSG00000298705",650
"ENSG00000298706",531
"ENSG00000298707",826
"ENSG00000298708",891
"ENSG00000298709",744
"ENSG00000298710",1479
"ENSG00000298711",1384
"ENSG00000298712",975
"ENSG00000298713",838
"ENSG00000298714",439
"ENSG00000298715",373
"ENSG00000298716",2870
"ENSG00000298717",1287
"ENSG00000298718",1005
"ENSG00000298719",1392
"ENSG00000298720",1535
"ENSG00000298721",1681
"ENSG00000298722",490
"ENSG00000298723",1012
"ENSG00000298724",462
"ENSG00000298725",383
"ENSG00000298726",1405
"ENSG00000298727",599
"ENSG00000298728",738
"ENSG00000298729",1684
"ENSG00000298730",844
"ENSG00000298731",1368
"ENSG00000298732",2061
"ENSG00000298733",584
"ENSG00000298734",1033
"ENSG00000298735",1184
"ENSG00000298736",834
"ENSG00000298737",514
"ENSG00000298738",1380
"ENSG00000298739",1214
"ENSG00000298740",439
"ENSG00000298741",489
"ENSG00000298742",858
"ENSG00000298743",756
"ENSG00000298744",930
"ENSG00000298745",739
"ENSG00000298746",481
"ENSG00000298747",452
"ENSG00000298748",800
"ENSG00000298749",257
"ENSG00000298750",922
"ENSG00000298751",1858
"ENSG00000298752",1588
"ENSG00000298753",456
"ENSG00000298754",1491
"ENSG00000298755",1100
"ENSG00000298756",1432
"ENSG00000298757",150
"ENSG00000298758",1960
"ENSG00000298759",1571
"ENSG00000298760",758
"ENSG00000298761",990
"ENSG00000298762",1080
"ENSG00000298763",385
"ENSG00000298764",402
"ENSG00000298765",891
"ENSG00000298766",1671
"ENSG00000298767",512
"ENSG00000298768",1155
"ENSG00000298769",462
"ENSG00000298770",635
"ENSG00000298771",626
"ENSG00000298772",3404
"ENSG00000298773",736
"ENSG00000298774",470
"ENSG00000298775",5644
"ENSG00000298776",1164
"ENSG00000298777",160
"ENSG00000298778",385
"ENSG00000298779",985
"ENSG00000298780",475
"ENSG00000298781",809
"ENSG00000298782",1199
"ENSG00000298783",719
"ENSG00000298784",754
"ENSG00000298785",1571
"ENSG00000298786",1459
"ENSG00000298787",1089
"ENSG00000298788",1172
"ENSG00000298789",562
"ENSG00000298790",856
"ENSG00000298791",665
"ENSG00000298792",1077
"ENSG00000298793",1986
"ENSG00000298794",589
"ENSG00000298795",1282
"ENSG00000298796",376
"ENSG00000298797",481
"ENSG00000298798",1650
"ENSG00000298799",531
"ENSG00000298800",658
"ENSG00000298801",1166
"ENSG00000298802",1753
"ENSG00000298803",576
"ENSG00000298804",2028
"ENSG00000298805",952
"ENSG00000298806",1217
"ENSG00000298807",610
"ENSG00000298808",474
"ENSG00000298809",460
"ENSG00000298810",1112
"ENSG00000298811",1013
"ENSG00000298812",605
"ENSG00000298813",1529
"ENSG00000298814",1279
"ENSG00000298815",1993
"ENSG00000298816",1945
"ENSG00000298817",3054
"ENSG00000298818",1221
"ENSG00000298819",366
"ENSG00000298820",1244
"ENSG00000298821",440
"ENSG00000298822",403
"ENSG00000298823",1029
"ENSG00000298824",3602
"ENSG00000298825",1702
"ENSG00000298826",811
"ENSG00000298827",1524
"ENSG00000298828",372
"ENSG00000298829",1622
"ENSG00000298830",820
"ENSG00000298831",2648
"ENSG00000298832",1343
"ENSG00000298833",1434
"ENSG00000298834",687
"ENSG00000298835",1396
"ENSG00000298836",565
"ENSG00000298837",959
"ENSG00000298838",969
"ENSG00000298839",1280
"ENSG00000298840",1731
"ENSG00000298841",725
"ENSG00000298842",549
"ENSG00000298843",382
"ENSG00000298844",585
"ENSG00000298845",245
"ENSG00000298846",394
"ENSG00000298847",865
"ENSG00000298849",1710
"ENSG00000298850",1708
"ENSG00000298851",454
"ENSG00000298852",2042
"ENSG00000298853",1204
"ENSG00000298854",511
"ENSG00000298855",536
"ENSG00000298856",1595
"ENSG00000298857",686
"ENSG00000298858",664
"ENSG00000298859",1241
"ENSG00000298860",1682
"ENSG00000298861",1537
"ENSG00000298862",2001
"ENSG00000298863",552
"ENSG00000298864",1199
"ENSG00000298865",873
"ENSG00000298866",525
"ENSG00000298868",1784
"ENSG00000298869",462
"ENSG00000298870",1145
"ENSG00000298871",1008
"ENSG00000298872",360
"ENSG00000298873",282
"ENSG00000298874",730
"ENSG00000298875",1269
"ENSG00000298876",457
"ENSG00000298877",877
"ENSG00000298878",703
"ENSG00000298879",334
"ENSG00000298880",509
"ENSG00000298881",1413
"ENSG00000298882",426
"ENSG00000298883",1746
"ENSG00000298884",1475
"ENSG00000298885",427
"ENSG00000298886",2144
"ENSG00000298887",489
"ENSG00000298888",926
"ENSG00000298889",2238
"ENSG00000298890",545
"ENSG00000298891",339
"ENSG00000298892",389
"ENSG00000298893",1105
"ENSG00000298894",397
"ENSG00000298895",485
"ENSG00000298896",377
"ENSG00000298897",1258
"ENSG00000298898",393
"ENSG00000298899",1136
"ENSG00000298900",917
"ENSG00000298901",2209
"ENSG00000298902",448
"ENSG00000298903",1722
"ENSG00000298904",650
"ENSG00000298905",1402
"ENSG00000298906",245
"ENSG00000298907",1002
"ENSG00000298908",781
"ENSG00000298909",797
"ENSG00000298910",489
"ENSG00000298911",644
"ENSG00000298912",1187
"ENSG00000298913",2261
"ENSG00000298914",443
"ENSG00000298915",663
"ENSG00000298916",886
"ENSG00000298917",456
"ENSG00000298918",620
"ENSG00000298919",1028
"ENSG00000298920",752
"ENSG00000298921",220
"ENSG00000298922",628
"ENSG00000298923",598
"ENSG00000298924",983
"ENSG00000298925",1114
"ENSG00000298926",408
"ENSG00000298927",2135
"ENSG00000298928",577
"ENSG00000298929",338
"ENSG00000298930",2785
"ENSG00000298931",1776
"ENSG00000298932",336
"ENSG00000298933",938
"ENSG00000298934",1125
"ENSG00000298935",309
"ENSG00000298936",423
"ENSG00000298937",1117
"ENSG00000298938",564
"ENSG00000298939",597
"ENSG00000298940",660
"ENSG00000298941",1138
"ENSG00000298942",332
"ENSG00000298943",1343
"ENSG00000298944",771
"ENSG00000298945",3635
"ENSG00000298946",516
"ENSG00000298947",950
"ENSG00000298948",698
"ENSG00000298949",1619
"ENSG00000298950",594
"ENSG00000298951",577
"ENSG00000298952",1111
"ENSG00000298953",2025
"ENSG00000298954",516
"ENSG00000298955",425
"ENSG00000298956",682
"ENSG00000298957",628
"ENSG00000298958",1821
"ENSG00000298959",1271
"ENSG00000298960",842
"ENSG00000298961",239
"ENSG00000298962",645
"ENSG00000298963",169
"ENSG00000298964",614
"ENSG00000298965",1583
"ENSG00000298966",706
"ENSG00000298967",666
"ENSG00000298968",1924
"ENSG00000298969",1809
"ENSG00000298970",628
"ENSG00000298971",1672
"ENSG00000298972",324
"ENSG00000298973",636
"ENSG00000298974",327
"ENSG00000298975",689
"ENSG00000298976",3025
"ENSG00000298977",408
"ENSG00000298978",317
"ENSG00000298979",976
"ENSG00000298980",568
"ENSG00000298981",544
"ENSG00000298982",521
"ENSG00000298983",638
"ENSG00000298984",948
"ENSG00000298985",343
"ENSG00000298986",334
"ENSG00000298987",393
"ENSG00000298988",490
"ENSG00000298989",460
"ENSG00000298990",1480
"ENSG00000298991",1014
"ENSG00000298992",4282
"ENSG00000298993",526
"ENSG00000298994",675
"ENSG00000298995",2117
"ENSG00000298996",283
"ENSG00000298997",544
"ENSG00000298998",442
"ENSG00000298999",731
"ENSG00000299000",1837
"ENSG00000299001",1681
"ENSG00000299002",641
"ENSG00000299003",500
"ENSG00000299004",991
"ENSG00000299005",284
"ENSG00000299006",264
"ENSG00000299007",1128
"ENSG00000299008",539
"ENSG00000299009",696
"ENSG00000299010",353
"ENSG00000299011",441
"ENSG00000299012",303
"ENSG00000299013",1295
"ENSG00000299014",516
"ENSG00000299015",1813
"ENSG00000299016",335
"ENSG00000299017",694
"ENSG00000299018",1196
"ENSG00000299019",1173
"ENSG00000299020",1314
"ENSG00000299021",366
"ENSG00000299022",1365
"ENSG00000299023",488
"ENSG00000299024",569
"ENSG00000299025",786
"ENSG00000299026",708
"ENSG00000299027",340
"ENSG00000299028",2067
"ENSG00000299029",3110
"ENSG00000299030",574
"ENSG00000299031",1661
"ENSG00000299032",1948
"ENSG00000299033",441
"ENSG00000299034",1675
"ENSG00000299035",821
"ENSG00000299036",764
"ENSG00000299037",519
"ENSG00000299038",385
"ENSG00000299039",1433
"ENSG00000299040",624
"ENSG00000299041",3462
"ENSG00000299042",576
"ENSG00000299043",1238
"ENSG00000299044",513
"ENSG00000299045",562
"ENSG00000299046",846
"ENSG00000299047",504
"ENSG00000299048",588
"ENSG00000299049",348
"ENSG00000299050",310
"ENSG00000299051",1443
"ENSG00000299052",3110
"ENSG00000299053",383
"ENSG00000299054",860
"ENSG00000299055",2221
"ENSG00000299056",971
"ENSG00000299057",628
"ENSG00000299058",375
"ENSG00000299059",542
"ENSG00000299060",650
"ENSG00000299061",377
"ENSG00000299062",2572
"ENSG00000299063",748
"ENSG00000299064",2943
"ENSG00000299065",378
"ENSG00000299066",676
"ENSG00000299067",694
"ENSG00000299068",552
"ENSG00000299069",3544
"ENSG00000299070",2031
"ENSG00000299071",997
"ENSG00000299072",1586
"ENSG00000299073",1016
"ENSG00000299074",566
"ENSG00000299075",1167
"ENSG00000299076",387
"ENSG00000299077",935
"ENSG00000299078",371
"ENSG00000299079",593
"ENSG00000299080",408
"ENSG00000299081",1976
"ENSG00000299082",2249
"ENSG00000299083",2462
"ENSG00000299084",423
"ENSG00000299085",714
"ENSG00000299086",603
"ENSG00000299087",466
"ENSG00000299088",1277
"ENSG00000299089",838
"ENSG00000299090",1551
"ENSG00000299091",624
"ENSG00000299092",1521
"ENSG00000299093",329
"ENSG00000299094",1342
"ENSG00000299095",517
"ENSG00000299096",451
"ENSG00000299097",800
"ENSG00000299098",674
"ENSG00000299099",425
"ENSG00000299100",695
"ENSG00000299101",209
"ENSG00000299102",1476
"ENSG00000299103",283
"ENSG00000299104",1077
"ENSG00000299105",488
"ENSG00000299106",1074
"ENSG00000299107",663
"ENSG00000299108",1666
"ENSG00000299109",789
"ENSG00000299110",1182
"ENSG00000299111",857
"ENSG00000299112",1219
"ENSG00000299113",122
"ENSG00000299114",862
"ENSG00000299115",432
"ENSG00000299116",1000
"ENSG00000299117",92
"ENSG00000299118",286
"ENSG00000299119",1033
"ENSG00000299120",830
"ENSG00000299121",520
"ENSG00000299122",775
"ENSG00000299123",800
"ENSG00000299124",556
"ENSG00000299125",482
"ENSG00000299126",749
"ENSG00000299127",245
"ENSG00000299128",846
"ENSG00000299129",1208
"ENSG00000299130",1147
"ENSG00000299131",1324
"ENSG00000299132",547
"ENSG00000299133",1501
"ENSG00000299134",1118
"ENSG00000299135",387
"ENSG00000299136",272
"ENSG00000299137",3491
"ENSG00000299138",148
"ENSG00000299139",958
"ENSG00000299140",1454
"ENSG00000299141",340
"ENSG00000299142",576
"ENSG00000299143",541
"ENSG00000299144",2530
"ENSG00000299145",805
"ENSG00000299146",1040
"ENSG00000299147",1575
"ENSG00000299148",483
"ENSG00000299149",624
"ENSG00000299150",2964
"ENSG00000299151",1001
"ENSG00000299152",358
"ENSG00000299153",344
"ENSG00000299154",1345
"ENSG00000299155",694
"ENSG00000299156",341
"ENSG00000299157",995
"ENSG00000299158",763
"ENSG00000299159",1578
"ENSG00000299160",281
"ENSG00000299161",569
"ENSG00000299162",383
"ENSG00000299163",662
"ENSG00000299164",2616
"ENSG00000299165",626
"ENSG00000299166",2944
"ENSG00000299167",634
"ENSG00000299168",1186
"ENSG00000299169",1807
"ENSG00000299170",336
"ENSG00000299171",970
"ENSG00000299172",557
"ENSG00000299173",572
"ENSG00000299174",284
"ENSG00000299175",763
"ENSG00000299176",1465
"ENSG00000299177",538
"ENSG00000299178",471
"ENSG00000299179",484
"ENSG00000299180",180
"ENSG00000299181",1749
"ENSG00000299182",332
"ENSG00000299183",364
"ENSG00000299184",836
"ENSG00000299185",2406
"ENSG00000299186",620
"ENSG00000299187",565
"ENSG00000299188",517
"ENSG00000299189",652
"ENSG00000299190",515
"ENSG00000299191",1409
"ENSG00000299192",956
"ENSG00000299193",920
"ENSG00000299194",744
"ENSG00000299195",449
"ENSG00000299196",807
"ENSG00000299197",1237
"ENSG00000299198",545
"ENSG00000299199",2288
"ENSG00000299200",1903
"ENSG00000299201",1902
"ENSG00000299202",1279
"ENSG00000299203",884
"ENSG00000299204",1859
"ENSG00000299205",921
"ENSG00000299206",2685
"ENSG00000299207",444
"ENSG00000299208",538
"ENSG00000299209",431
"ENSG00000299210",1933
"ENSG00000299211",975
"ENSG00000299212",1360
"ENSG00000299213",774
"ENSG00000299214",1317
"ENSG00000299215",1112
"ENSG00000299216",1666
"ENSG00000299217",649
"ENSG00000299218",1242
"ENSG00000299219",444
"ENSG00000299220",863
"ENSG00000299221",637
"ENSG00000299222",212
"ENSG00000299223",1573
"ENSG00000299224",375
"ENSG00000299225",580
"ENSG00000299226",516
"ENSG00000299227",1403
"ENSG00000299228",1867
"ENSG00000299229",378
"ENSG00000299230",897
"ENSG00000299231",1140
"ENSG00000299232",938
"ENSG00000299233",1293
"ENSG00000299234",1003
"ENSG00000299235",1436
"ENSG00000299236",1125
"ENSG00000299237",689
"ENSG00000299238",1235
"ENSG00000299239",443
"ENSG00000299240",1944
"ENSG00000299241",1251
"ENSG00000299242",1922
"ENSG00000299243",640
"ENSG00000299244",736
"ENSG00000299245",527
"ENSG00000299246",1543
"ENSG00000299247",517
"ENSG00000299248",467
"ENSG00000299249",2390
"ENSG00000299250",930
"ENSG00000299251",774
"ENSG00000299252",372
"ENSG00000299253",482
"ENSG00000299254",585
"ENSG00000299255",1101
"ENSG00000299256",1139
"ENSG00000299257",487
"ENSG00000299258",1002
"ENSG00000299259",410
"ENSG00000299260",725
"ENSG00000299261",593
"ENSG00000299262",420
"ENSG00000299263",745
"ENSG00000299264",1454
"ENSG00000299265",1240
"ENSG00000299266",650
"ENSG00000299267",633
"ENSG00000299268",438
"ENSG00000299269",349
"ENSG00000299270",725
"ENSG00000299271",413
"ENSG00000299272",1481
"ENSG00000299273",1250
"ENSG00000299274",920
"ENSG00000299275",316
"ENSG00000299276",676
"ENSG00000299277",397
"ENSG00000299278",1368
"ENSG00000299279",1405
"ENSG00000299280",1662
"ENSG00000299281",1199
"ENSG00000299282",841
"ENSG00000299283",346
"ENSG00000299284",881
"ENSG00000299285",422
"ENSG00000299286",356
"ENSG00000299287",581
"ENSG00000299288",1893
"ENSG00000299289",936
"ENSG00000299290",919
"ENSG00000299291",680
"ENSG00000299292",823
"ENSG00000299293",1144
"ENSG00000299294",1871
"ENSG00000299295",1477
"ENSG00000299296",526
"ENSG00000299297",2050
"ENSG00000299298",755
"ENSG00000299299",1182
"ENSG00000299300",1031
"ENSG00000299301",1701
"ENSG00000299302",805
"ENSG00000299303",489
"ENSG00000299304",1665
"ENSG00000299305",765
"ENSG00000299306",1227
"ENSG00000299307",2564
"ENSG00000299308",3490
"ENSG00000299309",736
"ENSG00000299310",405
"ENSG00000299311",446
"ENSG00000299312",939
"ENSG00000299313",585
"ENSG00000299314",1288
"ENSG00000299315",377
"ENSG00000299316",903
"ENSG00000299317",643
"ENSG00000299318",259
"ENSG00000299319",641
"ENSG00000299320",465
"ENSG00000299321",960
"ENSG00000299322",6431
"ENSG00000299323",532
"ENSG00000299324",1469
"ENSG00000299325",432
"ENSG00000299326",421
"ENSG00000299327",1325
"ENSG00000299328",1331
"ENSG00000299329",6499
"ENSG00000299330",3827
"ENSG00000299331",5265
"ENSG00000299332",2326
"ENSG00000299333",2530
"ENSG00000299334",467
"ENSG00000299335",3138
"ENSG00000299336",1532
"ENSG00000299337",356
"ENSG00000299338",770
"ENSG00000299339",5589
"ENSG00000299340",406
"ENSG00000299341",455
"ENSG00000299342",660
"ENSG00000299343",596
"ENSG00000299344",494
"ENSG00000299345",290
"ENSG00000299346",2541
"ENSG00000299347",2349
"ENSG00000299348",286
"ENSG00000299349",449
"ENSG00000299350",2695
"ENSG00000299351",353
"ENSG00000299352",1570
"ENSG00000299353",1456
"ENSG00000299354",1092
"ENSG00000299355",438
"ENSG00000299356",454
"ENSG00000299357",432
"ENSG00000299358",515
"ENSG00000299359",246
"ENSG00000299360",418
"ENSG00000299361",1481
"ENSG00000299362",234
"ENSG00000299363",888
"ENSG00000299364",230
"ENSG00000299365",668
"ENSG00000299366",2099
"ENSG00000299367",1584
"ENSG00000299368",876
"ENSG00000299369",502
"ENSG00000299370",1049
"ENSG00000299371",417
"ENSG00000299372",549
"ENSG00000299373",536
"ENSG00000299374",796
"ENSG00000299375",996
"ENSG00000299376",924
"ENSG00000299377",956
"ENSG00000299378",2059
"ENSG00000299379",1278
"ENSG00000299380",299
"ENSG00000299381",302
"ENSG00000299382",697
"ENSG00000299383",760
"ENSG00000299384",682
"ENSG00000299385",364
"ENSG00000299386",3512
"ENSG00000299387",426
"ENSG00000299388",1773
"ENSG00000299389",998
"ENSG00000299390",2258
"ENSG00000299391",821
"ENSG00000299392",1557
"ENSG00000299393",969
"ENSG00000299394",503
"ENSG00000299395",2099
"ENSG00000299396",266
"ENSG00000299397",328
"ENSG00000299398",1315
"ENSG00000299399",818
"ENSG00000299400",2696
"ENSG00000299401",1133
"ENSG00000299402",557
"ENSG00000299403",781
"ENSG00000299404",404
"ENSG00000299405",237
"ENSG00000299406",842
"ENSG00000299407",942
"ENSG00000299408",303
"ENSG00000299409",903
"ENSG00000299410",974
"ENSG00000299411",483
"ENSG00000299412",386
"ENSG00000299413",519
"ENSG00000299414",2327
"ENSG00000299415",694
"ENSG00000299416",533
"ENSG00000299417",1396
"ENSG00000299418",390
"ENSG00000299419",726
"ENSG00000299420",2795
"ENSG00000299421",438
"ENSG00000299422",1635
"ENSG00000299423",661
"ENSG00000299424",347
"ENSG00000299425",2251
"ENSG00000299426",879
"ENSG00000299427",644
"ENSG00000299428",3761
"ENSG00000299429",1805
"ENSG00000299430",957
"ENSG00000299431",730
"ENSG00000299432",842
"ENSG00000299433",472
"ENSG00000299434",558
"ENSG00000299435",370
"ENSG00000299436",280
"ENSG00000299437",463
"ENSG00000299438",600
"ENSG00000299439",1288
"ENSG00000299440",474
"ENSG00000299441",215
"ENSG00000299442",794
"ENSG00000299443",1043
"ENSG00000299444",1074
"ENSG00000299445",2354
"ENSG00000299446",595
"ENSG00000299447",1517
"ENSG00000299448",1469
"ENSG00000299449",419
"ENSG00000299450",1264
"ENSG00000299451",631
"ENSG00000299452",10143
"ENSG00000299453",1172
"ENSG00000299454",805
"ENSG00000299455",740
"ENSG00000299456",936
"ENSG00000299457",574
"ENSG00000299458",428
"ENSG00000299459",415
"ENSG00000299460",1252
"ENSG00000299461",977
"ENSG00000299462",1103
"ENSG00000299463",523
"ENSG00000299464",542
"ENSG00000299465",310
"ENSG00000299466",2810
"ENSG00000299467",447
"ENSG00000299468",746
"ENSG00000299469",665
"ENSG00000299470",570
"ENSG00000299471",562
"ENSG00000299472",882
"ENSG00000299473",1932
"ENSG00000299474",588
"ENSG00000299475",1022
"ENSG00000299476",398
"ENSG00000299477",1028
"ENSG00000299478",417
"ENSG00000299479",438
"ENSG00000299480",430
"ENSG00000299481",336
"ENSG00000299482",454
"ENSG00000299483",779
"ENSG00000299484",1666
"ENSG00000299485",1867
"ENSG00000299486",484
"ENSG00000299487",720
"ENSG00000299488",737
"ENSG00000299489",693
"ENSG00000299490",279
"ENSG00000299491",357
"ENSG00000299492",194
"ENSG00000299493",707
"ENSG00000299494",625
"ENSG00000299495",322
"ENSG00000299496",1212
"ENSG00000299497",844
"ENSG00000299498",5352
"ENSG00000299499",421
"ENSG00000299500",640
"ENSG00000299501",820
"ENSG00000299502",627
"ENSG00000299503",1518
"ENSG00000299504",298
"ENSG00000299505",721
"ENSG00000299506",1034
"ENSG00000299507",630
"ENSG00000299508",462
"ENSG00000299509",1151
"ENSG00000299510",742
"ENSG00000299511",578
"ENSG00000299512",451
"ENSG00000299513",2141
"ENSG00000299514",609
"ENSG00000299515",319
"ENSG00000299516",873
"ENSG00000299517",976
"ENSG00000299518",1532
"ENSG00000299519",450
"ENSG00000299520",345
"ENSG00000299521",976
"ENSG00000299522",575
"ENSG00000299523",694
"ENSG00000299524",1864
"ENSG00000299525",582
"ENSG00000299526",2822
"ENSG00000299527",708
"ENSG00000299528",420
"ENSG00000299529",692
"ENSG00000299530",531
"ENSG00000299531",1891
"ENSG00000299532",488
"ENSG00000299533",318
"ENSG00000299534",605
"ENSG00000299535",359
"ENSG00000299536",2255
"ENSG00000299537",1915
"ENSG00000299538",873
"ENSG00000299539",348
"ENSG00000299540",2744
"ENSG00000299541",894
"ENSG00000299542",468
"ENSG00000299543",1730
"ENSG00000299544",657
"ENSG00000299545",729
"ENSG00000299546",1052
"ENSG00000299547",894
"ENSG00000299548",1887
"ENSG00000299549",987
"ENSG00000299550",579
"ENSG00000299551",634
"ENSG00000299552",670
"ENSG00000299553",309
"ENSG00000299554",1971
"ENSG00000299555",1290
"ENSG00000299556",510
"ENSG00000299557",399
"ENSG00000299558",1483
"ENSG00000299559",1061
"ENSG00000299560",513
"ENSG00000299561",325
"ENSG00000299562",1346
"ENSG00000299563",565
"ENSG00000299564",622
"ENSG00000299565",272
"ENSG00000299566",367
"ENSG00000299567",373
"ENSG00000299568",842
"ENSG00000299569",806
"ENSG00000299570",1563
"ENSG00000299571",253
"ENSG00000299572",720
"ENSG00000299573",1169
"ENSG00000299574",451
"ENSG00000299575",567
"ENSG00000299576",1263
"ENSG00000299577",848
"ENSG00000299578",2189
"ENSG00000299579",1376
"ENSG00000299580",1651
"ENSG00000299581",1422
"ENSG00000299582",2106
"ENSG00000299583",710
"ENSG00000299584",927
"ENSG00000299585",905
"ENSG00000299586",551
"ENSG00000299587",383
"ENSG00000299588",1347
"ENSG00000299589",3486
"ENSG00000299590",1109
"ENSG00000299591",1967
"ENSG00000299592",639
"ENSG00000299593",614
"ENSG00000299594",412
"ENSG00000299595",3950
"ENSG00000299596",5818
"ENSG00000299597",2808
"ENSG00000299598",462
"ENSG00000299599",1248
"ENSG00000299600",598
"ENSG00000299601",1487
"ENSG00000299602",504
"ENSG00000299603",369
"ENSG00000299604",463
"ENSG00000299605",697
"ENSG00000299606",397
"ENSG00000299607",603
"ENSG00000299608",995
"ENSG00000299609",1452
"ENSG00000299610",329
"ENSG00000299611",1107
"ENSG00000299612",419
"ENSG00000299613",961
"ENSG00000299614",2070
"ENSG00000299615",389
"ENSG00000299616",919
"ENSG00000299617",572
"ENSG00000299618",321
"ENSG00000299619",405
"ENSG00000299620",1044
"ENSG00000299621",666
"ENSG00000299622",470
"ENSG00000299623",819
"ENSG00000299624",412
"ENSG00000299625",1307
"ENSG00000299626",726
"ENSG00000299627",316
"ENSG00000299628",573
"ENSG00000299629",389
"ENSG00000299630",393
"ENSG00000299631",565
"ENSG00000299632",939
"ENSG00000299633",546
"ENSG00000299634",760
"ENSG00000299635",3367
"ENSG00000299636",1305
"ENSG00000299637",636
"ENSG00000299638",970
"ENSG00000299639",907
"ENSG00000299640",614
"ENSG00000299641",664
"ENSG00000299642",3340
"ENSG00000299643",321
"ENSG00000299644",231
"ENSG00000299645",2643
"ENSG00000299646",2496
"ENSG00000299647",618
"ENSG00000299648",606
"ENSG00000299649",630
"ENSG00000299650",553
"ENSG00000299651",882
"ENSG00000299652",617
"ENSG00000299653",269
"ENSG00000299654",1564
"ENSG00000299655",594
"ENSG00000299656",1209
"ENSG00000299657",1694
"ENSG00000299658",558
"ENSG00000299659",395
"ENSG00000299660",260
"ENSG00000299661",700
"ENSG00000299662",2205
"ENSG00000299663",591
"ENSG00000299664",686
"ENSG00000299665",963
"ENSG00000299666",727
"ENSG00000299667",786
"ENSG00000299668",346
"ENSG00000299669",721
"ENSG00000299670",384
"ENSG00000299671",1756
"ENSG00000299672",665
"ENSG00000299673",1267
"ENSG00000299674",813
"ENSG00000299675",693
"ENSG00000299676",1662
"ENSG00000299677",2341
"ENSG00000299678",1132
"ENSG00000299679",1339
"ENSG00000299680",406
"ENSG00000299681",1493
"ENSG00000299682",656
"ENSG00000299683",999
"ENSG00000299684",290
"ENSG00000299685",1263
"ENSG00000299686",1968
"ENSG00000299687",1839
"ENSG00000299688",1011
"ENSG00000299689",1407
"ENSG00000299690",1127
"ENSG00000299691",711
"ENSG00000299692",1472
"ENSG00000299693",4112
"ENSG00000299694",1388
"ENSG00000299695",912
"ENSG00000299696",638
"ENSG00000299697",392
"ENSG00000299698",504
"ENSG00000299699",1309
"ENSG00000299700",2070
"ENSG00000299701",2669
"ENSG00000299702",403
"ENSG00000299703",2218
"ENSG00000299704",1238
"ENSG00000299705",429
"ENSG00000299706",876
"ENSG00000299707",700
"ENSG00000299708",1196
"ENSG00000299709",836
"ENSG00000299710",264
"ENSG00000299711",651
"ENSG00000299712",3987
"ENSG00000299713",682
"ENSG00000299714",420
"ENSG00000299715",841
"ENSG00000299716",744
"ENSG00000299717",432
"ENSG00000299718",1030
"ENSG00000299719",317
"ENSG00000299720",1158
"ENSG00000299721",928
"ENSG00000299722",1985
"ENSG00000299723",933
"ENSG00000299724",421
"ENSG00000299725",1673
"ENSG00000299726",411
"ENSG00000299727",589
"ENSG00000299728",376
"ENSG00000299729",292
"ENSG00000299730",623
"ENSG00000299731",540
"ENSG00000299732",1652
"ENSG00000299733",1273
"ENSG00000299734",1323
"ENSG00000299735",793
"ENSG00000299736",292
"ENSG00000299737",528
"ENSG00000299738",706
"ENSG00000299739",1747
"ENSG00000299740",414
"ENSG00000299741",580
"ENSG00000299742",2185
"ENSG00000299743",836
"ENSG00000299744",1469
"ENSG00000299745",1036
"ENSG00000299746",966
"ENSG00000299747",2764
"ENSG00000299748",405
"ENSG00000299749",501
"ENSG00000299750",405
"ENSG00000299751",1611
"ENSG00000299752",980
"ENSG00000299753",603
"ENSG00000299754",1026
"ENSG00000299755",444
"ENSG00000299756",581
"ENSG00000299757",737
"ENSG00000299758",631
"ENSG00000299759",472
"ENSG00000299760",567
"ENSG00000299761",600
"ENSG00000299762",928
"ENSG00000299763",518
"ENSG00000299764",498
"ENSG00000299765",300
"ENSG00000299766",943
"ENSG00000299767",1329
"ENSG00000299768",3855
"ENSG00000299769",1352
"ENSG00000299770",478
"ENSG00000299771",405
"ENSG00000299772",376
"ENSG00000299773",1543
"ENSG00000299774",615
"ENSG00000299775",632
"ENSG00000299776",766
"ENSG00000299777",1168
"ENSG00000299778",763
"ENSG00000299779",711
"ENSG00000299780",911
"ENSG00000299781",1694
"ENSG00000299782",1718
"ENSG00000299783",629
"ENSG00000299784",771
"ENSG00000299785",646
"ENSG00000299786",400
"ENSG00000299787",2181
"ENSG00000299788",559
"ENSG00000299789",823
"ENSG00000299790",1509
"ENSG00000299791",864
"ENSG00000299792",661
"ENSG00000299793",2029
"ENSG00000299794",439
"ENSG00000299795",1206
"ENSG00000299796",696
"ENSG00000299797",1261
"ENSG00000299798",568
"ENSG00000299799",482
"ENSG00000299800",545
"ENSG00000299801",335
"ENSG00000299802",898
"ENSG00000299803",404
"ENSG00000299804",1285
"ENSG00000299805",1513
"ENSG00000299806",1091
"ENSG00000299807",619
"ENSG00000299808",1281
"ENSG00000299809",1344
"ENSG00000299810",380
"ENSG00000299811",829
"ENSG00000299812",478
"ENSG00000299813",1601
"ENSG00000299814",730
"ENSG00000299815",555
"ENSG00000299816",1267
"ENSG00000299817",1082
"ENSG00000299818",1472
"ENSG00000299819",706
"ENSG00000299820",1700
"ENSG00000299821",1127
"ENSG00000299822",350
"ENSG00000299823",702
"ENSG00000299824",316
"ENSG00000299825",781
"ENSG00000299826",712
"ENSG00000299827",846
"ENSG00000299828",1098
"ENSG00000299829",2402
"ENSG00000299830",396
"ENSG00000299831",1358
"ENSG00000299832",685
"ENSG00000299833",826
"ENSG00000299834",1140
"ENSG00000299835",1600
"ENSG00000299836",1754
"ENSG00000299837",821
"ENSG00000299838",527
"ENSG00000299839",544
"ENSG00000299840",1159
"ENSG00000299841",1702
"ENSG00000299842",282
"ENSG00000299843",2143
"ENSG00000299844",321
"ENSG00000299845",1596
"ENSG00000299846",1165
"ENSG00000299847",310
"ENSG00000299848",825
"ENSG00000299849",493
"ENSG00000299850",655
"ENSG00000299851",2815
"ENSG00000299852",2684
"ENSG00000299853",553
"ENSG00000299854",547
"ENSG00000299855",716
"ENSG00000299856",444
"ENSG00000299857",402
"ENSG00000299858",352
"ENSG00000299859",519
"ENSG00000299860",646
"ENSG00000299861",480
"ENSG00000299862",1739
"ENSG00000299863",598
"ENSG00000299864",1032
"ENSG00000299865",780
"ENSG00000299866",367
"ENSG00000299867",813
"ENSG00000299868",522
"ENSG00000299869",1776
"ENSG00000299870",1565
"ENSG00000299871",2414
"ENSG00000299872",533
"ENSG00000299873",955
"ENSG00000299874",1013
"ENSG00000299875",486
"ENSG00000299876",612
"ENSG00000299877",631
"ENSG00000299878",344
"ENSG00000299879",1758
"ENSG00000299880",467
"ENSG00000299881",971
"ENSG00000299882",1113
"ENSG00000299883",1277
"ENSG00000299884",1119
"ENSG00000299885",845
"ENSG00000299886",388
"ENSG00000299887",924
"ENSG00000299888",1836
"ENSG00000299889",370
"ENSG00000299890",2643
"ENSG00000299891",1107
"ENSG00000299892",902
"ENSG00000299893",424
"ENSG00000299894",1303
"ENSG00000299895",257
"ENSG00000299896",931
"ENSG00000299897",3111
"ENSG00000299898",450
"ENSG00000299899",538
"ENSG00000299900",372
"ENSG00000299901",580
"ENSG00000299902",1533
"ENSG00000299903",1103
"ENSG00000299904",518
"ENSG00000299905",814
"ENSG00000299906",341
"ENSG00000299907",779
"ENSG00000299908",719
"ENSG00000299909",751
"ENSG00000299910",2003
"ENSG00000299911",566
"ENSG00000299912",1126
"ENSG00000299913",693
"ENSG00000299914",908
"ENSG00000299915",440
"ENSG00000299916",1746
"ENSG00000299917",406
"ENSG00000299918",112
"ENSG00000299919",874
"ENSG00000299920",683
"ENSG00000299921",1105
"ENSG00000299922",2076
"ENSG00000299923",1890
"ENSG00000299924",699
"ENSG00000299925",933
"ENSG00000299926",850
"ENSG00000299927",567
"ENSG00000299928",1071
"ENSG00000299929",402
"ENSG00000299930",411
"ENSG00000299931",2755
"ENSG00000299932",1504
"ENSG00000299933",694
"ENSG00000299934",646
"ENSG00000299935",927
"ENSG00000299936",636
"ENSG00000299937",1319
"ENSG00000299938",416
"ENSG00000299939",985
"ENSG00000299940",311
"ENSG00000299941",297
"ENSG00000299942",723
"ENSG00000299943",1654
"ENSG00000299944",1747
"ENSG00000299945",1107
"ENSG00000299946",1342
"ENSG00000299947",578
"ENSG00000299948",528
"ENSG00000299949",914
"ENSG00000299950",1237
"ENSG00000299951",403
"ENSG00000299952",1143
"ENSG00000299953",1962
"ENSG00000299954",2106
"ENSG00000299955",2357
"ENSG00000299956",976
"ENSG00000299957",444
"ENSG00000299958",2517
"ENSG00000299959",211
"ENSG00000299960",4088
"ENSG00000299961",107
"ENSG00000299962",1062
"ENSG00000299963",944
"ENSG00000299964",2252
"ENSG00000299965",649
"ENSG00000299966",628
"ENSG00000299967",1247
"ENSG00000299968",648
"ENSG00000299969",299
"ENSG00000299970",2182
"ENSG00000299971",1596
"ENSG00000299972",1304
"ENSG00000299973",2480
"ENSG00000299974",1505
"ENSG00000299975",383
"ENSG00000299976",949
"ENSG00000299977",911
"ENSG00000299978",600
"ENSG00000299979",432
"ENSG00000299980",714
"ENSG00000299981",1200
"ENSG00000299982",1394
"ENSG00000299983",1777
"ENSG00000299984",334
"ENSG00000299985",1167
"ENSG00000299986",302
"ENSG00000299987",442
"ENSG00000299988",815
"ENSG00000299989",328
"ENSG00000299990",2081
"ENSG00000299991",945
"ENSG00000299992",535
"ENSG00000299993",479
"ENSG00000299994",472
"ENSG00000299995",719
"ENSG00000299996",1481
"ENSG00000299997",3699
"ENSG00000299998",609
"ENSG00000299999",1022
"ENSG00000300000",950
"ENSG00000300001",825
"ENSG00000300002",652
"ENSG00000300003",1164
"ENSG00000300004",853
"ENSG00000300005",987
"ENSG00000300006",543
"ENSG00000300007",3385
"ENSG00000300008",873
"ENSG00000300009",1483
"ENSG00000300010",1080
"ENSG00000300011",431
"ENSG00000300012",927
"ENSG00000300013",303
"ENSG00000300014",3920
"ENSG00000300015",523
"ENSG00000300016",655
"ENSG00000300017",712
"ENSG00000300018",1870
"ENSG00000300019",1691
"ENSG00000300020",2216
"ENSG00000300021",575
"ENSG00000300022",16207
"ENSG00000300023",564
"ENSG00000300024",1581
"ENSG00000300025",2893
"ENSG00000300026",1769
"ENSG00000300027",909
"ENSG00000300028",701
"ENSG00000300029",526
"ENSG00000300030",731
"ENSG00000300031",1019
"ENSG00000300032",763
"ENSG00000300033",962
"ENSG00000300034",547
"ENSG00000300035",1582
"ENSG00000300036",1195
"ENSG00000300037",690
"ENSG00000300038",432
"ENSG00000300039",436
"ENSG00000300040",2319
"ENSG00000300041",254
"ENSG00000300042",1788
"ENSG00000300043",403
"ENSG00000300044",1024
"ENSG00000300045",1019
"ENSG00000300046",952
"ENSG00000300047",632
"ENSG00000300048",767
"ENSG00000300049",267
"ENSG00000300050",1735
"ENSG00000300051",7421
"ENSG00000300052",1536
"ENSG00000300053",886
"ENSG00000300054",368
"ENSG00000300055",1542
"ENSG00000300056",2030
"ENSG00000300057",464
"ENSG00000300058",967
"ENSG00000300059",1448
"ENSG00000300060",1696
"ENSG00000300061",1098
"ENSG00000300062",1069
"ENSG00000300063",2663
"ENSG00000300064",688
"ENSG00000300065",938
"ENSG00000300066",1123
"ENSG00000300067",620
"ENSG00000300068",1920
"ENSG00000300069",378
"ENSG00000300070",498
"ENSG00000300071",330
"ENSG00000300072",374
"ENSG00000300073",530
"ENSG00000300074",423
"ENSG00000300075",359
"ENSG00000300076",460
"ENSG00000300077",697
"ENSG00000300078",1302
"ENSG00000300079",345
"ENSG00000300080",536
"ENSG00000300081",731
"ENSG00000300082",682
"ENSG00000300083",1418
"ENSG00000300084",651
"ENSG00000300085",2145
"ENSG00000300086",399
"ENSG00000300087",658
"ENSG00000300088",482
"ENSG00000300089",482
"ENSG00000300090",314
"ENSG00000300091",308
"ENSG00000300092",277
"ENSG00000300093",1168
"ENSG00000300094",727
"ENSG00000300095",795
"ENSG00000300096",1163
"ENSG00000300097",1210
"ENSG00000300098",2175
"ENSG00000300099",1338
"ENSG00000300100",633
"ENSG00000300101",709
"ENSG00000300102",1885
"ENSG00000300103",1652
"ENSG00000300104",2211
"ENSG00000300105",584
"ENSG00000300106",1792
"ENSG00000300107",818
"ENSG00000300108",836
"ENSG00000300109",10558
"ENSG00000300110",1459
"ENSG00000300111",895
"ENSG00000300112",1113
"ENSG00000300113",154
"ENSG00000300114",2316
"ENSG00000300115",869
"ENSG00000300116",590
"ENSG00000300117",424
"ENSG00000300118",1276
"ENSG00000300119",1332
"ENSG00000300120",399
"ENSG00000300121",1254
"ENSG00000300122",342
"ENSG00000300123",545
"ENSG00000300124",734
"ENSG00000300125",472
"ENSG00000300126",2287
"ENSG00000300127",1962
"ENSG00000300128",1750
"ENSG00000300129",825
"ENSG00000300130",189
"ENSG00000300131",852
"ENSG00000300132",851
"ENSG00000300133",1355
"ENSG00000300134",337
"ENSG00000300135",940
"ENSG00000300136",1278
"ENSG00000300137",666
"ENSG00000300138",448
"ENSG00000300139",842
"ENSG00000300140",1675
"ENSG00000300141",2030
"ENSG00000300142",2760
"ENSG00000300143",769
"ENSG00000300144",569
"ENSG00000300145",1123
"ENSG00000300146",394
"ENSG00000300147",1184
"ENSG00000300148",1012
"ENSG00000300149",1268
"ENSG00000300150",3815
"ENSG00000300151",854
"ENSG00000300152",252
"ENSG00000300153",935
"ENSG00000300154",490
"ENSG00000300155",1532
"ENSG00000300156",581
"ENSG00000300157",602
"ENSG00000300158",1089
"ENSG00000300159",450
"ENSG00000300160",1817
"ENSG00000300161",615
"ENSG00000300162",433
"ENSG00000300163",412
"ENSG00000300164",1194
"ENSG00000300165",764
"ENSG00000300166",555
"ENSG00000300167",502
"ENSG00000300168",5854
"ENSG00000300169",991
"ENSG00000300170",605
"ENSG00000300171",701
"ENSG00000300172",579
"ENSG00000300173",695
"ENSG00000300174",1199
"ENSG00000300175",887
"ENSG00000300176",640
"ENSG00000300177",570
"ENSG00000300178",568
"ENSG00000300179",347
"ENSG00000300180",748
"ENSG00000300181",388
"ENSG00000300182",4055
"ENSG00000300183",298
"ENSG00000300184",1124
"ENSG00000300185",1293
"ENSG00000300186",831
"ENSG00000300187",313
"ENSG00000300188",543
"ENSG00000300189",727
"ENSG00000300190",969
"ENSG00000300191",3127
"ENSG00000300192",2492
"ENSG00000300193",691
"ENSG00000300194",922
"ENSG00000300195",807
"ENSG00000300196",431
"ENSG00000300197",912
"ENSG00000300198",726
"ENSG00000300199",2585
"ENSG00000300200",550
"ENSG00000300201",1277
"ENSG00000300202",2417
"ENSG00000300203",533
"ENSG00000300204",576
"ENSG00000300205",991
"ENSG00000300206",430
"ENSG00000300207",370
"ENSG00000300208",960
"ENSG00000300209",4183
"ENSG00000300210",1070
"ENSG00000300211",1859
"ENSG00000300212",1298
"ENSG00000300213",429
"ENSG00000300214",512
"ENSG00000300215",1112
"ENSG00000300216",995
"ENSG00000300217",594
"ENSG00000300218",515
"ENSG00000300219",463
"ENSG00000300220",1330
"ENSG00000300221",749
"ENSG00000300222",469
"ENSG00000300223",424
"ENSG00000300224",480
"ENSG00000300225",935
"ENSG00000300226",1313
"ENSG00000300227",506
"ENSG00000300228",762
"ENSG00000300229",2475
"ENSG00000300230",639
"ENSG00000300231",2305
"ENSG00000300232",248
"ENSG00000300233",601
"ENSG00000300234",653
"ENSG00000300235",1134
"ENSG00000300236",4041
"ENSG00000300237",753
"ENSG00000300238",234
"ENSG00000300239",543
"ENSG00000300240",772
"ENSG00000300241",586
"ENSG00000300242",3156
"ENSG00000300243",360
"ENSG00000300244",2045
"ENSG00000300245",758
"ENSG00000300246",1234
"ENSG00000300247",250
"ENSG00000300248",602
"ENSG00000300249",786
"ENSG00000300250",1582
"ENSG00000300251",2017
"ENSG00000300252",1391
"ENSG00000300253",620
"ENSG00000300254",1069
"ENSG00000300255",875
"ENSG00000300256",306
"ENSG00000300257",2142
"ENSG00000300258",1184
"ENSG00000300259",1043
"ENSG00000300260",1533
"ENSG00000300261",1963
"ENSG00000300262",791
"ENSG00000300263",1138
"ENSG00000300264",1073
"ENSG00000300265",460
"ENSG00000300266",2280
"ENSG00000300267",1006
"ENSG00000300268",519
"ENSG00000300269",215
"ENSG00000300270",1159
"ENSG00000300271",2106
"ENSG00000300272",830
"ENSG00000300273",2715
"ENSG00000300274",992
"ENSG00000300275",909
"ENSG00000300276",1006
"ENSG00000300277",434
"ENSG00000300278",566
"ENSG00000300279",1477
"ENSG00000300280",514
"ENSG00000300281",457
"ENSG00000300282",298
"ENSG00000300283",451
"ENSG00000300284",664
"ENSG00000300285",2906
"ENSG00000300286",734
"ENSG00000300287",1864
"ENSG00000300288",543
"ENSG00000300289",1055
"ENSG00000300290",618
"ENSG00000300291",377
"ENSG00000300292",854
"ENSG00000300293",1347
"ENSG00000300294",1806
"ENSG00000300295",673
"ENSG00000300296",834
"ENSG00000300297",1302
"ENSG00000300298",817
"ENSG00000300299",1466
"ENSG00000300300",627
"ENSG00000300301",1339
"ENSG00000300302",1109
"ENSG00000300303",910
"ENSG00000300304",748
"ENSG00000300305",434
"ENSG00000300306",750
"ENSG00000300307",811
"ENSG00000300308",490
"ENSG00000300309",4330
"ENSG00000300310",1151
"ENSG00000300311",606
"ENSG00000300312",1258
"ENSG00000300313",1200
"ENSG00000300314",686
"ENSG00000300315",2844
"ENSG00000300316",723
"ENSG00000300317",366
"ENSG00000300318",1319
"ENSG00000300319",427
"ENSG00000300320",451
"ENSG00000300321",1436
"ENSG00000300322",1967
"ENSG00000300323",523
"ENSG00000300324",248
"ENSG00000300325",1273
"ENSG00000300326",615
"ENSG00000300327",519
"ENSG00000300328",597
"ENSG00000300329",1357
"ENSG00000300330",4186
"ENSG00000300331",937
"ENSG00000300332",226
"ENSG00000300333",277
"ENSG00000300334",1347
"ENSG00000300335",660
"ENSG00000300336",1037
"ENSG00000300337",990
"ENSG00000300338",995
"ENSG00000300339",347
"ENSG00000300340",808
"ENSG00000300341",663
"ENSG00000300342",707
"ENSG00000300343",684
"ENSG00000300344",485
"ENSG00000300345",1156
"ENSG00000300346",428
"ENSG00000300347",625
"ENSG00000300348",406
"ENSG00000300349",510
"ENSG00000300350",866
"ENSG00000300351",415
"ENSG00000300352",276
"ENSG00000300353",1640
"ENSG00000300354",566
"ENSG00000300355",769
"ENSG00000300356",1624
"ENSG00000300357",833
"ENSG00000300358",468
"ENSG00000300359",1496
"ENSG00000300360",3455
"ENSG00000300361",997
"ENSG00000300362",702
"ENSG00000300363",1080
"ENSG00000300364",2640
"ENSG00000300365",1083
"ENSG00000300366",611
"ENSG00000300367",438
"ENSG00000300368",3721
"ENSG00000300369",1179
"ENSG00000300370",1060
"ENSG00000300371",1460
"ENSG00000300372",557
"ENSG00000300373",361
"ENSG00000300374",1162
"ENSG00000300375",864
"ENSG00000300376",696
"ENSG00000300377",585
"ENSG00000300378",2189
"ENSG00000300379",1007
"ENSG00000300380",2850
"ENSG00000300381",1106
"ENSG00000300382",459
"ENSG00000300383",1158
"ENSG00000300384",444
"ENSG00000300385",440
"ENSG00000300386",521
"ENSG00000300387",2199
"ENSG00000300388",1029
"ENSG00000300389",910
"ENSG00000300390",292
"ENSG00000300391",1649
"ENSG00000300392",662
"ENSG00000300393",581
"ENSG00000300394",329
"ENSG00000300395",1541
"ENSG00000300396",2569
"ENSG00000300397",651
"ENSG00000300398",563
"ENSG00000300399",4364
"ENSG00000300400",532
"ENSG00000300401",253
"ENSG00000300402",1335
"ENSG00000300403",1797
"ENSG00000300404",535
"ENSG00000300405",260
"ENSG00000300406",839
"ENSG00000300407",2303
"ENSG00000300408",327
"ENSG00000300409",203
"ENSG00000300410",2241
"ENSG00000300412",1267
"ENSG00000300413",190
"ENSG00000300414",812
"ENSG00000300415",716
"ENSG00000300416",505
"ENSG00000300417",278
"ENSG00000300418",1444
"ENSG00000300419",527
"ENSG00000300420",237
"ENSG00000300421",105
"ENSG00000300422",2277
"ENSG00000300423",376
"ENSG00000300424",2449
"ENSG00000300425",419
"ENSG00000300426",823
"ENSG00000300427",657
"ENSG00000300428",2035
"ENSG00000300429",568
"ENSG00000300430",5171
"ENSG00000300431",828
"ENSG00000300432",632
"ENSG00000300433",1740
"ENSG00000300434",528
"ENSG00000300435",326
"ENSG00000300436",769
"ENSG00000300437",474
"ENSG00000300438",326
"ENSG00000300439",406
"ENSG00000300440",406
"ENSG00000300441",1346
"ENSG00000300442",1095
"ENSG00000300443",870
"ENSG00000300444",288
"ENSG00000300445",334
"ENSG00000300446",1309
"ENSG00000300447",2002
"ENSG00000300448",645
"ENSG00000300449",668
"ENSG00000300450",484
"ENSG00000300451",731
"ENSG00000300452",393
"ENSG00000300453",925
"ENSG00000300454",1136
"ENSG00000300455",402
"ENSG00000300456",683
"ENSG00000300457",1219
"ENSG00000300458",585
"ENSG00000300459",1578
"ENSG00000300460",1530
"ENSG00000300461",1170
"ENSG00000300462",609
"ENSG00000300463",647
"ENSG00000300464",536
"ENSG00000300465",574
"ENSG00000300466",719
"ENSG00000300467",799
"ENSG00000300468",483
"ENSG00000300469",791
"ENSG00000300470",554
"ENSG00000300471",530
"ENSG00000300472",1766
"ENSG00000300473",409
"ENSG00000300474",1513
"ENSG00000300475",902
"ENSG00000300476",1167
"ENSG00000300477",918
"ENSG00000300478",438
"ENSG00000300479",2581
"ENSG00000300480",493
"ENSG00000300481",530
"ENSG00000300482",598
"ENSG00000300483",792
"ENSG00000300484",1607
"ENSG00000300485",440
"ENSG00000300486",565
"ENSG00000300487",2277
"ENSG00000300488",852
"ENSG00000300489",403
"ENSG00000300490",1259
"ENSG00000300491",1466
"ENSG00000300492",845
"ENSG00000300493",726
"ENSG00000300494",700
"ENSG00000300495",1839
"ENSG00000300496",3907
"ENSG00000300497",943
"ENSG00000300498",451
"ENSG00000300499",269
"ENSG00000300500",786
"ENSG00000300501",549
"ENSG00000300502",1584
"ENSG00000300503",447
"ENSG00000300504",829
"ENSG00000300505",377
"ENSG00000300506",2133
"ENSG00000300507",2198
"ENSG00000300508",1512
"ENSG00000300509",1115
"ENSG00000300510",1543
"ENSG00000300511",818
"ENSG00000300512",441
"ENSG00000300513",1327
"ENSG00000300514",1587
"ENSG00000300515",1908
"ENSG00000300516",402
"ENSG00000300517",1546
"ENSG00000300518",1800
"ENSG00000300519",1062
"ENSG00000300520",378
"ENSG00000300521",877
"ENSG00000300522",2158
"ENSG00000300523",1370
"ENSG00000300524",880
"ENSG00000300525",1659
"ENSG00000300526",626
"ENSG00000300527",997
"ENSG00000300528",654
"ENSG00000300529",526
"ENSG00000300530",1062
"ENSG00000300531",904
"ENSG00000300532",924
"ENSG00000300533",712
"ENSG00000300534",2671
"ENSG00000300535",564
"ENSG00000300536",1104
"ENSG00000300537",447
"ENSG00000300538",954
"ENSG00000300539",878
"ENSG00000300540",508
"ENSG00000300541",1227
"ENSG00000300542",996
"ENSG00000300543",561
"ENSG00000300544",702
"ENSG00000300545",1484
"ENSG00000300546",857
"ENSG00000300547",2694
"ENSG00000300548",1621
"ENSG00000300549",1641
"ENSG00000300550",728
"ENSG00000300551",415
"ENSG00000300552",124
"ENSG00000300553",724
"ENSG00000300554",813
"ENSG00000300555",1148
"ENSG00000300556",746
"ENSG00000300557",1120
"ENSG00000300558",2719
"ENSG00000300559",2128
"ENSG00000300560",593
"ENSG00000300561",558
"ENSG00000300562",637
"ENSG00000300563",2139
"ENSG00000300564",1229
"ENSG00000300565",2121
"ENSG00000300566",575
"ENSG00000300567",1022
"ENSG00000300568",1860
"ENSG00000300569",570
"ENSG00000300570",380
"ENSG00000300571",1425
"ENSG00000300572",1161
"ENSG00000300573",646
"ENSG00000300574",1605
"ENSG00000300575",391
"ENSG00000300576",990
"ENSG00000300577",1368
"ENSG00000300578",1384
"ENSG00000300579",664
"ENSG00000300580",2499
"ENSG00000300581",799
"ENSG00000300582",1015
"ENSG00000300583",619
"ENSG00000300584",911
"ENSG00000300585",2524
"ENSG00000300586",836
"ENSG00000300587",392
"ENSG00000300588",390
"ENSG00000300589",1111
"ENSG00000300590",1616
"ENSG00000300591",1176
"ENSG00000300592",2226
"ENSG00000300593",636
"ENSG00000300594",411
"ENSG00000300595",696
"ENSG00000300596",2179
"ENSG00000300597",345
"ENSG00000300598",818
"ENSG00000300599",3462
"ENSG00000300600",1148
"ENSG00000300601",857
"ENSG00000300602",1288
"ENSG00000300603",472
"ENSG00000300604",358
"ENSG00000300605",911
"ENSG00000300606",317
"ENSG00000300607",1271
"ENSG00000300608",1771
"ENSG00000300609",1671
"ENSG00000300610",833
"ENSG00000300611",697
"ENSG00000300612",4269
"ENSG00000300613",812
"ENSG00000300614",1989
"ENSG00000300615",1253
"ENSG00000300616",409
"ENSG00000300617",947
"ENSG00000300619",286
"ENSG00000300620",697
"ENSG00000300621",1676
"ENSG00000300622",694
"ENSG00000300623",285
"ENSG00000300624",1264
"ENSG00000300625",1980
"ENSG00000300626",439
"ENSG00000300627",1367
"ENSG00000300628",642
"ENSG00000300629",299
"ENSG00000300630",5718
"ENSG00000300631",454
"ENSG00000300632",445
"ENSG00000300633",1326
"ENSG00000300634",1275
"ENSG00000300635",504
"ENSG00000300636",1014
"ENSG00000300637",1388
"ENSG00000300638",277
"ENSG00000300640",1463
"ENSG00000300641",1637
"ENSG00000300642",1524
"ENSG00000300643",592
"ENSG00000300644",513
"ENSG00000300645",247
"ENSG00000300646",807
"ENSG00000300647",1156
"ENSG00000300648",390
"ENSG00000300649",1196
"ENSG00000300650",1997
"ENSG00000300651",697
"ENSG00000300652",1090
"ENSG00000300653",435
"ENSG00000300654",1139
"ENSG00000300655",814
"ENSG00000300657",563
"ENSG00000300658",361
"ENSG00000300659",318
"ENSG00000300660",758
"ENSG00000300661",1787
"ENSG00000300662",1025
"ENSG00000300663",2190
"ENSG00000300664",283
"ENSG00000300665",1117
"ENSG00000300666",719
"ENSG00000300667",1333
"ENSG00000300668",1088
"ENSG00000300669",1186
"ENSG00000300670",1574
"ENSG00000300671",750
"ENSG00000300672",717
"ENSG00000300673",496
"ENSG00000300674",381
"ENSG00000300675",487
"ENSG00000300676",1236
"ENSG00000300677",2501
"ENSG00000300678",1732
"ENSG00000300679",352
"ENSG00000300680",449
"ENSG00000300681",694
"ENSG00000300682",2411
"ENSG00000300683",304
"ENSG00000300684",1000
"ENSG00000300685",923
"ENSG00000300686",3213
"ENSG00000300687",1119
"ENSG00000300688",1280
"ENSG00000300689",3023
"ENSG00000300690",588
"ENSG00000300691",447
"ENSG00000300692",770
"ENSG00000300693",2544
"ENSG00000300694",1818
"ENSG00000300695",1974
"ENSG00000300696",843
"ENSG00000300697",297
"ENSG00000300698",942
"ENSG00000300699",331
"ENSG00000300700",1006
"ENSG00000300701",242
"ENSG00000300702",356
"ENSG00000300703",447
"ENSG00000300704",691
"ENSG00000300705",677
"ENSG00000300706",1742
"ENSG00000300707",1070
"ENSG00000300708",2041
"ENSG00000300709",565
"ENSG00000300710",810
"ENSG00000300711",767
"ENSG00000300712",642
"ENSG00000300713",279
"ENSG00000300714",808
"ENSG00000300715",388
"ENSG00000300716",265
"ENSG00000300717",545
"ENSG00000300718",376
"ENSG00000300719",1047
"ENSG00000300720",413
"ENSG00000300721",1106
"ENSG00000300722",579
"ENSG00000300723",334
"ENSG00000300724",500
"ENSG00000300725",1063
"ENSG00000300726",941
"ENSG00000300727",368
"ENSG00000300728",2371
"ENSG00000300729",320
"ENSG00000300730",872
"ENSG00000300731",331
"ENSG00000300732",486
"ENSG00000300733",561
"ENSG00000300734",282
"ENSG00000300735",840
"ENSG00000300736",1239
"ENSG00000300737",491
"ENSG00000300738",653
"ENSG00000300739",698
"ENSG00000300740",568
"ENSG00000300741",397
"ENSG00000300742",940
"ENSG00000300743",517
"ENSG00000300744",482
"ENSG00000300745",1295
"ENSG00000300746",534
"ENSG00000300747",436
"ENSG00000300748",379
"ENSG00000300749",1363
"ENSG00000300750",1047
"ENSG00000300751",1199
"ENSG00000300752",1340
"ENSG00000300753",1205
"ENSG00000300754",1115
"ENSG00000300755",484
"ENSG00000300756",360
"ENSG00000300757",835
"ENSG00000300758",1382
"ENSG00000300759",721
"ENSG00000300760",424
"ENSG00000300761",402
"ENSG00000300762",1344
"ENSG00000300763",861
"ENSG00000300764",946
"ENSG00000300765",556
"ENSG00000300766",736
"ENSG00000300767",887
"ENSG00000300768",466
"ENSG00000300769",196
"ENSG00000300770",1315
"ENSG00000300771",1405
"ENSG00000300772",259
"ENSG00000300773",1182
"ENSG00000300774",664
"ENSG00000300775",1235
"ENSG00000300776",2013
"ENSG00000300777",540
"ENSG00000300778",518
"ENSG00000300779",409
"ENSG00000300780",2435
"ENSG00000300781",3514
"ENSG00000300782",351
"ENSG00000300783",3377
"ENSG00000300784",325
"ENSG00000300785",573
"ENSG00000300786",204
"ENSG00000300787",1655
"ENSG00000300788",529
"ENSG00000300789",1166
"ENSG00000300790",592
"ENSG00000300791",733
"ENSG00000300792",902
"ENSG00000300793",643
"ENSG00000300794",493
"ENSG00000300795",369
"ENSG00000300796",440
"ENSG00000300797",575
"ENSG00000300798",985
"ENSG00000300799",516
"ENSG00000300800",2100
"ENSG00000300801",1361
"ENSG00000300802",903
"ENSG00000300803",772
"ENSG00000300804",1671
"ENSG00000300805",847
"ENSG00000300806",756
"ENSG00000300807",1119
"ENSG00000300808",1708
"ENSG00000300809",872
"ENSG00000300810",360
"ENSG00000300811",3784
"ENSG00000300812",754
"ENSG00000300813",854
"ENSG00000300814",553
"ENSG00000300815",715
"ENSG00000300816",1634
"ENSG00000300817",287
"ENSG00000300818",242
"ENSG00000300819",1995
"ENSG00000300820",1356
"ENSG00000300821",398
"ENSG00000300822",4088
"ENSG00000300823",610
"ENSG00000300824",473
"ENSG00000300825",265
"ENSG00000300826",758
"ENSG00000300827",1956
"ENSG00000300828",466
"ENSG00000300829",1188
"ENSG00000300830",561
"ENSG00000300831",1481
"ENSG00000300832",662
"ENSG00000300833",341
"ENSG00000300834",800
"ENSG00000300835",1252
"ENSG00000300836",659
"ENSG00000300837",793
"ENSG00000300838",1527
"ENSG00000300839",641
"ENSG00000300840",718
"ENSG00000300841",787
"ENSG00000300842",1532
"ENSG00000300843",1050
"ENSG00000300844",1046
"ENSG00000300845",968
"ENSG00000300846",542
"ENSG00000300847",831
"ENSG00000300848",926
"ENSG00000300849",1472
"ENSG00000300850",483
"ENSG00000300851",696
"ENSG00000300852",555
"ENSG00000300853",1861
"ENSG00000300854",635
"ENSG00000300855",421
"ENSG00000300856",659
"ENSG00000300857",1323
"ENSG00000300858",1752
"ENSG00000300859",769
"ENSG00000300860",1159
"ENSG00000300861",464
"ENSG00000300862",1101
"ENSG00000300863",468
"ENSG00000300864",901
"ENSG00000300865",167
"ENSG00000300866",637
"ENSG00000300867",1687
"ENSG00000300868",1010
"ENSG00000300869",625
"ENSG00000300870",316
"ENSG00000300871",762
"ENSG00000300872",669
"ENSG00000300873",938
"ENSG00000300874",649
"ENSG00000300875",1047
"ENSG00000300876",472
"ENSG00000300877",636
"ENSG00000300878",994
"ENSG00000300879",411
"ENSG00000300880",279
"ENSG00000300881",604
"ENSG00000300882",539
"ENSG00000300883",322
"ENSG00000300884",1714
"ENSG00000300885",2381
"ENSG00000300886",661
"ENSG00000300887",1444
"ENSG00000300888",866
"ENSG00000300889",1039
"ENSG00000300890",355
"ENSG00000300891",872
"ENSG00000300892",353
"ENSG00000300893",276
"ENSG00000300894",780
"ENSG00000300895",3680
"ENSG00000300896",226
"ENSG00000300897",853
"ENSG00000300898",2919
"ENSG00000300899",1432
"ENSG00000300900",759
"ENSG00000300901",2467
"ENSG00000300902",7152
"ENSG00000300903",797
"ENSG00000300904",1231
"ENSG00000300905",505
"ENSG00000300906",1388
"ENSG00000300907",979
"ENSG00000300908",888
"ENSG00000300909",850
"ENSG00000300910",1435
"ENSG00000300911",436
"ENSG00000300912",422
"ENSG00000300913",1037
"ENSG00000300914",558
"ENSG00000300915",265
"ENSG00000300916",1850
"ENSG00000300917",692
"ENSG00000300918",1039
"ENSG00000300920",360
"ENSG00000300921",1070
"ENSG00000300922",604
"ENSG00000300923",997
"ENSG00000300924",581
"ENSG00000300925",2252
"ENSG00000300926",550
"ENSG00000300927",409
"ENSG00000300928",984
"ENSG00000300929",301
"ENSG00000300930",540
"ENSG00000300931",1635
"ENSG00000300932",788
"ENSG00000300933",741
"ENSG00000300934",961
"ENSG00000300935",1008
"ENSG00000300936",523
"ENSG00000300937",951
"ENSG00000300938",874
"ENSG00000300939",2425
"ENSG00000300940",536
"ENSG00000300941",285
"ENSG00000300942",287
"ENSG00000300943",2192
"ENSG00000300944",405
"ENSG00000300945",363
"ENSG00000300946",2410
"ENSG00000300947",1046
"ENSG00000300948",1188
"ENSG00000300949",688
"ENSG00000300950",1605
"ENSG00000300951",625
"ENSG00000300952",1195
"ENSG00000300953",457
"ENSG00000300954",475
"ENSG00000300955",1072
"ENSG00000300956",955
"ENSG00000300957",2259
"ENSG00000300958",328
"ENSG00000300959",741
"ENSG00000300960",709
"ENSG00000300961",906
"ENSG00000300962",625
"ENSG00000300963",375
"ENSG00000300964",368
"ENSG00000300965",544
"ENSG00000300966",2177
"ENSG00000300967",786
"ENSG00000300968",959
"ENSG00000300969",795
"ENSG00000300970",712
"ENSG00000300971",1261
"ENSG00000300972",647
"ENSG00000300973",976
"ENSG00000300974",475
"ENSG00000300975",1928
"ENSG00000300976",559
"ENSG00000300977",563
"ENSG00000300978",312
"ENSG00000300979",1845
"ENSG00000300980",298
"ENSG00000300981",264
"ENSG00000300982",772
"ENSG00000300983",594
"ENSG00000300984",701
"ENSG00000300985",564
"ENSG00000300986",1327
"ENSG00000300987",1388
"ENSG00000300988",1505
"ENSG00000300989",771
"ENSG00000300990",722
"ENSG00000300991",477
"ENSG00000300992",1834
"ENSG00000300993",1018
"ENSG00000300994",638
"ENSG00000300995",641
"ENSG00000300996",307
"ENSG00000300997",398
"ENSG00000300998",643
"ENSG00000300999",684
"ENSG00000301000",2392
"ENSG00000301001",526
"ENSG00000301002",764
"ENSG00000301003",414
"ENSG00000301004",723
"ENSG00000301005",467
"ENSG00000301006",1650
"ENSG00000301007",364
"ENSG00000301008",1083
"ENSG00000301009",750
"ENSG00000301010",1560
"ENSG00000301011",348
"ENSG00000301012",3275
"ENSG00000301013",1384
"ENSG00000301014",484
"ENSG00000301015",705
"ENSG00000301016",1011
"ENSG00000301017",2243
"ENSG00000301018",1517
"ENSG00000301019",2028
"ENSG00000301020",1770
"ENSG00000301021",1133
"ENSG00000301022",447
"ENSG00000301023",353
"ENSG00000301024",750
"ENSG00000301025",540
"ENSG00000301026",1389
"ENSG00000301027",694
"ENSG00000301028",692
"ENSG00000301029",957
"ENSG00000301030",521
"ENSG00000301031",1055
"ENSG00000301032",861
"ENSG00000301033",1700
"ENSG00000301034",1536
"ENSG00000301035",653
"ENSG00000301036",1279
"ENSG00000301037",2620
"ENSG00000301038",1774
"ENSG00000301039",1749
"ENSG00000301040",570
"ENSG00000301041",1379
"ENSG00000301042",1091
"ENSG00000301043",762
"ENSG00000301044",352
"ENSG00000301045",427
"ENSG00000301046",917
"ENSG00000301047",189
"ENSG00000301048",1746
"ENSG00000301049",779
"ENSG00000301050",402
"ENSG00000301051",1109
"ENSG00000301052",519
"ENSG00000301053",1995
"ENSG00000301054",1732
"ENSG00000301055",1002
"ENSG00000301056",4401
"ENSG00000301057",665
"ENSG00000301058",685
"ENSG00000301059",798
"ENSG00000301061",480
"ENSG00000301062",1109
"ENSG00000301063",442
"ENSG00000301064",547
"ENSG00000301065",495
"ENSG00000301066",556
"ENSG00000301067",368
"ENSG00000301068",1941
"ENSG00000301069",1711
"ENSG00000301070",799
"ENSG00000301071",500
"ENSG00000301072",514
"ENSG00000301073",474
"ENSG00000301074",858
"ENSG00000301075",333
"ENSG00000301076",709
"ENSG00000301077",460
"ENSG00000301078",442
"ENSG00000301079",994
"ENSG00000301080",546
"ENSG00000301081",1824
"ENSG00000301082",487
"ENSG00000301083",2790
"ENSG00000301084",259
"ENSG00000301085",1559
"ENSG00000301086",285
"ENSG00000301087",681
"ENSG00000301088",1666
"ENSG00000301089",758
"ENSG00000301090",751
"ENSG00000301091",805
"ENSG00000301092",1864
"ENSG00000301093",1225
"ENSG00000301094",1103
"ENSG00000301095",560
"ENSG00000301096",1716
"ENSG00000301098",619
"ENSG00000301099",265
"ENSG00000301100",896
"ENSG00000301101",764
"ENSG00000301102",1737
"ENSG00000301103",722
"ENSG00000301104",256
"ENSG00000301105",2157
"ENSG00000301106",1675
"ENSG00000301107",406
"ENSG00000301108",332
"ENSG00000301109",3204
"ENSG00000301110",681
"ENSG00000301111",494
"ENSG00000301112",619
"ENSG00000301113",1343
"ENSG00000301114",1785
"ENSG00000301115",556
"ENSG00000301116",765
"ENSG00000301117",1645
"ENSG00000301119",1226
"ENSG00000301120",561
"ENSG00000301121",1651
"ENSG00000301122",1467
"ENSG00000301123",2608
"ENSG00000301124",471
"ENSG00000301125",895
"ENSG00000301126",1219
"ENSG00000301127",583
"ENSG00000301128",1544
"ENSG00000301129",376
"ENSG00000301130",485
"ENSG00000301131",1393
"ENSG00000301132",481
"ENSG00000301133",166
"ENSG00000301134",1684
"ENSG00000301135",314
"ENSG00000301136",920
"ENSG00000301137",1465
"ENSG00000301139",1449
"ENSG00000301140",176
"ENSG00000301141",548
"ENSG00000301142",265
"ENSG00000301143",974
"ENSG00000301144",448
"ENSG00000301145",820
"ENSG00000301146",741
"ENSG00000301147",4811
"ENSG00000301148",2334
"ENSG00000301149",461
"ENSG00000301150",531
"ENSG00000301151",1109
"ENSG00000301152",906
"ENSG00000301153",257
"ENSG00000301154",850
"ENSG00000301155",1144
"ENSG00000301156",2521
"ENSG00000301157",448
"ENSG00000301158",3425
"ENSG00000301159",1260
"ENSG00000301160",2060
"ENSG00000301161",488
"ENSG00000301163",882
"ENSG00000301164",299
"ENSG00000301165",613
"ENSG00000301166",226
"ENSG00000301167",661
"ENSG00000301168",852
"ENSG00000301169",484
"ENSG00000301170",1257
"ENSG00000301171",438
"ENSG00000301172",878
"ENSG00000301173",1754
"ENSG00000301174",1046
"ENSG00000301175",2837
"ENSG00000301176",515
"ENSG00000301177",2439
"ENSG00000301178",681
"ENSG00000301179",2125
"ENSG00000301181",917
"ENSG00000301182",916
"ENSG00000301183",668
"ENSG00000301184",473
"ENSG00000301185",392
"ENSG00000301186",1878
"ENSG00000301187",792
"ENSG00000301188",724
"ENSG00000301189",1750
"ENSG00000301190",2663
"ENSG00000301192",179
"ENSG00000301193",2023
"ENSG00000301194",464
"ENSG00000301195",153
"ENSG00000301196",362
"ENSG00000301197",819
"ENSG00000301198",1853
"ENSG00000301199",495
"ENSG00000301200",1832
"ENSG00000301201",2024
"ENSG00000301202",910
"ENSG00000301203",1603
"ENSG00000301204",851
"ENSG00000301205",493
"ENSG00000301207",1253
"ENSG00000301208",736
"ENSG00000301209",657
"ENSG00000301210",983
"ENSG00000301211",276
"ENSG00000301212",2908
"ENSG00000301213",2226
"ENSG00000301214",3031
"ENSG00000301215",433
"ENSG00000301216",328
"ENSG00000301217",950
"ENSG00000301218",871
"ENSG00000301219",1202
"ENSG00000301220",249
"ENSG00000301221",1103
"ENSG00000301222",386
"ENSG00000301223",413
"ENSG00000301224",3773
"ENSG00000301225",626
"ENSG00000301226",560
"ENSG00000301227",591
"ENSG00000301228",617
"ENSG00000301229",424
"ENSG00000301230",3312
"ENSG00000301231",1035
"ENSG00000301232",1093
"ENSG00000301233",345
"ENSG00000301234",344
"ENSG00000301235",772
"ENSG00000301236",1265
"ENSG00000301237",2763
"ENSG00000301238",993
"ENSG00000301239",415
"ENSG00000301240",805
"ENSG00000301241",1029
"ENSG00000301242",921
"ENSG00000301243",544
"ENSG00000301244",169
"ENSG00000301245",718
"ENSG00000301246",402
"ENSG00000301247",377
"ENSG00000301248",452
"ENSG00000301249",1238
"ENSG00000301250",538
"ENSG00000301251",578
"ENSG00000301252",712
"ENSG00000301253",368
"ENSG00000301254",1397
"ENSG00000301255",439
"ENSG00000301256",1593
"ENSG00000301257",608
"ENSG00000301258",779
"ENSG00000301259",683
"ENSG00000301260",453
"ENSG00000301261",1086
"ENSG00000301262",567
"ENSG00000301263",611
"ENSG00000301264",1484
"ENSG00000301265",1511
"ENSG00000301266",420
"ENSG00000301267",1580
"ENSG00000301268",446
"ENSG00000301269",811
"ENSG00000301270",436
"ENSG00000301271",344
"ENSG00000301272",731
"ENSG00000301273",604
"ENSG00000301274",594
"ENSG00000301275",405
"ENSG00000301276",1066
"ENSG00000301277",433
"ENSG00000301278",366
"ENSG00000301279",816
"ENSG00000301280",363
"ENSG00000301281",372
"ENSG00000301282",887
"ENSG00000301283",998
"ENSG00000301284",298
"ENSG00000301285",794
"ENSG00000301286",892
"ENSG00000301287",453
"ENSG00000301288",1121
"ENSG00000301289",505
"ENSG00000301290",482
"ENSG00000301291",861
"ENSG00000301292",743
"ENSG00000301293",1262
"ENSG00000301294",380
"ENSG00000301295",1372
"ENSG00000301296",1339
"ENSG00000301297",499
"ENSG00000301298",478
"ENSG00000301299",473
"ENSG00000301300",821
"ENSG00000301301",515
"ENSG00000301302",773
"ENSG00000301303",602
"ENSG00000301304",724
"ENSG00000301305",431
"ENSG00000301306",765
"ENSG00000301307",254
"ENSG00000301308",2387
"ENSG00000301309",368
"ENSG00000301310",1246
"ENSG00000301311",646
"ENSG00000301312",347
"ENSG00000301313",902
"ENSG00000301314",929
"ENSG00000301315",441
"ENSG00000301316",1013
"ENSG00000301317",323
"ENSG00000301318",1589
"ENSG00000301319",300
"ENSG00000301320",401
"ENSG00000301321",4826
"ENSG00000301322",720
"ENSG00000301323",637
"ENSG00000301324",1124
"ENSG00000301325",1634
"ENSG00000301326",508
"ENSG00000301327",788
"ENSG00000301328",593
"ENSG00000301329",968
"ENSG00000301330",1150
"ENSG00000301331",502
"ENSG00000301332",357
"ENSG00000301333",818
"ENSG00000301334",2866
"ENSG00000301335",384
"ENSG00000301336",1184
"ENSG00000301337",577
"ENSG00000301338",604
"ENSG00000301339",408
"ENSG00000301340",2418
"ENSG00000301341",1875
"ENSG00000301342",3105
"ENSG00000301343",283
"ENSG00000301344",674
"ENSG00000301345",262
"ENSG00000301346",1613
"ENSG00000301347",1778
"ENSG00000301348",2112
"ENSG00000301349",855
"ENSG00000301350",782
"ENSG00000301351",1311
"ENSG00000301352",690
"ENSG00000301353",594
"ENSG00000301354",1557
"ENSG00000301355",621
"ENSG00000301356",1380
"ENSG00000301357",3623
"ENSG00000301358",1181
"ENSG00000301359",393
"ENSG00000301360",504
"ENSG00000301361",425
"ENSG00000301362",1054
"ENSG00000301363",5162
"ENSG00000301364",357
"ENSG00000301365",1244
"ENSG00000301366",789
"ENSG00000301367",976
"ENSG00000301368",471
"ENSG00000301369",3013
"ENSG00000301370",430
"ENSG00000301371",494
"ENSG00000301372",906
"ENSG00000301373",2031
"ENSG00000301374",1599
"ENSG00000301375",380
"ENSG00000301376",1804
"ENSG00000301377",777
"ENSG00000301378",765
"ENSG00000301379",817
"ENSG00000301380",605
"ENSG00000301381",941
"ENSG00000301382",1778
"ENSG00000301383",1301
"ENSG00000301384",452
"ENSG00000301385",897
"ENSG00000301386",929
"ENSG00000301387",321
"ENSG00000301388",550
"ENSG00000301389",653
"ENSG00000301390",477
"ENSG00000301391",702
"ENSG00000301392",893
"ENSG00000301393",1441
"ENSG00000301394",2859
"ENSG00000301395",543
"ENSG00000301396",1113
"ENSG00000301397",669
"ENSG00000301398",522
"ENSG00000301399",1090
"ENSG00000301400",2309
"ENSG00000301401",818
"ENSG00000301402",1109
"ENSG00000301403",1477
"ENSG00000301404",967
"ENSG00000301405",385
"ENSG00000301406",1315
"ENSG00000301407",1079
"ENSG00000301408",1340
"ENSG00000301409",644
"ENSG00000301410",1258
"ENSG00000301411",1954
"ENSG00000301412",481
"ENSG00000301413",518
"ENSG00000301414",527
"ENSG00000301415",683
"ENSG00000301416",964
"ENSG00000301417",296
"ENSG00000301418",1014
"ENSG00000301419",1412
"ENSG00000301420",1109
"ENSG00000301421",920
"ENSG00000301422",1695
"ENSG00000301423",484
"ENSG00000301424",752
"ENSG00000301425",1327
"ENSG00000301426",418
"ENSG00000301427",1194
"ENSG00000301428",1041
"ENSG00000301429",3107
"ENSG00000301430",979
"ENSG00000301431",1851
"ENSG00000301432",622
"ENSG00000301433",301
"ENSG00000301434",2164
"ENSG00000301435",455
"ENSG00000301436",919
"ENSG00000301437",455
"ENSG00000301438",644
"ENSG00000301439",1980
"ENSG00000301440",367
"ENSG00000301441",1073
"ENSG00000301442",658
"ENSG00000301443",731
"ENSG00000301444",270
"ENSG00000301445",291
"ENSG00000301446",595
"ENSG00000301447",810
"ENSG00000301448",2943
"ENSG00000301449",1144
"ENSG00000301450",3300
"ENSG00000301451",285
"ENSG00000301452",613
"ENSG00000301453",715
"ENSG00000301454",1013
"ENSG00000301455",1501
"ENSG00000301456",419
"ENSG00000301457",683
"ENSG00000301458",383
"ENSG00000301459",1273
"ENSG00000301460",138
"ENSG00000301461",922
"ENSG00000301462",1873
"ENSG00000301463",3229
"ENSG00000301464",635
"ENSG00000301465",1469
"ENSG00000301466",365
"ENSG00000301467",725
"ENSG00000301468",1336
"ENSG00000301469",306
"ENSG00000301470",1179
"ENSG00000301471",1363
"ENSG00000301472",494
"ENSG00000301473",629
"ENSG00000301474",859
"ENSG00000301475",456
"ENSG00000301476",720
"ENSG00000301477",2289
"ENSG00000301478",388
"ENSG00000301479",1020
"ENSG00000301480",285
"ENSG00000301481",1003
"ENSG00000301482",851
"ENSG00000301483",681
"ENSG00000301484",623
"ENSG00000301485",1429
"ENSG00000301486",900
"ENSG00000301487",1022
"ENSG00000301488",538
"ENSG00000301489",510
"ENSG00000301490",1431
"ENSG00000301491",393
"ENSG00000301492",662
"ENSG00000301493",2294
"ENSG00000301494",1878
"ENSG00000301495",1688
"ENSG00000301496",370
"ENSG00000301497",1628
"ENSG00000301498",558
"ENSG00000301499",4276
"ENSG00000301500",277
"ENSG00000301501",296
"ENSG00000301502",405
"ENSG00000301503",353
"ENSG00000301504",1199
"ENSG00000301505",1164
"ENSG00000301506",852
"ENSG00000301507",461
"ENSG00000301508",1914
"ENSG00000301509",290
"ENSG00000301510",1370
"ENSG00000301511",586
"ENSG00000301512",2118
"ENSG00000301513",1186
"ENSG00000301514",941
"ENSG00000301515",1563
"ENSG00000301516",846
"ENSG00000301517",691
"ENSG00000301518",808
"ENSG00000301519",1906
"ENSG00000301520",1532
"ENSG00000301521",2638
"ENSG00000301522",885
"ENSG00000301523",766
"ENSG00000301524",1017
"ENSG00000301525",1711
"ENSG00000301526",1750
"ENSG00000301527",313
"ENSG00000301528",822
"ENSG00000301529",1294
"ENSG00000301530",1662
"ENSG00000301531",1889
"ENSG00000301532",1197
"ENSG00000301533",436
"ENSG00000301534",614
"ENSG00000301535",773
"ENSG00000301536",321
"ENSG00000301537",672
"ENSG00000301538",649
"ENSG00000301539",799
"ENSG00000301540",809
"ENSG00000301541",456
"ENSG00000301542",322
"ENSG00000301543",784
"ENSG00000301544",1943
"ENSG00000301545",2069
"ENSG00000301546",903
"ENSG00000301547",1016
"ENSG00000301548",1840
"ENSG00000301549",1272
"ENSG00000301550",1290
"ENSG00000301551",535
"ENSG00000301552",311
"ENSG00000301553",581
"ENSG00000301554",1473
"ENSG00000301555",1251
"ENSG00000301556",405
"ENSG00000301557",888
"ENSG00000301558",1017
"ENSG00000301559",888
"ENSG00000301560",728
"ENSG00000301561",509
"ENSG00000301562",1899
"ENSG00000301563",827
"ENSG00000301564",217
"ENSG00000301565",1027
"ENSG00000301566",1174
"ENSG00000301567",2105
"ENSG00000301568",488
"ENSG00000301569",1071
"ENSG00000301570",1189
"ENSG00000301571",822
"ENSG00000301572",948
"ENSG00000301573",1865
"ENSG00000301574",693
"ENSG00000301575",6263
"ENSG00000301576",632
"ENSG00000301577",957
"ENSG00000301578",599
"ENSG00000301579",1556
"ENSG00000301580",1176
"ENSG00000301581",678
"ENSG00000301582",890
"ENSG00000301583",596
"ENSG00000301584",928
"ENSG00000301585",469
"ENSG00000301586",1777
"ENSG00000301587",773
"ENSG00000301588",1389
"ENSG00000301589",384
"ENSG00000301590",684
"ENSG00000301591",336
"ENSG00000301592",1712
"ENSG00000301593",406
"ENSG00000301594",1633
"ENSG00000301595",591
"ENSG00000301596",418
"ENSG00000301597",1441
"ENSG00000301598",644
"ENSG00000301599",1628
"ENSG00000301600",809
"ENSG00000301601",669
"ENSG00000301602",526
"ENSG00000301603",834
"ENSG00000301604",206
"ENSG00000301605",1405
"ENSG00000301606",378
"ENSG00000301607",771
"ENSG00000301608",811
"ENSG00000301609",818
"ENSG00000301610",315
"ENSG00000301611",1076
"ENSG00000301612",1880
"ENSG00000301613",762
"ENSG00000301614",619
"ENSG00000301615",500
"ENSG00000301616",1491
"ENSG00000301617",314
"ENSG00000301618",291
"ENSG00000301619",680
"ENSG00000301620",3285
"ENSG00000301621",608
"ENSG00000301622",571
"ENSG00000301623",867
"ENSG00000301624",1382
"ENSG00000301625",919
"ENSG00000301626",1658
"ENSG00000301627",1850
"ENSG00000301628",283
"ENSG00000301629",1298
"ENSG00000301630",630
"ENSG00000301631",404
"ENSG00000301632",561
"ENSG00000301633",556
"ENSG00000301634",415
"ENSG00000301635",1037
"ENSG00000301636",2067
"ENSG00000301637",1481
"ENSG00000301638",315
"ENSG00000301639",475
"ENSG00000301640",1206
"ENSG00000301641",2374
"ENSG00000301642",1523
"ENSG00000301643",1128
"ENSG00000301644",573
"ENSG00000301645",256
"ENSG00000301646",810
"ENSG00000301647",394
"ENSG00000301648",871
"ENSG00000301649",514
"ENSG00000301650",406
"ENSG00000301651",969
"ENSG00000301652",563
"ENSG00000301653",4081
"ENSG00000301654",556
"ENSG00000301655",428
"ENSG00000301656",391
"ENSG00000301657",673
"ENSG00000301658",861
"ENSG00000301659",2337
"ENSG00000301660",1055
"ENSG00000301661",451
"ENSG00000301662",1449
"ENSG00000301663",1365
"ENSG00000301664",727
"ENSG00000301665",4279
"ENSG00000301666",2603
"ENSG00000301667",1133
"ENSG00000301668",377
"ENSG00000301669",610
"ENSG00000301670",902
"ENSG00000301671",744
"ENSG00000301672",555
"ENSG00000301673",749
"ENSG00000301674",1414
"ENSG00000301675",392
"ENSG00000301676",465
"ENSG00000301677",634
"ENSG00000301678",778
"ENSG00000301679",392
"ENSG00000301680",915
"ENSG00000301681",1055
"ENSG00000301682",5638
"ENSG00000301683",1026
"ENSG00000301684",630
"ENSG00000301685",462
"ENSG00000301686",305
"ENSG00000301687",466
"ENSG00000301688",10404
"ENSG00000301689",3585
"ENSG00000301690",1266
"ENSG00000301691",1975
"ENSG00000301692",1482
"ENSG00000301693",579
"ENSG00000301694",1586
"ENSG00000301695",588
"ENSG00000301696",1599
"ENSG00000301697",858
"ENSG00000301698",838
"ENSG00000301699",771
"ENSG00000301700",659
"ENSG00000301701",778
"ENSG00000301702",486
"ENSG00000301703",1024
"ENSG00000301704",666
"ENSG00000301705",691
"ENSG00000301706",415
"ENSG00000301707",490
"ENSG00000301708",741
"ENSG00000301709",3313
"ENSG00000301710",349
"ENSG00000301711",722
"ENSG00000301712",1027
"ENSG00000301713",692
"ENSG00000301714",761
"ENSG00000301715",675
"ENSG00000301716",371
"ENSG00000301717",532
"ENSG00000301718",528
"ENSG00000301719",4925
"ENSG00000301720",1159
"ENSG00000301721",991
"ENSG00000301722",339
"ENSG00000301723",1260
"ENSG00000301724",663
"ENSG00000301725",656
"ENSG00000301726",528
"ENSG00000301727",863
"ENSG00000301728",1948
"ENSG00000301729",4530
"ENSG00000301730",3975
"ENSG00000301731",1189
"ENSG00000301732",2075
"ENSG00000301733",611
"ENSG00000301734",487
"ENSG00000301735",465
"ENSG00000301736",208
"ENSG00000301737",1441
"ENSG00000301738",2127
"ENSG00000301739",774
"ENSG00000301740",926
"ENSG00000301741",452
"ENSG00000301742",386
"ENSG00000301743",757
"ENSG00000301744",970
"ENSG00000301745",601
"ENSG00000301746",521
"ENSG00000301747",603
"ENSG00000301748",320
"ENSG00000301749",2544
"ENSG00000301750",410
"ENSG00000301751",622
"ENSG00000301752",704
"ENSG00000301753",645
"ENSG00000301754",795
"ENSG00000301755",754
"ENSG00000301756",1218
"ENSG00000301757",1468
"ENSG00000301758",897
"ENSG00000301759",403
"ENSG00000301760",661
"ENSG00000301761",18376
"ENSG00000301762",2048
"ENSG00000301763",551
"ENSG00000301764",1365
"ENSG00000301765",355
"ENSG00000301766",3203
"ENSG00000301767",700
"ENSG00000301768",943
"ENSG00000301769",692
"ENSG00000301770",511
"ENSG00000301771",615
"ENSG00000301772",764
"ENSG00000301773",1135
"ENSG00000301774",1208
"ENSG00000301775",1155
"ENSG00000301776",924
"ENSG00000301777",1110
"ENSG00000301778",914
"ENSG00000301779",583
"ENSG00000301780",806
"ENSG00000301781",741
"ENSG00000301782",833
"ENSG00000301783",446
"ENSG00000301784",797
"ENSG00000301785",360
"ENSG00000301786",132
"ENSG00000301787",2266
"ENSG00000301788",1671
"ENSG00000301789",206
"ENSG00000301790",981
"ENSG00000301791",622
"ENSG00000301792",3788
"ENSG00000301793",979
"ENSG00000301794",599
"ENSG00000301795",1516
"ENSG00000301796",992
"ENSG00000301797",753
"ENSG00000301798",1927
"ENSG00000301799",220
"ENSG00000301801",1845
"ENSG00000301802",652
"ENSG00000301803",698
"ENSG00000301804",694
"ENSG00000301805",3565
"ENSG00000301806",2058
"ENSG00000301807",2806
"ENSG00000301808",1502
"ENSG00000301809",1809
"ENSG00000301810",886
"ENSG00000301811",763
"ENSG00000301812",824
"ENSG00000301813",2009
"ENSG00000301814",963
"ENSG00000301815",467
"ENSG00000301816",344
"ENSG00000301817",670
"ENSG00000301818",402
"ENSG00000301819",594
"ENSG00000301820",1210
"ENSG00000301821",1479
"ENSG00000301823",830
"ENSG00000301824",753
"ENSG00000301825",1346
"ENSG00000301826",846
"ENSG00000301827",1141
"ENSG00000301828",576
"ENSG00000301830",910
"ENSG00000301831",1822
"ENSG00000301832",1118
"ENSG00000301833",1683
"ENSG00000301834",1245
"ENSG00000301835",761
"ENSG00000301836",907
"ENSG00000301837",271
"ENSG00000301838",507
"ENSG00000301839",531
"ENSG00000301840",2637
"ENSG00000301841",535
"ENSG00000301842",872
"ENSG00000301843",1420
"ENSG00000301844",1376
"ENSG00000301845",623
"ENSG00000301846",1218
"ENSG00000301847",673
"ENSG00000301848",1510
"ENSG00000301849",1868
"ENSG00000301850",644
"ENSG00000301851",1741
"ENSG00000301852",2596
"ENSG00000301853",360
"ENSG00000301854",648
"ENSG00000301855",449
"ENSG00000301856",954
"ENSG00000301857",2332
"ENSG00000301858",297
"ENSG00000301859",846
"ENSG00000301860",377
"ENSG00000301861",346
"ENSG00000301862",377
"ENSG00000301863",587
"ENSG00000301864",348
"ENSG00000301865",428
"ENSG00000301866",3608
"ENSG00000301867",1426
"ENSG00000301868",239
"ENSG00000301869",479
"ENSG00000301870",703
"ENSG00000301871",873
"ENSG00000301872",573
"ENSG00000301873",549
"ENSG00000301874",680
"ENSG00000301875",387
"ENSG00000301876",895
"ENSG00000301877",934
"ENSG00000301878",2363
"ENSG00000301879",476
"ENSG00000301880",581
"ENSG00000301881",969
"ENSG00000301882",299
"ENSG00000301883",362
"ENSG00000301884",3070
"ENSG00000301885",585
"ENSG00000301886",654
"ENSG00000301887",397
"ENSG00000301888",1261
"ENSG00000301889",2250
"ENSG00000301891",804
"ENSG00000301892",343
"ENSG00000301893",2787
"ENSG00000301894",1501
"ENSG00000301895",392
"ENSG00000301896",590
"ENSG00000301897",1726
"ENSG00000301898",453
"ENSG00000301899",2421
"ENSG00000301900",1390
"ENSG00000301901",733
"ENSG00000301902",524
"ENSG00000301903",411
"ENSG00000301904",817
"ENSG00000301905",796
"ENSG00000301906",683
"ENSG00000301907",844
"ENSG00000301908",520
"ENSG00000301909",1906
"ENSG00000301910",762
"ENSG00000301911",463
"ENSG00000301912",418
"ENSG00000301913",740
"ENSG00000301914",1698
"ENSG00000301915",416
"ENSG00000301916",1134
"ENSG00000301917",651
"ENSG00000301918",719
"ENSG00000301919",1147
"ENSG00000301920",596
"ENSG00000301921",789
"ENSG00000301922",795
"ENSG00000301923",642
"ENSG00000301924",2148
"ENSG00000301925",337
"ENSG00000301926",479
"ENSG00000301927",597
"ENSG00000301928",1425
"ENSG00000301929",1864
"ENSG00000301930",616
"ENSG00000301931",1648
"ENSG00000301932",326
"ENSG00000301933",2067
"ENSG00000301934",761
"ENSG00000301935",1032
"ENSG00000301936",2350
"ENSG00000301937",891
"ENSG00000301938",455
"ENSG00000301939",513
"ENSG00000301940",391
"ENSG00000301941",1016
"ENSG00000301942",605
"ENSG00000301943",417
"ENSG00000301944",436
"ENSG00000301945",653
"ENSG00000301946",621
"ENSG00000301947",1071
"ENSG00000301948",1423
"ENSG00000301949",1023
"ENSG00000301950",448
"ENSG00000301951",338
"ENSG00000301952",534
"ENSG00000301953",289
"ENSG00000301954",1309
"ENSG00000301955",2332
"ENSG00000301956",1560
"ENSG00000301957",1682
"ENSG00000301958",1015
"ENSG00000301959",643
"ENSG00000301960",465
"ENSG00000301961",914
"ENSG00000301962",617
"ENSG00000301963",679
"ENSG00000301964",776
"ENSG00000301965",915
"ENSG00000301966",219
"ENSG00000301967",1076
"ENSG00000301968",2378
"ENSG00000301969",476
"ENSG00000301970",268
"ENSG00000301971",1147
"ENSG00000301972",631
"ENSG00000301973",560
"ENSG00000301974",333
"ENSG00000301975",1818
"ENSG00000301976",892
"ENSG00000301977",1306
"ENSG00000301978",1721
"ENSG00000301979",1375
"ENSG00000301980",1006
"ENSG00000301981",677
"ENSG00000301982",2928
"ENSG00000301983",459
"ENSG00000301984",505
"ENSG00000301985",875
"ENSG00000301986",432
"ENSG00000301987",672
"ENSG00000301988",1231
"ENSG00000301989",585
"ENSG00000301990",2078
"ENSG00000301991",891
"ENSG00000301992",791
"ENSG00000301993",815
"ENSG00000301994",454
"ENSG00000301995",1367
"ENSG00000301996",934
"ENSG00000301997",787
"ENSG00000301998",1298
"ENSG00000301999",1146
"ENSG00000302000",671
"ENSG00000302001",514
"ENSG00000302002",1224
"ENSG00000302003",956
"ENSG00000302004",917
"ENSG00000302005",1003
"ENSG00000302006",436
"ENSG00000302007",914
"ENSG00000302008",970
"ENSG00000302009",405
"ENSG00000302010",734
"ENSG00000302011",798
"ENSG00000302012",1357
"ENSG00000302013",1521
"ENSG00000302014",1224
"ENSG00000302015",391
"ENSG00000302016",506
"ENSG00000302017",625
"ENSG00000302018",1068
"ENSG00000302019",559
"ENSG00000302020",1314
"ENSG00000302021",581
"ENSG00000302022",590
"ENSG00000302023",500
"ENSG00000302024",522
"ENSG00000302025",592
"ENSG00000302026",897
"ENSG00000302027",1319
"ENSG00000302028",752
"ENSG00000302029",551
"ENSG00000302030",755
"ENSG00000302031",449
"ENSG00000302032",240
"ENSG00000302033",1180
"ENSG00000302034",1051
"ENSG00000302035",824
"ENSG00000302036",577
"ENSG00000302037",363
"ENSG00000302038",1847
"ENSG00000302039",4432
"ENSG00000302040",289
"ENSG00000302041",498
"ENSG00000302042",527
"ENSG00000302043",2167
"ENSG00000302044",292
"ENSG00000302045",357
"ENSG00000302046",403
"ENSG00000302047",312
"ENSG00000302048",562
"ENSG00000302049",2177
"ENSG00000302050",605
"ENSG00000302051",2460
"ENSG00000302052",421
"ENSG00000302053",1121
"ENSG00000302054",288
"ENSG00000302055",1371
"ENSG00000302056",726
"ENSG00000302057",634
"ENSG00000302058",877
"ENSG00000302059",699
"ENSG00000302060",530
"ENSG00000302061",898
"ENSG00000302062",1588
"ENSG00000302063",560
"ENSG00000302064",468
"ENSG00000302065",1221
"ENSG00000302066",387
"ENSG00000302067",1895
"ENSG00000302068",567
"ENSG00000302069",813
"ENSG00000302070",556
"ENSG00000302071",436
"ENSG00000302072",1176
"ENSG00000302073",559
"ENSG00000302074",405
"ENSG00000302075",514
"ENSG00000302076",877
"ENSG00000302077",1060
"ENSG00000302078",328
"ENSG00000302079",1898
"ENSG00000302080",987
"ENSG00000302081",395
"ENSG00000302082",3444
"ENSG00000302083",871
"ENSG00000302084",392
"ENSG00000302085",597
"ENSG00000302086",555
"ENSG00000302087",768
"ENSG00000302088",813
"ENSG00000302089",514
"ENSG00000302090",2316
"ENSG00000302091",3287
"ENSG00000302092",635
"ENSG00000302093",274
"ENSG00000302094",2195
"ENSG00000302095",193
"ENSG00000302096",1351
"ENSG00000302097",385
"ENSG00000302098",950
"ENSG00000302099",893
"ENSG00000302100",881
"ENSG00000302101",1136
"ENSG00000302102",485
"ENSG00000302103",563
"ENSG00000302104",695
"ENSG00000302105",694
"ENSG00000302106",535
"ENSG00000302107",4270
"ENSG00000302108",353
"ENSG00000302109",497
"ENSG00000302110",359
"ENSG00000302111",336
"ENSG00000302112",409
"ENSG00000302113",289
"ENSG00000302114",437
"ENSG00000302115",655
"ENSG00000302116",436
"ENSG00000302117",771
"ENSG00000302118",500
"ENSG00000302119",1184
"ENSG00000302120",1141
"ENSG00000302121",1004
"ENSG00000302122",2697
"ENSG00000302123",1291
"ENSG00000302124",238
"ENSG00000302125",577
"ENSG00000302126",950
"ENSG00000302127",998
"ENSG00000302128",536
"ENSG00000302129",846
"ENSG00000302130",319
"ENSG00000302131",1378
"ENSG00000302132",583
"ENSG00000302133",1770
"ENSG00000302134",452
"ENSG00000302135",479
"ENSG00000302136",620
"ENSG00000302137",665
"ENSG00000302138",2463
"ENSG00000302139",592
"ENSG00000302140",1319
"ENSG00000302141",1959
"ENSG00000302142",484
"ENSG00000302143",282
"ENSG00000302144",532
"ENSG00000302145",672
"ENSG00000302146",796
"ENSG00000302147",642
"ENSG00000302148",321
"ENSG00000302149",922
"ENSG00000302150",249
"ENSG00000302151",658
"ENSG00000302152",503
"ENSG00000302153",2279
"ENSG00000302154",584
"ENSG00000302155",967
"ENSG00000302156",1293
"ENSG00000302157",489
"ENSG00000302158",482
"ENSG00000302159",557
"ENSG00000302160",700
"ENSG00000302161",677
"ENSG00000302162",490
"ENSG00000302163",685
"ENSG00000302164",388
"ENSG00000302165",965
"ENSG00000302166",1990
"ENSG00000302167",680
"ENSG00000302168",1103
"ENSG00000302169",534
"ENSG00000302170",416
"ENSG00000302171",1896
"ENSG00000302172",571
"ENSG00000302173",1135
"ENSG00000302174",1135
"ENSG00000302175",1063
"ENSG00000302176",497
"ENSG00000302177",500
"ENSG00000302178",467
"ENSG00000302179",775
"ENSG00000302180",831
"ENSG00000302181",322
"ENSG00000302182",1106
"ENSG00000302183",1961
"ENSG00000302184",352
"ENSG00000302185",1025
"ENSG00000302186",1391
"ENSG00000302187",245
"ENSG00000302188",938
"ENSG00000302189",918
"ENSG00000302190",812
"ENSG00000302191",266
"ENSG00000302192",476
"ENSG00000302193",1506
"ENSG00000302194",1129
"ENSG00000302195",4119
"ENSG00000302196",557
"ENSG00000302197",949
"ENSG00000302198",1528
"ENSG00000302199",1453
"ENSG00000302200",830
"ENSG00000302201",3529
"ENSG00000302202",540
"ENSG00000302203",566
"ENSG00000302204",1121
"ENSG00000302205",872
"ENSG00000302206",996
"ENSG00000302207",603
"ENSG00000302208",1564
"ENSG00000302209",982
"ENSG00000302210",833
"ENSG00000302211",1046
"ENSG00000302212",998
"ENSG00000302214",810
"ENSG00000302215",692
"ENSG00000302216",729
"ENSG00000302217",474
"ENSG00000302218",1511
"ENSG00000302219",1148
"ENSG00000302220",3054
"ENSG00000302221",1107
"ENSG00000302222",1125
"ENSG00000302223",544
"ENSG00000302224",686
"ENSG00000302225",4111
"ENSG00000302226",716
"ENSG00000302227",1382
"ENSG00000302228",2091
"ENSG00000302229",856
"ENSG00000302230",725
"ENSG00000302231",1820
"ENSG00000302232",2014
"ENSG00000302233",936
"ENSG00000302234",529
"ENSG00000302235",528
"ENSG00000302236",1553
"ENSG00000302237",1157
"ENSG00000302238",592
"ENSG00000302239",508
"ENSG00000302240",1913
"ENSG00000302241",507
"ENSG00000302242",975
"ENSG00000302243",573
"ENSG00000302244",666
"ENSG00000302245",366
"ENSG00000302246",587
"ENSG00000302247",1032
"ENSG00000302248",950
"ENSG00000302249",1822
"ENSG00000302250",2049
"ENSG00000302251",596
"ENSG00000302252",745
"ENSG00000302253",424
"ENSG00000302254",873
"ENSG00000302255",892
"ENSG00000302256",289
"ENSG00000302257",936
"ENSG00000302258",1315
"ENSG00000302259",496
"ENSG00000302260",1703
"ENSG00000302261",1073
"ENSG00000302262",671
"ENSG00000302263",640
"ENSG00000302264",1317
"ENSG00000302265",1110
"ENSG00000302266",776
"ENSG00000302267",554
"ENSG00000302268",3927
"ENSG00000302269",1290
"ENSG00000302270",501
"ENSG00000302271",463
"ENSG00000302272",3454
"ENSG00000302273",312
"ENSG00000302274",827
"ENSG00000302275",1766
"ENSG00000302276",1303
"ENSG00000302277",570
"ENSG00000302278",609
"ENSG00000302279",473
"ENSG00000302280",2545
"ENSG00000302281",944
"ENSG00000302282",1816
"ENSG00000302283",569
"ENSG00000302284",430
"ENSG00000302285",471
"ENSG00000302286",1001
"ENSG00000302287",547
"ENSG00000302288",1404
"ENSG00000302289",634
"ENSG00000302290",1878
"ENSG00000302291",998
"ENSG00000302292",466
"ENSG00000302293",516
"ENSG00000302294",953
"ENSG00000302295",1789
"ENSG00000302296",383
"ENSG00000302297",1064
"ENSG00000302298",503
"ENSG00000302299",953
"ENSG00000302300",310
"ENSG00000302301",989
"ENSG00000302302",1943
"ENSG00000302303",1042
"ENSG00000302304",444
"ENSG00000302305",1499
"ENSG00000302306",676
"ENSG00000302307",693
"ENSG00000302308",456
"ENSG00000302309",1166
"ENSG00000302310",384
"ENSG00000302311",492
"ENSG00000302312",390
"ENSG00000302313",3380
"ENSG00000302314",552
"ENSG00000302315",1080
"ENSG00000302316",444
"ENSG00000302317",1412
"ENSG00000302318",195
"ENSG00000302319",1431
"ENSG00000302320",608
"ENSG00000302321",547
"ENSG00000302322",394
"ENSG00000302323",560
"ENSG00000302324",1786
"ENSG00000302325",480
"ENSG00000302326",718
"ENSG00000302327",3530
"ENSG00000302328",1459
"ENSG00000302329",361
"ENSG00000302330",528
"ENSG00000302331",431
"ENSG00000302332",478
"ENSG00000302333",680
"ENSG00000302334",1046
"ENSG00000302335",332
"ENSG00000302336",915
"ENSG00000302337",4833
"ENSG00000302338",1476
"ENSG00000302339",705
"ENSG00000302340",570
"ENSG00000302341",436
"ENSG00000302342",1292
"ENSG00000302343",1104
"ENSG00000302344",1362
"ENSG00000302345",445
"ENSG00000302346",2728
"ENSG00000302347",618
"ENSG00000302348",347
"ENSG00000302349",777
"ENSG00000302350",695
"ENSG00000302351",2077
"ENSG00000302352",1248
"ENSG00000302353",2048
"ENSG00000302354",405
"ENSG00000302355",905
"ENSG00000302356",338
"ENSG00000302357",1159
"ENSG00000302358",757
"ENSG00000302359",238
"ENSG00000302360",551
"ENSG00000302361",445
"ENSG00000302362",278
"ENSG00000302363",486
"ENSG00000302364",330
"ENSG00000302365",2634
"ENSG00000302366",485
"ENSG00000302367",940
"ENSG00000302368",575
"ENSG00000302369",619
"ENSG00000302370",905
"ENSG00000302371",1483
"ENSG00000302372",1458
"ENSG00000302373",3974
"ENSG00000302374",1632
"ENSG00000302375",956
"ENSG00000302376",509
"ENSG00000302377",4485
"ENSG00000302378",457
"ENSG00000302379",1236
"ENSG00000302380",554
"ENSG00000302381",536
"ENSG00000302382",348
"ENSG00000302383",414
"ENSG00000302384",240
"ENSG00000302385",814
"ENSG00000302386",1496
"ENSG00000302387",530
"ENSG00000302388",1012
"ENSG00000302389",4862
"ENSG00000302390",334
"ENSG00000302391",479
"ENSG00000302392",1390
"ENSG00000302393",791
"ENSG00000302394",823
"ENSG00000302395",703
"ENSG00000302396",600
"ENSG00000302397",337
"ENSG00000302398",468
"ENSG00000302399",961
"ENSG00000302400",3804
"ENSG00000302401",1556
"ENSG00000302402",1550
"ENSG00000302403",824
"ENSG00000302404",1049
"ENSG00000302405",418
"ENSG00000302406",1974
"ENSG00000302407",474
"ENSG00000302408",3002
"ENSG00000302409",1055
"ENSG00000302410",1033
"ENSG00000302411",375
"ENSG00000302412",2412
"ENSG00000302413",334
"ENSG00000302414",476
"ENSG00000302415",425
"ENSG00000302416",456
"ENSG00000302417",1206
"ENSG00000302418",517
"ENSG00000302419",715
"ENSG00000302420",1754
"ENSG00000302421",1816
"ENSG00000302422",4384
"ENSG00000302423",693
"ENSG00000302424",914
"ENSG00000302425",3986
"ENSG00000302426",571
"ENSG00000302427",1075
"ENSG00000302428",586
"ENSG00000302429",346
"ENSG00000302430",773
"ENSG00000302431",242
"ENSG00000302432",265
"ENSG00000302433",516
"ENSG00000302434",852
"ENSG00000302435",614
"ENSG00000302436",388
"ENSG00000302437",428
"ENSG00000302438",356
"ENSG00000302439",550
"ENSG00000302440",996
"ENSG00000302441",999
"ENSG00000302442",557
"ENSG00000302443",1505
"ENSG00000302444",850
"ENSG00000302445",2516
"ENSG00000302446",322
"ENSG00000302447",503
"ENSG00000302448",590
"ENSG00000302449",575
"ENSG00000302450",1887
"ENSG00000302451",682
"ENSG00000302452",855
"ENSG00000302453",366
"ENSG00000302454",345
"ENSG00000302455",917
"ENSG00000302456",482
"ENSG00000302457",3404
"ENSG00000302458",795
"ENSG00000302459",547
"ENSG00000302460",775
"ENSG00000302461",702
"ENSG00000302462",2267
"ENSG00000302463",1381
"ENSG00000302464",1309
"ENSG00000302465",357
"ENSG00000302466",569
"ENSG00000302467",1914
"ENSG00000302468",1482
"ENSG00000302469",547
"ENSG00000302470",336
"ENSG00000302471",380
"ENSG00000302472",1183
"ENSG00000302473",712
"ENSG00000302474",1008
"ENSG00000302475",1457
"ENSG00000302476",706
"ENSG00000302477",985
"ENSG00000302478",654
"ENSG00000302479",885
"ENSG00000302480",878
"ENSG00000302481",915
"ENSG00000302482",415
"ENSG00000302483",1934
"ENSG00000302484",1462
"ENSG00000302485",206
"ENSG00000302486",1051
"ENSG00000302487",524
"ENSG00000302488",507
"ENSG00000302489",1286
"ENSG00000302490",332
"ENSG00000302491",498
"ENSG00000302492",972
"ENSG00000302493",497
"ENSG00000302494",1072
"ENSG00000302495",1339
"ENSG00000302496",260
"ENSG00000302497",753
"ENSG00000302498",2357
"ENSG00000302499",733
"ENSG00000302500",292
"ENSG00000302501",610
"ENSG00000302502",402
"ENSG00000302503",615
"ENSG00000302504",3106
"ENSG00000302505",1236
"ENSG00000302506",758
"ENSG00000302507",731
"ENSG00000302508",705
"ENSG00000302509",648
"ENSG00000302510",1392
"ENSG00000302511",887
"ENSG00000302512",919
"ENSG00000302513",809
"ENSG00000302514",960
"ENSG00000302515",1381
"ENSG00000302516",664
"ENSG00000302517",1597
"ENSG00000302518",634
"ENSG00000302519",1373
"ENSG00000302520",1146
"ENSG00000302521",314
"ENSG00000302522",459
"ENSG00000302523",458
"ENSG00000302524",561
"ENSG00000302525",696
"ENSG00000302526",1384
"ENSG00000302527",615
"ENSG00000302528",965
"ENSG00000302529",539
"ENSG00000302530",1006
"ENSG00000302531",1339
"ENSG00000302532",326
"ENSG00000302533",2276
"ENSG00000302534",1155
"ENSG00000302535",817
"ENSG00000302536",3081
"ENSG00000302537",455
"ENSG00000302538",672
"ENSG00000302539",834
"ENSG00000302540",1434
"ENSG00000302541",615
"ENSG00000302542",529
"ENSG00000302543",1631
"ENSG00000302544",451
"ENSG00000302545",915
"ENSG00000302546",2071
"ENSG00000302547",2010
"ENSG00000302548",654
"ENSG00000302549",772
"ENSG00000302550",1065
"ENSG00000302551",512
"ENSG00000302552",919
"ENSG00000302553",299
"ENSG00000302554",869
"ENSG00000302555",320
"ENSG00000302556",698
"ENSG00000302557",1622
"ENSG00000302558",1056
"ENSG00000302559",442
"ENSG00000302560",781
"ENSG00000302561",1154
"ENSG00000302562",1447
"ENSG00000302563",819
"ENSG00000302564",1447
"ENSG00000302565",888
"ENSG00000302566",622
"ENSG00000302567",1405
"ENSG00000302568",1300
"ENSG00000302569",1040
"ENSG00000302570",420
"ENSG00000302571",1627
"ENSG00000302572",671
"ENSG00000302573",348
"ENSG00000302574",1059
"ENSG00000302575",805
"ENSG00000302576",1181
"ENSG00000302577",637
"ENSG00000302578",439
"ENSG00000302579",1948
"ENSG00000302580",440
"ENSG00000302581",3031
"ENSG00000302582",645
"ENSG00000302583",542
"ENSG00000302584",289
"ENSG00000302585",3097
"ENSG00000302586",806
"ENSG00000302587",814
"ENSG00000302588",946
"ENSG00000302589",568
"ENSG00000302590",988
"ENSG00000302591",405
"ENSG00000302592",676
"ENSG00000302593",677
"ENSG00000302594",3715
"ENSG00000302595",727
"ENSG00000302596",954
"ENSG00000302597",551
"ENSG00000302598",378
"ENSG00000302599",770
"ENSG00000302600",1055
"ENSG00000302601",2443
"ENSG00000302602",1276
"ENSG00000302603",576
"ENSG00000302604",973
"ENSG00000302605",318
"ENSG00000302606",401
"ENSG00000302607",942
"ENSG00000302608",448
"ENSG00000302609",825
"ENSG00000302610",373
"ENSG00000302611",2624
"ENSG00000302612",830
"ENSG00000302613",1315
"ENSG00000302614",664
"ENSG00000302615",1335
"ENSG00000302616",298
"ENSG00000302617",443
"ENSG00000302618",474
"ENSG00000302619",2216
"ENSG00000302620",222
"ENSG00000302621",1880
"ENSG00000302622",1382
"ENSG00000302623",1149
"ENSG00000302624",2350
"ENSG00000302625",1853
"ENSG00000302626",1144
"ENSG00000302627",428
"ENSG00000302628",3496
"ENSG00000302629",539
"ENSG00000302630",399
"ENSG00000302631",560
"ENSG00000302632",410
"ENSG00000302633",1907
"ENSG00000302634",768
"ENSG00000302635",755
"ENSG00000302636",4092
"ENSG00000302637",456
"ENSG00000302638",1000
"ENSG00000302639",1420
"ENSG00000302640",1608
"ENSG00000302641",1435
"ENSG00000302642",1756
"ENSG00000302643",706
"ENSG00000302644",878
"ENSG00000302645",1988
"ENSG00000302646",1557
"ENSG00000302647",258
"ENSG00000302648",1426
"ENSG00000302649",987
"ENSG00000302650",364
"ENSG00000302651",378
"ENSG00000302652",2608
"ENSG00000302653",506
"ENSG00000302654",774
"ENSG00000302655",732
"ENSG00000302656",1052
"ENSG00000302657",780
"ENSG00000302658",298
"ENSG00000302659",1127
"ENSG00000302660",2256
"ENSG00000302661",615
"ENSG00000302662",572
"ENSG00000302663",372
"ENSG00000302664",1519
"ENSG00000302665",553
"ENSG00000302666",673
"ENSG00000302667",369
"ENSG00000302668",576
"ENSG00000302669",814
"ENSG00000302670",725
"ENSG00000302671",2685
"ENSG00000302672",470
"ENSG00000302673",483
"ENSG00000302674",585
"ENSG00000302675",1178
"ENSG00000302676",511
"ENSG00000302677",1385
"ENSG00000302678",854
"ENSG00000302679",920
"ENSG00000302680",2393
"ENSG00000302681",633
"ENSG00000302682",536
"ENSG00000302683",666
"ENSG00000302684",2210
"ENSG00000302685",320
"ENSG00000302686",1341
"ENSG00000302687",433
"ENSG00000302688",457
"ENSG00000302689",1551
"ENSG00000302690",1473
"ENSG00000302691",1376
"ENSG00000302692",2735
"ENSG00000302693",631
"ENSG00000302694",572
"ENSG00000302695",847
"ENSG00000302696",951
"ENSG00000302697",435
"ENSG00000302698",501
"ENSG00000302699",1995
"ENSG00000302700",533
"ENSG00000302701",1553
"ENSG00000302702",277
"ENSG00000302703",846
"ENSG00000302704",326
"ENSG00000302705",525
"ENSG00000302706",1125
"ENSG00000302707",531
"ENSG00000302708",489
"ENSG00000302709",458
"ENSG00000302710",914
"ENSG00000302711",1793
"ENSG00000302712",1266
"ENSG00000302713",302
"ENSG00000302714",3331
"ENSG00000302715",565
"ENSG00000302716",694
"ENSG00000302717",611
"ENSG00000302718",835
"ENSG00000302719",1819
"ENSG00000302720",357
"ENSG00000302721",469
"ENSG00000302722",1099
"ENSG00000302723",993
"ENSG00000302724",1944
"ENSG00000302725",603
"ENSG00000302726",784
"ENSG00000302727",530
"ENSG00000302728",785
"ENSG00000302729",1037
"ENSG00000302730",1779
"ENSG00000302731",224
"ENSG00000302732",582
"ENSG00000302733",1210
"ENSG00000302734",6879
"ENSG00000302735",317
"ENSG00000302736",1096
"ENSG00000302737",440
"ENSG00000302738",750
"ENSG00000302739",1263
"ENSG00000302740",473
"ENSG00000302741",396
"ENSG00000302742",1096
"ENSG00000302743",333
"ENSG00000302744",2187
"ENSG00000302745",610
"ENSG00000302746",1867
"ENSG00000302747",861
"ENSG00000302748",672
"ENSG00000302749",1370
"ENSG00000302750",487
"ENSG00000302751",843
"ENSG00000302752",758
"ENSG00000302753",1464
"ENSG00000302754",464
"ENSG00000302755",1725
"ENSG00000302756",242
"ENSG00000302757",1080
"ENSG00000302758",1221
"ENSG00000302759",230
"ENSG00000302760",1113
"ENSG00000302761",893
"ENSG00000302762",686
"ENSG00000302763",1526
"ENSG00000302764",611
"ENSG00000302765",1014
"ENSG00000302766",1576
"ENSG00000302767",706
"ENSG00000302768",1708
"ENSG00000302769",2349
"ENSG00000302770",1227
"ENSG00000302771",790
"ENSG00000302772",557
"ENSG00000302773",834
"ENSG00000302774",778
"ENSG00000302775",3321
"ENSG00000302776",1305
"ENSG00000302777",1303
"ENSG00000302778",946
"ENSG00000302779",394
"ENSG00000302780",1542
"ENSG00000302781",1358
"ENSG00000302782",812
"ENSG00000302783",798
"ENSG00000302784",2700
"ENSG00000302785",468
"ENSG00000302786",927
"ENSG00000302787",446
"ENSG00000302788",381
"ENSG00000302789",624
"ENSG00000302790",710
"ENSG00000302791",638
"ENSG00000302792",1243
"ENSG00000302793",388
"ENSG00000302794",825
"ENSG00000302795",1617
"ENSG00000302796",707
"ENSG00000302797",482
"ENSG00000302798",287
"ENSG00000302799",457
"ENSG00000302800",759
"ENSG00000302801",1109
"ENSG00000302802",358
"ENSG00000302803",388
"ENSG00000302804",691
"ENSG00000302805",1509
"ENSG00000302806",891
"ENSG00000302807",909
"ENSG00000302808",2054
"ENSG00000302809",733
"ENSG00000302810",562
"ENSG00000302811",1275
"ENSG00000302812",350
"ENSG00000302813",1026
"ENSG00000302814",248
"ENSG00000302815",2776
"ENSG00000302816",820
"ENSG00000302817",171
"ENSG00000302818",428
"ENSG00000302819",3924
"ENSG00000302820",2672
"ENSG00000302821",1224
"ENSG00000302822",1555
"ENSG00000302823",607
"ENSG00000302824",1694
"ENSG00000302825",538
"ENSG00000302826",637
"ENSG00000302827",290
"ENSG00000302828",331
"ENSG00000302829",593
"ENSG00000302830",2458
"ENSG00000302831",291
"ENSG00000302832",2519
"ENSG00000302833",695
"ENSG00000302834",482
"ENSG00000302835",1614
"ENSG00000302836",297
"ENSG00000302837",1920
"ENSG00000302838",374
"ENSG00000302839",1539
"ENSG00000302840",913
"ENSG00000302841",274
"ENSG00000302842",1723
"ENSG00000302843",792
"ENSG00000302844",495
"ENSG00000302845",1106
"ENSG00000302846",2075
"ENSG00000302847",435
"ENSG00000302848",2739
"ENSG00000302849",571
"ENSG00000302850",910
"ENSG00000302851",433
"ENSG00000302852",1208
"ENSG00000302853",308
"ENSG00000302854",272
"ENSG00000302855",774
"ENSG00000302856",535
"ENSG00000302857",1010
"ENSG00000302858",1987
"ENSG00000302859",1663
"ENSG00000302860",935
"ENSG00000302861",1199
"ENSG00000302862",585
"ENSG00000302863",651
"ENSG00000302864",566
"ENSG00000302865",565
"ENSG00000302866",901
"ENSG00000302867",415
"ENSG00000302868",2976
"ENSG00000302869",330
"ENSG00000302870",589
"ENSG00000302871",2128
"ENSG00000302872",472
"ENSG00000302873",2053
"ENSG00000302874",1297
"ENSG00000302875",601
"ENSG00000302876",1122
"ENSG00000302877",404
"ENSG00000302878",400
"ENSG00000302879",583
"ENSG00000302880",933
"ENSG00000302881",380
"ENSG00000302882",461
"ENSG00000302883",904
"ENSG00000302884",1224
"ENSG00000302885",970
"ENSG00000302886",411
"ENSG00000302887",2013
"ENSG00000302888",861
"ENSG00000302889",921
"ENSG00000302890",1164
"ENSG00000302891",503
"ENSG00000302892",786
"ENSG00000302893",617
"ENSG00000302894",781
"ENSG00000302895",819
"ENSG00000302896",779
"ENSG00000302897",2302
"ENSG00000302898",807
"ENSG00000302899",597
"ENSG00000302900",559
"ENSG00000302901",1287
"ENSG00000302902",997
"ENSG00000302903",1180
"ENSG00000302904",874
"ENSG00000302905",686
"ENSG00000302906",231
"ENSG00000302907",1888
"ENSG00000302908",612
"ENSG00000302909",1293
"ENSG00000302910",818
"ENSG00000302911",618
"ENSG00000302912",448
"ENSG00000302913",729
"ENSG00000302914",504
"ENSG00000302915",498
"ENSG00000302916",938
"ENSG00000302917",556
"ENSG00000302918",652
"ENSG00000302919",1974
"ENSG00000302920",609
"ENSG00000302921",751
"ENSG00000302922",1744
"ENSG00000302923",1539
"ENSG00000302924",769
"ENSG00000302925",698
"ENSG00000302926",1107
"ENSG00000302927",549
"ENSG00000302928",749
"ENSG00000302929",682
"ENSG00000302930",827
"ENSG00000302931",869
"ENSG00000302932",4444
"ENSG00000302933",422
"ENSG00000302934",391
"ENSG00000302935",1767
"ENSG00000302936",1069
"ENSG00000302937",364
"ENSG00000302938",139
"ENSG00000302939",383
"ENSG00000302940",733
"ENSG00000302941",1904
"ENSG00000302942",728
"ENSG00000302943",1882
"ENSG00000302944",1055
"ENSG00000302945",329
"ENSG00000302946",958
"ENSG00000302947",806
"ENSG00000302948",634
"ENSG00000302949",359
"ENSG00000302950",474
"ENSG00000302951",596
"ENSG00000302952",1019
"ENSG00000302953",2391
"ENSG00000302954",1225
"ENSG00000302955",591
"ENSG00000302956",524
"ENSG00000302957",1224
"ENSG00000302958",2501
"ENSG00000302959",946
"ENSG00000302960",463
"ENSG00000302961",1890
"ENSG00000302962",732
"ENSG00000302963",905
"ENSG00000302964",730
"ENSG00000302965",604
"ENSG00000302966",1760
"ENSG00000302967",1758
"ENSG00000302968",1548
"ENSG00000302969",856
"ENSG00000302970",289
"ENSG00000302971",429
"ENSG00000302972",924
"ENSG00000302973",770
"ENSG00000302974",1033
"ENSG00000302975",274
"ENSG00000302976",874
"ENSG00000302977",1061
"ENSG00000302978",799
"ENSG00000302979",259
"ENSG00000302980",664
"ENSG00000302981",715
"ENSG00000302982",1109
"ENSG00000302983",818
"ENSG00000302984",795
"ENSG00000302985",294
"ENSG00000302986",699
"ENSG00000302987",297
"ENSG00000302988",887
"ENSG00000302989",2777
"ENSG00000302990",329
"ENSG00000302991",841
"ENSG00000302992",1471
"ENSG00000302993",1284
"ENSG00000302994",833
"ENSG00000302995",694
"ENSG00000302996",461
"ENSG00000302997",2126
"ENSG00000302998",737
"ENSG00000302999",1462
"ENSG00000303000",562
"ENSG00000303001",487
"ENSG00000303002",2416
"ENSG00000303003",649
"ENSG00000303004",598
"ENSG00000303005",652
"ENSG00000303006",2329
"ENSG00000303007",966
"ENSG00000303008",521
"ENSG00000303009",570
"ENSG00000303010",136
"ENSG00000303011",869
"ENSG00000303012",183
"ENSG00000303013",326
"ENSG00000303014",630
"ENSG00000303015",1380
"ENSG00000303016",6841
"ENSG00000303017",707
"ENSG00000303018",498
"ENSG00000303019",713
"ENSG00000303020",417
"ENSG00000303021",2576
"ENSG00000303022",1584
"ENSG00000303023",1095
"ENSG00000303024",219
"ENSG00000303025",2042
"ENSG00000303026",344
"ENSG00000303027",469
"ENSG00000303029",578
"ENSG00000303030",541
"ENSG00000303031",851
"ENSG00000303032",1538
"ENSG00000303033",1059
"ENSG00000303034",594
"ENSG00000303035",1035
"ENSG00000303036",941
"ENSG00000303037",1532
"ENSG00000303038",1973
"ENSG00000303039",1048
"ENSG00000303040",777
"ENSG00000303041",863
"ENSG00000303042",571
"ENSG00000303043",1437
"ENSG00000303044",1836
"ENSG00000303045",642
"ENSG00000303046",1302
"ENSG00000303047",486
"ENSG00000303048",428
"ENSG00000303049",735
"ENSG00000303050",359
"ENSG00000303051",565
"ENSG00000303052",454
"ENSG00000303053",311
"ENSG00000303054",315
"ENSG00000303055",447
"ENSG00000303056",667
"ENSG00000303057",259
"ENSG00000303058",1575
"ENSG00000303059",460
"ENSG00000303060",1642
"ENSG00000303061",851
"ENSG00000303062",728
"ENSG00000303063",922
"ENSG00000303064",428
"ENSG00000303065",875
"ENSG00000303066",349
"ENSG00000303067",1616
"ENSG00000303068",1171
"ENSG00000303069",1059
"ENSG00000303070",846
"ENSG00000303071",1365
"ENSG00000303072",714
"ENSG00000303073",1669
"ENSG00000303074",2033
"ENSG00000303075",716
"ENSG00000303076",750
"ENSG00000303077",473
"ENSG00000303078",290
"ENSG00000303079",336
"ENSG00000303080",1900
"ENSG00000303081",612
"ENSG00000303082",723
"ENSG00000303083",2466
"ENSG00000303084",1242
"ENSG00000303085",1937
"ENSG00000303086",2992
"ENSG00000303087",623
"ENSG00000303088",1525
"ENSG00000303089",845
"ENSG00000303090",336
"ENSG00000303091",3256
"ENSG00000303092",731
"ENSG00000303093",317
"ENSG00000303094",1079
"ENSG00000303095",642
"ENSG00000303096",876
"ENSG00000303097",393
"ENSG00000303098",938
"ENSG00000303099",1230
"ENSG00000303100",352
"ENSG00000303101",821
"ENSG00000303102",471
"ENSG00000303103",462
"ENSG00000303104",4011
"ENSG00000303105",458
"ENSG00000303106",552
"ENSG00000303107",470
"ENSG00000303108",484
"ENSG00000303109",975
"ENSG00000303110",758
"ENSG00000303111",621
"ENSG00000303112",490
"ENSG00000303113",863
"ENSG00000303114",1348
"ENSG00000303115",1562
"ENSG00000303116",537
"ENSG00000303117",1208
"ENSG00000303118",715
"ENSG00000303119",1260
"ENSG00000303120",475
"ENSG00000303121",2900
"ENSG00000303122",1285
"ENSG00000303123",1623
"ENSG00000303124",418
"ENSG00000303125",408
"ENSG00000303126",614
"ENSG00000303127",594
"ENSG00000303128",407
"ENSG00000303129",1445
"ENSG00000303130",3140
"ENSG00000303131",889
"ENSG00000303132",861
"ENSG00000303133",1048
"ENSG00000303134",529
"ENSG00000303135",214
"ENSG00000303136",2831
"ENSG00000303137",1436
"ENSG00000303138",1598
"ENSG00000303139",744
"ENSG00000303140",1663
"ENSG00000303141",2801
"ENSG00000303142",396
"ENSG00000303143",422
"ENSG00000303144",327
"ENSG00000303145",406
"ENSG00000303146",712
"ENSG00000303147",534
"ENSG00000303148",2893
"ENSG00000303149",752
"ENSG00000303150",1002
"ENSG00000303151",790
"ENSG00000303152",318
"ENSG00000303153",791
"ENSG00000303154",1254
"ENSG00000303155",453
"ENSG00000303156",2375
"ENSG00000303157",1494
"ENSG00000303158",1432
"ENSG00000303159",1141
"ENSG00000303160",359
"ENSG00000303161",592
"ENSG00000303162",494
"ENSG00000303163",608
"ENSG00000303164",564
"ENSG00000303165",862
"ENSG00000303166",474
"ENSG00000303167",2390
"ENSG00000303168",278
"ENSG00000303169",567
"ENSG00000303170",325
"ENSG00000303171",955
"ENSG00000303172",2259
"ENSG00000303173",10712
"ENSG00000303174",513
"ENSG00000303175",597
"ENSG00000303176",687
"ENSG00000303177",1105
"ENSG00000303178",1643
"ENSG00000303179",1521
"ENSG00000303180",3520
"ENSG00000303181",639
"ENSG00000303182",5224
"ENSG00000303183",550
"ENSG00000303184",2974
"ENSG00000303185",717
"ENSG00000303186",3700
"ENSG00000303187",698
"ENSG00000303188",469
"ENSG00000303189",382
"ENSG00000303190",394
"ENSG00000303191",658
"ENSG00000303192",986
"ENSG00000303193",593
"ENSG00000303194",494
"ENSG00000303195",957
"ENSG00000303196",489
"ENSG00000303197",1374
"ENSG00000303198",275
"ENSG00000303199",1968
"ENSG00000303200",1653
"ENSG00000303201",539
"ENSG00000303202",378
"ENSG00000303203",1354
"ENSG00000303204",314
"ENSG00000303205",3911
"ENSG00000303206",1615
"ENSG00000303207",892
"ENSG00000303208",749
"ENSG00000303209",342
"ENSG00000303210",510
"ENSG00000303211",358
"ENSG00000303212",550
"ENSG00000303213",319
"ENSG00000303214",649
"ENSG00000303215",364
"ENSG00000303216",692
"ENSG00000303217",795
"ENSG00000303218",730
"ENSG00000303219",1106
"ENSG00000303220",333
"ENSG00000303221",8536
"ENSG00000303222",1770
"ENSG00000303223",608
"ENSG00000303224",2758
"ENSG00000303225",406
"ENSG00000303226",950
"ENSG00000303227",1711
"ENSG00000303228",626
"ENSG00000303229",411
"ENSG00000303230",570
"ENSG00000303231",742
"ENSG00000303232",660
"ENSG00000303233",968
"ENSG00000303234",641
"ENSG00000303235",1458
"ENSG00000303236",1599
"ENSG00000303237",554
"ENSG00000303238",476
"ENSG00000303239",297
"ENSG00000303240",3136
"ENSG00000303241",661
"ENSG00000303242",1326
"ENSG00000303243",1226
"ENSG00000303244",1079
"ENSG00000303245",440
"ENSG00000303246",358
"ENSG00000303247",713
"ENSG00000303248",416
"ENSG00000303249",431
"ENSG00000303250",482
"ENSG00000303251",3675
"ENSG00000303252",809
"ENSG00000303254",804
"ENSG00000303255",3552
"ENSG00000303256",780
"ENSG00000303257",420
"ENSG00000303258",1847
"ENSG00000303259",459
"ENSG00000303260",973
"ENSG00000303261",584
"ENSG00000303262",1329
"ENSG00000303263",840
"ENSG00000303264",910
"ENSG00000303265",3584
"ENSG00000303266",1318
"ENSG00000303267",1274
"ENSG00000303268",1819
"ENSG00000303269",1463
"ENSG00000303270",342
"ENSG00000303271",1017
"ENSG00000303272",1239
"ENSG00000303273",340
"ENSG00000303274",399
"ENSG00000303275",581
"ENSG00000303276",461
"ENSG00000303277",440
"ENSG00000303278",1180
"ENSG00000303279",633
"ENSG00000303280",527
"ENSG00000303281",1276
"ENSG00000303282",765
"ENSG00000303283",628
"ENSG00000303284",1207
"ENSG00000303285",785
"ENSG00000303286",600
"ENSG00000303287",972
"ENSG00000303288",521
"ENSG00000303289",569
"ENSG00000303290",491
"ENSG00000303291",484
"ENSG00000303292",1848
"ENSG00000303293",1233
"ENSG00000303294",868
"ENSG00000303295",631
"ENSG00000303296",432
"ENSG00000303297",530
"ENSG00000303298",265
"ENSG00000303299",593
"ENSG00000303300",295
"ENSG00000303301",935
"ENSG00000303302",421
"ENSG00000303303",980
"ENSG00000303304",233
"ENSG00000303305",1027
"ENSG00000303306",1253
"ENSG00000303307",716
"ENSG00000303308",410
"ENSG00000303309",319
"ENSG00000303310",415
"ENSG00000303311",1069
"ENSG00000303312",1039
"ENSG00000303313",626
"ENSG00000303314",1443
"ENSG00000303315",1027
"ENSG00000303316",446
"ENSG00000303317",1071
"ENSG00000303318",1908
"ENSG00000303319",3176
"ENSG00000303320",3897
"ENSG00000303321",749
"ENSG00000303322",466
"ENSG00000303323",382
"ENSG00000303324",7518
"ENSG00000303325",1131
"ENSG00000303326",692
"ENSG00000303327",789
"ENSG00000303328",958
"ENSG00000303329",812
"ENSG00000303330",540
"ENSG00000303331",1438
"ENSG00000303332",979
"ENSG00000303333",2069
"ENSG00000303334",952
"ENSG00000303335",1768
"ENSG00000303336",508
"ENSG00000303337",339
"ENSG00000303338",1030
"ENSG00000303339",800
"ENSG00000303340",524
"ENSG00000303341",437
"ENSG00000303342",382
"ENSG00000303343",300
"ENSG00000303344",688
"ENSG00000303345",683
"ENSG00000303346",1561
"ENSG00000303347",441
"ENSG00000303348",575
"ENSG00000303349",515
"ENSG00000303350",409
"ENSG00000303351",377
"ENSG00000303352",1459
"ENSG00000303353",1177
"ENSG00000303354",502
"ENSG00000303355",937
"ENSG00000303356",864
"ENSG00000303357",1278
"ENSG00000303358",1642
"ENSG00000303359",483
"ENSG00000303360",2516
"ENSG00000303361",2854
"ENSG00000303362",651
"ENSG00000303363",573
"ENSG00000303364",2374
"ENSG00000303365",575
"ENSG00000303366",1129
"ENSG00000303367",287
"ENSG00000303368",1378
"ENSG00000303369",679
"ENSG00000303370",476
"ENSG00000303371",984
"ENSG00000303372",821
"ENSG00000303373",1430
"ENSG00000303374",449
"ENSG00000303375",566
"ENSG00000303376",501
"ENSG00000303377",1525
"ENSG00000303378",873
"ENSG00000303379",337
"ENSG00000303380",615
"ENSG00000303381",2043
"ENSG00000303382",1394
"ENSG00000303383",446
"ENSG00000303384",761
"ENSG00000303385",824
"ENSG00000303386",1125
"ENSG00000303387",1244
"ENSG00000303388",1652
"ENSG00000303389",678
"ENSG00000303390",511
"ENSG00000303391",3060
"ENSG00000303392",782
"ENSG00000303393",606
"ENSG00000303394",389
"ENSG00000303395",740
"ENSG00000303396",559
"ENSG00000303397",1503
"ENSG00000303398",925
"ENSG00000303399",299
"ENSG00000303400",736
"ENSG00000303401",892
"ENSG00000303402",390
"ENSG00000303403",750
"ENSG00000303404",649
"ENSG00000303405",3049
"ENSG00000303406",343
"ENSG00000303407",393
"ENSG00000303408",295
"ENSG00000303409",747
"ENSG00000303410",696
"ENSG00000303411",1068
"ENSG00000303412",1937
"ENSG00000303413",759
"ENSG00000303414",1141
"ENSG00000303415",2064
"ENSG00000303416",1381
"ENSG00000303417",484
"ENSG00000303418",671
"ENSG00000303419",1580
"ENSG00000303420",463
"ENSG00000303421",651
"ENSG00000303422",1658
"ENSG00000303423",1505
"ENSG00000303424",908
"ENSG00000303425",433
"ENSG00000303426",3201
"ENSG00000303427",1039
"ENSG00000303428",322
"ENSG00000303429",586
"ENSG00000303430",1331
"ENSG00000303431",531
"ENSG00000303432",4338
"ENSG00000303433",1143
"ENSG00000303434",841
"ENSG00000303435",3681
"ENSG00000303436",354
"ENSG00000303437",520
"ENSG00000303438",1045
"ENSG00000303439",391
"ENSG00000303440",687
"ENSG00000303441",959
"ENSG00000303442",623
"ENSG00000303443",745
"ENSG00000303444",878
"ENSG00000303445",702
"ENSG00000303446",1550
"ENSG00000303447",1119
"ENSG00000303448",498
"ENSG00000303449",428
"ENSG00000303450",599
"ENSG00000303451",692
"ENSG00000303452",402
"ENSG00000303453",284
"ENSG00000303454",1516
"ENSG00000303455",1326
"ENSG00000303456",279
"ENSG00000303457",1621
"ENSG00000303458",329
"ENSG00000303459",896
"ENSG00000303460",431
"ENSG00000303461",604
"ENSG00000303462",868
"ENSG00000303463",1063
"ENSG00000303464",817
"ENSG00000303465",659
"ENSG00000303466",692
"ENSG00000303467",925
"ENSG00000303468",713
"ENSG00000303469",2299
"ENSG00000303470",1907
"ENSG00000303471",666
"ENSG00000303472",1134
"ENSG00000303473",1081
"ENSG00000303474",2232
"ENSG00000303475",1219
"ENSG00000303476",1803
"ENSG00000303477",402
"ENSG00000303478",510
"ENSG00000303479",636
"ENSG00000303480",2615
"ENSG00000303481",837
"ENSG00000303482",5994
"ENSG00000303483",312
"ENSG00000303484",765
"ENSG00000303485",646
"ENSG00000303486",998
"ENSG00000303487",959
"ENSG00000303488",749
"ENSG00000303489",1000
"ENSG00000303490",2923
"ENSG00000303491",740
"ENSG00000303492",1043
"ENSG00000303493",620
"ENSG00000303494",471
"ENSG00000303495",445
"ENSG00000303496",1650
"ENSG00000303497",3962
"ENSG00000303498",1554
"ENSG00000303499",488
"ENSG00000303500",520
"ENSG00000303501",2132
"ENSG00000303502",576
"ENSG00000303503",853
"ENSG00000303504",593
"ENSG00000303505",339
"ENSG00000303506",1297
"ENSG00000303507",582
"ENSG00000303508",550
"ENSG00000303509",655
"ENSG00000303510",463
"ENSG00000303511",537
"ENSG00000303512",1164
"ENSG00000303513",1394
"ENSG00000303514",516
"ENSG00000303515",567
"ENSG00000303516",697
"ENSG00000303517",751
"ENSG00000303518",955
"ENSG00000303519",819
"ENSG00000303520",2696
"ENSG00000303521",375
"ENSG00000303522",362
"ENSG00000303523",2657
"ENSG00000303524",2201
"ENSG00000303525",1924
"ENSG00000303526",433
"ENSG00000303527",1114
"ENSG00000303528",1497
"ENSG00000303529",955
"ENSG00000303530",588
"ENSG00000303531",773
"ENSG00000303532",3406
"ENSG00000303533",932
"ENSG00000303534",1648
"ENSG00000303535",483
"ENSG00000303536",1984
"ENSG00000303537",402
"ENSG00000303538",491
"ENSG00000303539",420
"ENSG00000303540",726
"ENSG00000303541",536
"ENSG00000303542",739
"ENSG00000303543",476
"ENSG00000303544",1590
"ENSG00000303545",1069
"ENSG00000303546",296
"ENSG00000303547",1057
"ENSG00000303548",1611
"ENSG00000303549",959
"ENSG00000303550",385
"ENSG00000303551",911
"ENSG00000303552",1471
"ENSG00000303553",166
"ENSG00000303554",1137
"ENSG00000303555",443
"ENSG00000303556",741
"ENSG00000303557",567
"ENSG00000303558",340
"ENSG00000303559",1114
"ENSG00000303560",1258
"ENSG00000303562",726
"ENSG00000303563",843
"ENSG00000303564",1891
"ENSG00000303565",3384
"ENSG00000303566",1276
"ENSG00000303567",1064
"ENSG00000303568",385
"ENSG00000303569",675
"ENSG00000303570",514
"ENSG00000303571",702
"ENSG00000303572",1118
"ENSG00000303573",2493
"ENSG00000303574",365
"ENSG00000303575",642
"ENSG00000303576",506
"ENSG00000303577",570
"ENSG00000303578",2193
"ENSG00000303579",341
"ENSG00000303580",802
"ENSG00000303581",468
"ENSG00000303582",887
"ENSG00000303583",831
"ENSG00000303584",1880
"ENSG00000303585",347
"ENSG00000303586",775
"ENSG00000303587",2597
"ENSG00000303588",1239
"ENSG00000303589",2581
"ENSG00000303590",679
"ENSG00000303591",1149
"ENSG00000303592",451
"ENSG00000303593",903
"ENSG00000303594",1961
"ENSG00000303595",947
"ENSG00000303596",910
"ENSG00000303597",524
"ENSG00000303598",477
"ENSG00000303599",742
"ENSG00000303600",661
"ENSG00000303601",470
"ENSG00000303602",2147
"ENSG00000303603",2616
"ENSG00000303604",3801
"ENSG00000303605",1856
"ENSG00000303606",3147
"ENSG00000303607",293
"ENSG00000303608",1204
"ENSG00000303609",816
"ENSG00000303610",458
"ENSG00000303611",1159
"ENSG00000303612",472
"ENSG00000303613",479
"ENSG00000303614",555
"ENSG00000303615",442
"ENSG00000303616",1351
"ENSG00000303617",528
"ENSG00000303618",315
"ENSG00000303619",848
"ENSG00000303620",1621
"ENSG00000303621",93
"ENSG00000303622",1162
"ENSG00000303623",354
"ENSG00000303624",576
"ENSG00000303625",759
"ENSG00000303626",643
"ENSG00000303627",588
"ENSG00000303628",1160
"ENSG00000303629",442
"ENSG00000303630",768
"ENSG00000303631",3110
"ENSG00000303632",949
"ENSG00000303633",741
"ENSG00000303634",670
"ENSG00000303635",317
"ENSG00000303636",1171
"ENSG00000303637",1861
"ENSG00000303638",1090
"ENSG00000303639",946
"ENSG00000303640",529
"ENSG00000303641",1859
"ENSG00000303642",1523
"ENSG00000303643",475
"ENSG00000303644",703
"ENSG00000303645",1548
"ENSG00000303646",975
"ENSG00000303647",2352
"ENSG00000303648",414
"ENSG00000303649",501
"ENSG00000303650",1019
"ENSG00000303651",772
"ENSG00000303652",1698
"ENSG00000303653",3520
"ENSG00000303654",325
"ENSG00000303655",580
"ENSG00000303656",996
"ENSG00000303657",515
"ENSG00000303658",993
"ENSG00000303659",1157
"ENSG00000303660",931
"ENSG00000303661",2266
"ENSG00000303662",861
"ENSG00000303663",320
"ENSG00000303664",390
"ENSG00000303665",1016
"ENSG00000303666",364
"ENSG00000303667",585
"ENSG00000303668",413
"ENSG00000303669",1140
"ENSG00000303670",1102
"ENSG00000303671",646
"ENSG00000303672",544
"ENSG00000303673",288
"ENSG00000303674",1898
"ENSG00000303675",481
"ENSG00000303676",579
"ENSG00000303677",1016
"ENSG00000303678",519
"ENSG00000303679",802
"ENSG00000303680",515
"ENSG00000303681",1653
"ENSG00000303682",1046
"ENSG00000303683",437
"ENSG00000303684",1861
"ENSG00000303685",999
"ENSG00000303686",1876
"ENSG00000303687",1242
"ENSG00000303688",1027
"ENSG00000303689",6161
"ENSG00000303690",724
"ENSG00000303691",866
"ENSG00000303692",652
"ENSG00000303693",866
"ENSG00000303694",1835
"ENSG00000303695",3997
"ENSG00000303696",2107
"ENSG00000303697",1429
"ENSG00000303698",416
"ENSG00000303699",484
"ENSG00000303700",864
"ENSG00000303701",641
"ENSG00000303702",1199
"ENSG00000303703",1071
"ENSG00000303704",1015
"ENSG00000303705",895
"ENSG00000303706",464
"ENSG00000303707",653
"ENSG00000303708",1013
"ENSG00000303709",2788
"ENSG00000303710",801
"ENSG00000303711",1161
"ENSG00000303712",701
"ENSG00000303713",555
"ENSG00000303714",730
"ENSG00000303715",582
"ENSG00000303716",1132
"ENSG00000303717",507
"ENSG00000303718",443
"ENSG00000303719",394
"ENSG00000303720",653
"ENSG00000303721",680
"ENSG00000303722",481
"ENSG00000303723",617
"ENSG00000303724",823
"ENSG00000303725",632
"ENSG00000303726",744
"ENSG00000303727",838
"ENSG00000303728",501
"ENSG00000303729",887
"ENSG00000303730",1185
"ENSG00000303731",1574
"ENSG00000303732",2304
"ENSG00000303733",1692
"ENSG00000303734",1363
"ENSG00000303735",214
"ENSG00000303736",1015
"ENSG00000303737",1173
"ENSG00000303738",860
"ENSG00000303739",766
"ENSG00000303740",396
"ENSG00000303741",1095
"ENSG00000303742",441
"ENSG00000303743",514
"ENSG00000303744",761
"ENSG00000303745",2045
"ENSG00000303746",1657
"ENSG00000303747",1120
"ENSG00000303748",1996
"ENSG00000303749",1014
"ENSG00000303750",748
"ENSG00000303751",907
"ENSG00000303752",1285
"ENSG00000303753",281
"ENSG00000303754",1456
"ENSG00000303755",690
"ENSG00000303756",745
"ENSG00000303757",672
"ENSG00000303758",385
"ENSG00000303759",586
"ENSG00000303760",1294
"ENSG00000303761",418
"ENSG00000303762",427
"ENSG00000303763",657
"ENSG00000303764",2040
"ENSG00000303765",4300
"ENSG00000303766",615
"ENSG00000303767",249
"ENSG00000303768",300
"ENSG00000303769",233
"ENSG00000303770",5826
"ENSG00000303771",3565
"ENSG00000303772",538
"ENSG00000303773",410
"ENSG00000303774",286
"ENSG00000303775",660
"ENSG00000303776",936
"ENSG00000303777",532
"ENSG00000303778",686
"ENSG00000303779",354
"ENSG00000303780",683
"ENSG00000303781",1597
"ENSG00000303782",484
"ENSG00000303783",1284
"ENSG00000303784",1030
"ENSG00000303785",651
"ENSG00000303786",637
"ENSG00000303787",774
"ENSG00000303788",767
"ENSG00000303789",558
"ENSG00000303790",1789
"ENSG00000303791",719
"ENSG00000303792",550
"ENSG00000303793",369
"ENSG00000303794",327
"ENSG00000303795",1835
"ENSG00000303796",216
"ENSG00000303797",521
"ENSG00000303798",1204
"ENSG00000303799",698
"ENSG00000303800",765
"ENSG00000303801",1433
"ENSG00000303802",292
"ENSG00000303803",948
"ENSG00000303804",973
"ENSG00000303805",863
"ENSG00000303806",716
"ENSG00000303807",2092
"ENSG00000303808",548
"ENSG00000303809",1409
"ENSG00000303810",610
"ENSG00000303811",808
"ENSG00000303812",291
"ENSG00000303813",1425
"ENSG00000303814",689
"ENSG00000303815",519
"ENSG00000303816",421
"ENSG00000303817",477
"ENSG00000303818",539
"ENSG00000303819",325
"ENSG00000303820",749
"ENSG00000303821",620
"ENSG00000303822",824
"ENSG00000303823",539
"ENSG00000303824",1660
"ENSG00000303825",209
"ENSG00000303826",537
"ENSG00000303827",1143
"ENSG00000303828",1096
"ENSG00000303829",817
"ENSG00000303830",1927
"ENSG00000303831",912
"ENSG00000303832",403
"ENSG00000303833",1176
"ENSG00000303834",648
"ENSG00000303835",498
"ENSG00000303836",1025
"ENSG00000303837",480
"ENSG00000303838",755
"ENSG00000303839",971
"ENSG00000303840",520
"ENSG00000303841",2797
"ENSG00000303842",491
"ENSG00000303843",619
"ENSG00000303844",886
"ENSG00000303845",1122
"ENSG00000303846",1498
"ENSG00000303847",1788
"ENSG00000303848",687
"ENSG00000303849",578
"ENSG00000303850",252
"ENSG00000303851",534
"ENSG00000303852",439
"ENSG00000303853",7389
"ENSG00000303854",1333
"ENSG00000303855",795
"ENSG00000303856",1001
"ENSG00000303857",1178
"ENSG00000303858",281
"ENSG00000303859",1961
"ENSG00000303860",642
"ENSG00000303861",2083
"ENSG00000303862",594
"ENSG00000303863",1167
"ENSG00000303864",858
"ENSG00000303865",628
"ENSG00000303866",1339
"ENSG00000303867",10647
"ENSG00000303868",1394
"ENSG00000303869",867
"ENSG00000303870",1201
"ENSG00000303871",558
"ENSG00000303872",2146
"ENSG00000303873",926
"ENSG00000303874",558
"ENSG00000303875",593
"ENSG00000303876",340
"ENSG00000303877",795
"ENSG00000303878",2652
"ENSG00000303879",501
"ENSG00000303880",709
"ENSG00000303881",1010
"ENSG00000303882",937
"ENSG00000303883",696
"ENSG00000303884",369
"ENSG00000303885",1276
"ENSG00000303886",395
"ENSG00000303887",426
"ENSG00000303888",498
"ENSG00000303889",1964
"ENSG00000303890",316
"ENSG00000303891",3493
"ENSG00000303892",1426
"ENSG00000303893",494
"ENSG00000303894",375
"ENSG00000303895",1110
"ENSG00000303896",408
"ENSG00000303897",2131
"ENSG00000303898",969
"ENSG00000303899",894
"ENSG00000303900",578
"ENSG00000303901",1914
"ENSG00000303902",3770
"ENSG00000303903",672
"ENSG00000303904",1241
"ENSG00000303905",3245
"ENSG00000303906",1949
"ENSG00000303907",1484
"ENSG00000303908",680
"ENSG00000303909",540
"ENSG00000303910",5452
"ENSG00000303911",282
"ENSG00000303912",363
"ENSG00000303913",719
"ENSG00000303914",713
"ENSG00000303915",718
"ENSG00000303916",1257
"ENSG00000303917",643
"ENSG00000303918",1103
"ENSG00000303919",1137
"ENSG00000303920",525
"ENSG00000303921",537
"ENSG00000303922",1239
"ENSG00000303923",467
"ENSG00000303924",1687
"ENSG00000303925",1065
"ENSG00000303926",780
"ENSG00000303927",696
"ENSG00000303928",1817
"ENSG00000303929",590
"ENSG00000303930",1210
"ENSG00000303931",1244
"ENSG00000303932",387
"ENSG00000303933",438
"ENSG00000303934",340
"ENSG00000303935",391
"ENSG00000303936",1643
"ENSG00000303937",307
"ENSG00000303938",3730
"ENSG00000303939",839
"ENSG00000303940",1538
"ENSG00000303941",2309
"ENSG00000303942",426
"ENSG00000303943",594
"ENSG00000303944",1750
"ENSG00000303945",449
"ENSG00000303946",2617
"ENSG00000303947",1046
"ENSG00000303948",1434
"ENSG00000303949",250
"ENSG00000303950",3724
"ENSG00000303951",556
"ENSG00000303952",769
"ENSG00000303953",2227
"ENSG00000303954",3664
"ENSG00000303955",645
"ENSG00000303956",517
"ENSG00000303957",316
"ENSG00000303958",688
"ENSG00000303959",795
"ENSG00000303960",611
"ENSG00000303961",327
"ENSG00000303962",1001
"ENSG00000303963",568
"ENSG00000303964",396
"ENSG00000303965",981
"ENSG00000303966",1089
"ENSG00000303967",1455
"ENSG00000303968",1675
"ENSG00000303969",1007
"ENSG00000303970",435
"ENSG00000303971",205
"ENSG00000303972",650
"ENSG00000303973",607
"ENSG00000303974",2687
"ENSG00000303975",423
"ENSG00000303976",954
"ENSG00000303977",1306
"ENSG00000303978",642
"ENSG00000303979",501
"ENSG00000303980",1407
"ENSG00000303981",1186
"ENSG00000303982",675
"ENSG00000303983",285
"ENSG00000303984",355
"ENSG00000303985",639
"ENSG00000303986",728
"ENSG00000303987",458
"ENSG00000303988",813
"ENSG00000303989",4288
"ENSG00000303990",266
"ENSG00000303991",6204
"ENSG00000303992",3706
"ENSG00000303993",223
"ENSG00000303994",634
"ENSG00000303995",1179
"ENSG00000303996",636
"ENSG00000303997",482
"ENSG00000303998",477
"ENSG00000303999",1332
"ENSG00000304000",640
"ENSG00000304001",499
"ENSG00000304002",758
"ENSG00000304003",393
"ENSG00000304004",198
"ENSG00000304005",496
"ENSG00000304006",776
"ENSG00000304007",774
"ENSG00000304008",790
"ENSG00000304009",570
"ENSG00000304010",577
"ENSG00000304011",4670
"ENSG00000304012",305
"ENSG00000304013",2368
"ENSG00000304014",270
"ENSG00000304015",224
"ENSG00000304016",397
"ENSG00000304017",564
"ENSG00000304018",992
"ENSG00000304019",346
"ENSG00000304020",596
"ENSG00000304021",341
"ENSG00000304022",510
"ENSG00000304023",1747
"ENSG00000304024",570
"ENSG00000304025",541
"ENSG00000304026",441
"ENSG00000304027",490
"ENSG00000304028",568
"ENSG00000304029",1026
"ENSG00000304030",1475
"ENSG00000304031",1972
"ENSG00000304032",1422
"ENSG00000304033",860
"ENSG00000304034",346
"ENSG00000304035",480
"ENSG00000304036",747
"ENSG00000304037",1376
"ENSG00000304038",1029
"ENSG00000304040",494
"ENSG00000304041",402
"ENSG00000304042",1511
"ENSG00000304043",547
"ENSG00000304044",772
"ENSG00000304045",725
"ENSG00000304046",479
"ENSG00000304047",400
"ENSG00000304048",1821
"ENSG00000304049",499
"ENSG00000304050",713
"ENSG00000304051",457
"ENSG00000304052",733
"ENSG00000304053",784
"ENSG00000304054",1146
"ENSG00000304055",941
"ENSG00000304056",2732
"ENSG00000304057",1664
"ENSG00000304058",2999
"ENSG00000304059",426
"ENSG00000304060",732
"ENSG00000304061",608
"ENSG00000304062",4750
"ENSG00000304063",678
"ENSG00000304064",573
"ENSG00000304065",662
"ENSG00000304066",1939
"ENSG00000304067",870
"ENSG00000304068",4232
"ENSG00000304069",861
"ENSG00000304070",820
"ENSG00000304071",964
"ENSG00000304072",922
"ENSG00000304073",2227
"ENSG00000304074",877
"ENSG00000304075",501
"ENSG00000304076",719
"ENSG00000304077",1404
"ENSG00000304078",729
"ENSG00000304079",1984
"ENSG00000304080",623
"ENSG00000304081",1090
"ENSG00000304082",2513
"ENSG00000304083",1756
"ENSG00000304084",876
"ENSG00000304085",637
"ENSG00000304086",705
"ENSG00000304087",517
"ENSG00000304088",460
"ENSG00000304089",1982
"ENSG00000304090",960
"ENSG00000304091",1088
"ENSG00000304092",1511
"ENSG00000304093",3967
"ENSG00000304094",781
"ENSG00000304095",346
"ENSG00000304096",1922
"ENSG00000304097",1323
"ENSG00000304098",941
"ENSG00000304099",601
"ENSG00000304100",935
"ENSG00000304101",448
"ENSG00000304102",1934
"ENSG00000304103",1607
"ENSG00000304104",693
"ENSG00000304105",829
"ENSG00000304106",1285
"ENSG00000304107",1827
"ENSG00000304108",427
"ENSG00000304109",1407
"ENSG00000304110",221
"ENSG00000304111",1359
"ENSG00000304112",708
"ENSG00000304113",343
"ENSG00000304114",374
"ENSG00000304115",542
"ENSG00000304116",403
"ENSG00000304117",251
"ENSG00000304118",959
"ENSG00000304119",1251
"ENSG00000304120",186
"ENSG00000304121",365
"ENSG00000304122",1190
"ENSG00000304123",2502
"ENSG00000304124",815
"ENSG00000304125",988
"ENSG00000304126",785
"ENSG00000304127",1836
"ENSG00000304128",691
"ENSG00000304129",2370
"ENSG00000304130",2094
"ENSG00000304131",739
"ENSG00000304132",475
"ENSG00000304133",791
"ENSG00000304134",1789
"ENSG00000304135",395
"ENSG00000304136",1194
"ENSG00000304137",1250
"ENSG00000304138",298
"ENSG00000304139",501
"ENSG00000304140",1119
"ENSG00000304141",1575
"ENSG00000304142",1185
"ENSG00000304143",711
"ENSG00000304144",353
"ENSG00000304145",410
"ENSG00000304146",1458
"ENSG00000304147",664
"ENSG00000304148",1683
"ENSG00000304149",396
"ENSG00000304150",1074
"ENSG00000304151",518
"ENSG00000304152",650
"ENSG00000304153",463
"ENSG00000304154",1695
"ENSG00000304155",372
"ENSG00000304156",585
"ENSG00000304157",1175
"ENSG00000304158",603
"ENSG00000304159",720
"ENSG00000304160",335
"ENSG00000304161",1145
"ENSG00000304162",1092
"ENSG00000304163",772
"ENSG00000304164",530
"ENSG00000304165",1226
"ENSG00000304166",571
"ENSG00000304167",726
"ENSG00000304168",585
"ENSG00000304169",972
"ENSG00000304170",693
"ENSG00000304171",1452
"ENSG00000304172",1518
"ENSG00000304173",3812
"ENSG00000304174",715
"ENSG00000304175",582
"ENSG00000304176",11248
"ENSG00000304177",654
"ENSG00000304178",418
"ENSG00000304179",679
"ENSG00000304180",2817
"ENSG00000304181",1017
"ENSG00000304182",844
"ENSG00000304183",494
"ENSG00000304184",367
"ENSG00000304185",583
"ENSG00000304186",1089
"ENSG00000304187",1762
"ENSG00000304188",606
"ENSG00000304189",1819
"ENSG00000304190",213
"ENSG00000304191",1563
"ENSG00000304192",558
"ENSG00000304193",1382
"ENSG00000304194",3108
"ENSG00000304195",323
"ENSG00000304196",979
"ENSG00000304197",2658
"ENSG00000304198",238
"ENSG00000304199",582
"ENSG00000304200",306
"ENSG00000304201",3038
"ENSG00000304202",1690
"ENSG00000304203",630
"ENSG00000304204",1046
"ENSG00000304205",403
"ENSG00000304206",606
"ENSG00000304207",1158
"ENSG00000304208",1257
"ENSG00000304209",299
"ENSG00000304210",1476
"ENSG00000304211",463
"ENSG00000304212",1657
"ENSG00000304213",565
"ENSG00000304214",270
"ENSG00000304215",630
"ENSG00000304216",512
"ENSG00000304217",655
"ENSG00000304218",2061
"ENSG00000304219",2092
"ENSG00000304220",1175
"ENSG00000304221",581
"ENSG00000304222",339
"ENSG00000304223",374
"ENSG00000304224",3196
"ENSG00000304225",902
"ENSG00000304226",1622
"ENSG00000304227",793
"ENSG00000304228",1996
"ENSG00000304229",1090
"ENSG00000304230",1143
"ENSG00000304231",1326
"ENSG00000304232",451
"ENSG00000304233",208
"ENSG00000304234",790
"ENSG00000304235",606
"ENSG00000304236",2138
"ENSG00000304237",350
"ENSG00000304238",1499
"ENSG00000304239",499
"ENSG00000304240",522
"ENSG00000304241",795
"ENSG00000304242",1076
"ENSG00000304243",680
"ENSG00000304244",968
"ENSG00000304245",516
"ENSG00000304246",467
"ENSG00000304247",422
"ENSG00000304248",813
"ENSG00000304249",947
"ENSG00000304250",809
"ENSG00000304251",844
"ENSG00000304252",533
"ENSG00000304253",633
"ENSG00000304254",3171
"ENSG00000304255",588
"ENSG00000304256",629
"ENSG00000304257",996
"ENSG00000304258",516
"ENSG00000304259",528
"ENSG00000304260",423
"ENSG00000304261",474
"ENSG00000304262",4327
"ENSG00000304263",716
"ENSG00000304264",852
"ENSG00000304265",935
"ENSG00000304266",591
"ENSG00000304267",956
"ENSG00000304268",542
"ENSG00000304269",459
"ENSG00000304270",437
"ENSG00000304271",570
"ENSG00000304272",885
"ENSG00000304273",1287
"ENSG00000304274",1365
"ENSG00000304275",221
"ENSG00000304276",1276
"ENSG00000304277",499
"ENSG00000304278",898
"ENSG00000304279",1164
"ENSG00000304280",948
"ENSG00000304281",888
"ENSG00000304282",2195
"ENSG00000304283",1436
"ENSG00000304284",490
"ENSG00000304285",396
"ENSG00000304286",293
"ENSG00000304287",1219
"ENSG00000304288",401
"ENSG00000304289",969
"ENSG00000304290",344
"ENSG00000304291",145
"ENSG00000304292",321
"ENSG00000304293",1332
"ENSG00000304294",1273
"ENSG00000304295",790
"ENSG00000304296",352
"ENSG00000304297",567
"ENSG00000304298",630
"ENSG00000304299",759
"ENSG00000304300",1179
"ENSG00000304301",291
"ENSG00000304302",627
"ENSG00000304303",804
"ENSG00000304304",13163
"ENSG00000304305",1326
"ENSG00000304306",931
"ENSG00000304307",1119
"ENSG00000304308",497
"ENSG00000304309",8301
"ENSG00000304310",486
"ENSG00000304311",460
"ENSG00000304312",1704
"ENSG00000304313",1530
"ENSG00000304314",1282
"ENSG00000304315",872
"ENSG00000304316",2533
"ENSG00000304317",465
"ENSG00000304318",843
"ENSG00000304319",496
"ENSG00000304320",180
"ENSG00000304321",1063
"ENSG00000304322",588
"ENSG00000304323",547
"ENSG00000304324",1060
"ENSG00000304325",521
"ENSG00000304326",645
"ENSG00000304327",382
"ENSG00000304328",877
"ENSG00000304329",278
"ENSG00000304330",1581
"ENSG00000304331",340
"ENSG00000304332",1729
"ENSG00000304333",572
"ENSG00000304334",594
"ENSG00000304335",630
"ENSG00000304336",946
"ENSG00000304337",471
"ENSG00000304338",912
"ENSG00000304339",571
"ENSG00000304340",482
"ENSG00000304341",271
"ENSG00000304342",332
"ENSG00000304343",825
"ENSG00000304344",5093
"ENSG00000304345",1053
"ENSG00000304346",332
"ENSG00000304347",755
"ENSG00000304348",1051
"ENSG00000304349",1862
"ENSG00000304350",440
"ENSG00000304351",537
"ENSG00000304352",1154
"ENSG00000304353",1367
"ENSG00000304354",2610
"ENSG00000304355",353
"ENSG00000304356",353
"ENSG00000304357",442
"ENSG00000304358",752
"ENSG00000304359",565
"ENSG00000304360",1054
"ENSG00000304361",783
"ENSG00000304362",414
"ENSG00000304363",1457
"ENSG00000304364",1097
"ENSG00000304365",241
"ENSG00000304366",1805
"ENSG00000304367",1034
"ENSG00000304368",1242
"ENSG00000304369",2225
"ENSG00000304370",750
"ENSG00000304371",630
"ENSG00000304372",704
"ENSG00000304373",441
"ENSG00000304374",1993
"ENSG00000304375",1104
"ENSG00000304376",3091
"ENSG00000304377",1549
"ENSG00000304378",405
"ENSG00000304379",1123
"ENSG00000304380",862
"ENSG00000304381",1362
"ENSG00000304382",666
"ENSG00000304383",1492
"ENSG00000304384",817
"ENSG00000304385",1547
"ENSG00000304386",1272
"ENSG00000304387",453
"ENSG00000304388",506
"ENSG00000304389",421
"ENSG00000304390",562
"ENSG00000304391",695
"ENSG00000304392",1085
"ENSG00000304393",436
"ENSG00000304394",498
"ENSG00000304395",797
"ENSG00000304396",9819
"ENSG00000304397",555
"ENSG00000304398",327
"ENSG00000304399",1119
"ENSG00000304400",679
"ENSG00000304401",451
"ENSG00000304402",1275
"ENSG00000304403",839
"ENSG00000304404",1074
"ENSG00000304405",463
"ENSG00000304406",589
"ENSG00000304407",620
"ENSG00000304408",453
"ENSG00000304409",290
"ENSG00000304410",520
"ENSG00000304411",545
"ENSG00000304412",499
"ENSG00000304413",586
"ENSG00000304414",458
"ENSG00000304415",658
"ENSG00000304416",1655
"ENSG00000304417",472
"ENSG00000304418",432
"ENSG00000304419",2068
"ENSG00000304420",224
"ENSG00000304421",1372
"ENSG00000304422",1198
"ENSG00000304423",2622
"ENSG00000304424",703
"ENSG00000304425",770
"ENSG00000304426",906
"ENSG00000304427",1532
"ENSG00000304428",627
"ENSG00000304429",705
"ENSG00000304430",3098
"ENSG00000304431",1090
"ENSG00000304432",448
"ENSG00000304433",405
"ENSG00000304434",586
"ENSG00000304435",1731
"ENSG00000304436",1265
"ENSG00000304437",2232
"ENSG00000304438",2070
"ENSG00000304439",919
"ENSG00000304440",798
"ENSG00000304441",356
"ENSG00000304442",969
"ENSG00000304443",1305
"ENSG00000304444",217
"ENSG00000304445",780
"ENSG00000304446",1205
"ENSG00000304447",3345
"ENSG00000304448",1490
"ENSG00000304449",2757
"ENSG00000304450",344
"ENSG00000304451",260
"ENSG00000304452",558
"ENSG00000304453",536
"ENSG00000304454",1409
"ENSG00000304455",1479
"ENSG00000304456",761
"ENSG00000304457",967
"ENSG00000304458",990
"ENSG00000304459",501
"ENSG00000304460",983
"ENSG00000304461",576
"ENSG00000304462",451
"ENSG00000304463",1021
"ENSG00000304464",766
"ENSG00000304465",572
"ENSG00000304466",2778
"ENSG00000304467",512
"ENSG00000304468",779
"ENSG00000304469",675
"ENSG00000304470",546
"ENSG00000304471",693
"ENSG00000304472",857
"ENSG00000304473",477
"ENSG00000304474",755
"ENSG00000304475",767
"ENSG00000304476",1531
"ENSG00000304477",387
"ENSG00000304478",1605
"ENSG00000304479",253
"ENSG00000304480",1403
"ENSG00000304481",1179
"ENSG00000304482",757
"ENSG00000304483",685
"ENSG00000304484",1142
"ENSG00000304485",1218
"ENSG00000304486",529
"ENSG00000304487",909
"ENSG00000304488",633
"ENSG00000304489",301
"ENSG00000304490",662
"ENSG00000304491",847
"ENSG00000304492",498
"ENSG00000304493",586
"ENSG00000304494",2251
"ENSG00000304495",1351
"ENSG00000304496",2275
"ENSG00000304497",6747
"ENSG00000304498",571
"ENSG00000304499",966
"ENSG00000304500",566
"ENSG00000304501",1671
"ENSG00000304502",947
"ENSG00000304503",1500
"ENSG00000304504",3085
"ENSG00000304505",544
"ENSG00000304506",497
"ENSG00000304507",757
"ENSG00000304508",359
"ENSG00000304509",693
"ENSG00000304510",596
"ENSG00000304511",468
"ENSG00000304512",491
"ENSG00000304513",1023
"ENSG00000304514",1102
"ENSG00000304515",561
"ENSG00000304516",532
"ENSG00000304517",203
"ENSG00000304518",870
"ENSG00000304519",1152
"ENSG00000304520",1285
"ENSG00000304521",311
"ENSG00000304522",546
"ENSG00000304523",886
"ENSG00000304524",3353
"ENSG00000304525",316
"ENSG00000304526",1208
"ENSG00000304527",871
"ENSG00000304528",766
"ENSG00000304529",4183
"ENSG00000304530",706
"ENSG00000304531",587
"ENSG00000304532",1346
"ENSG00000304533",1274
"ENSG00000304534",461
"ENSG00000304535",623
"ENSG00000304536",549
"ENSG00000304537",417
"ENSG00000304538",413
"ENSG00000304539",1859
"ENSG00000304540",607
"ENSG00000304541",3415
"ENSG00000304542",683
"ENSG00000304543",1249
"ENSG00000304544",504
"ENSG00000304545",1022
"ENSG00000304546",474
"ENSG00000304547",1975
"ENSG00000304548",243
"ENSG00000304549",2062
"ENSG00000304550",1538
"ENSG00000304551",1202
"ENSG00000304552",4299
"ENSG00000304553",2092
"ENSG00000304554",652
"ENSG00000304555",344
"ENSG00000304556",947
"ENSG00000304557",680
"ENSG00000304558",997
"ENSG00000304559",344
"ENSG00000304560",2519
"ENSG00000304561",2087
"ENSG00000304562",1114
"ENSG00000304563",784
"ENSG00000304564",5742
"ENSG00000304565",1173
"ENSG00000304566",2440
"ENSG00000304567",278
"ENSG00000304568",260
"ENSG00000304569",2005
"ENSG00000304570",203
"ENSG00000304571",262
"ENSG00000304572",1319
"ENSG00000304573",2328
"ENSG00000304574",666
"ENSG00000304575",596
"ENSG00000304576",1337
"ENSG00000304577",1159
"ENSG00000304578",706
"ENSG00000304579",438
"ENSG00000304580",807
"ENSG00000304581",522
"ENSG00000304582",410
"ENSG00000304583",1132
"ENSG00000304584",833
"ENSG00000304585",809
"ENSG00000304586",1499
"ENSG00000304587",632
"ENSG00000304588",1527
"ENSG00000304589",3196
"ENSG00000304590",1376
"ENSG00000304591",560
"ENSG00000304592",931
"ENSG00000304593",1404
"ENSG00000304594",593
"ENSG00000304595",589
"ENSG00000304596",1133
"ENSG00000304597",537
"ENSG00000304598",1116
"ENSG00000304599",454
"ENSG00000304600",387
"ENSG00000304601",486
"ENSG00000304602",2733
"ENSG00000304603",648
"ENSG00000304604",963
"ENSG00000304605",487
"ENSG00000304606",507
"ENSG00000304607",419
"ENSG00000304608",902
"ENSG00000304609",1236
"ENSG00000304610",1702
"ENSG00000304611",645
"ENSG00000304612",1614
"ENSG00000304613",593
"ENSG00000304614",596
"ENSG00000304615",1328
"ENSG00000304616",2189
"ENSG00000304617",1053
"ENSG00000304618",356
"ENSG00000304619",3844
"ENSG00000304620",568
"ENSG00000304621",565
"ENSG00000304622",304
"ENSG00000304623",813
"ENSG00000304624",290
"ENSG00000304625",1527
"ENSG00000304626",691
"ENSG00000304627",630
"ENSG00000304628",887
"ENSG00000304629",1586
"ENSG00000304630",971
"ENSG00000304631",1293
"ENSG00000304632",545
"ENSG00000304633",950
"ENSG00000304634",1188
"ENSG00000304635",3184
"ENSG00000304636",771
"ENSG00000304637",1000
"ENSG00000304638",495
"ENSG00000304639",1273
"ENSG00000304640",756
"ENSG00000304641",1156
"ENSG00000304642",1880
"ENSG00000304643",404
"ENSG00000304644",317
"ENSG00000304645",1395
"ENSG00000304646",1427
"ENSG00000304647",451
"ENSG00000304648",368
"ENSG00000304649",440
"ENSG00000304650",1300
"ENSG00000304651",842
"ENSG00000304652",170
"ENSG00000304653",550
"ENSG00000304654",1233
"ENSG00000304655",2031
"ENSG00000304656",708
"ENSG00000304657",566
"ENSG00000304658",1673
"ENSG00000304659",301
"ENSG00000304660",416
"ENSG00000304661",1730
"ENSG00000304662",745
"ENSG00000304663",1810
"ENSG00000304664",1144
"ENSG00000304665",591
"ENSG00000304666",1763
"ENSG00000304667",625
"ENSG00000304668",1008
"ENSG00000304669",749
"ENSG00000304670",329
"ENSG00000304671",650
"ENSG00000304672",426
"ENSG00000304673",485
"ENSG00000304674",1641
"ENSG00000304675",279
"ENSG00000304676",1385
"ENSG00000304677",1586
"ENSG00000304678",572
"ENSG00000304679",891
"ENSG00000304680",515
"ENSG00000304681",1156
"ENSG00000304682",810
"ENSG00000304683",322
"ENSG00000304684",394
"ENSG00000304685",433
"ENSG00000304686",639
"ENSG00000304687",557
"ENSG00000304688",1052
"ENSG00000304689",618
"ENSG00000304690",903
"ENSG00000304691",265
"ENSG00000304692",597
"ENSG00000304693",397
"ENSG00000304694",4461
"ENSG00000304695",2271
"ENSG00000304696",987
"ENSG00000304697",270
"ENSG00000304698",1072
"ENSG00000304699",798
"ENSG00000304700",436
"ENSG00000304701",303
"ENSG00000304702",525
"ENSG00000304703",973
"ENSG00000304704",470
"ENSG00000304705",577
"ENSG00000304706",1606
"ENSG00000304707",838
"ENSG00000304708",1950
"ENSG00000304709",303
"ENSG00000304710",322
"ENSG00000304711",389
"ENSG00000304712",416
"ENSG00000304713",3450
"ENSG00000304714",2009
"ENSG00000304715",603
"ENSG00000304716",723
"ENSG00000304717",399
"ENSG00000304718",1033
"ENSG00000304719",444
"ENSG00000304720",2898
"ENSG00000304721",1182
"ENSG00000304722",1576
"ENSG00000304723",804
"ENSG00000304724",1265
"ENSG00000304725",2786
"ENSG00000304726",470
"ENSG00000304727",290
"ENSG00000304728",441
"ENSG00000304729",1972
"ENSG00000304730",255
"ENSG00000304731",3871
"ENSG00000304732",1071
"ENSG00000304733",1131
"ENSG00000304734",1159
"ENSG00000304735",388
"ENSG00000304736",805
"ENSG00000304737",1759
"ENSG00000304738",834
"ENSG00000304739",2346
"ENSG00000304740",646
"ENSG00000304741",317
"ENSG00000304742",848
"ENSG00000304743",579
"ENSG00000304744",534
"ENSG00000304745",12354
"ENSG00000304746",1114
"ENSG00000304747",950
"ENSG00000304748",453
"ENSG00000304749",352
"ENSG00000304750",429
"ENSG00000304751",917
"ENSG00000304752",1780
"ENSG00000304753",2166
"ENSG00000304754",397
"ENSG00000304755",515
"ENSG00000304756",1691
"ENSG00000304757",1118
"ENSG00000304758",370
"ENSG00000304759",1727
"ENSG00000304760",527
"ENSG00000304761",397
"ENSG00000304762",654
"ENSG00000304763",442
"ENSG00000304764",2268
"ENSG00000304765",747
"ENSG00000304766",661
"ENSG00000304767",549
"ENSG00000304768",303
"ENSG00000304769",760
"ENSG00000304770",1092
"ENSG00000304771",809
"ENSG00000304772",607
"ENSG00000304773",463
"ENSG00000304774",331
"ENSG00000304775",4041
"ENSG00000304776",641
"ENSG00000304777",1010
"ENSG00000304778",1133
"ENSG00000304779",1759
"ENSG00000304780",517
"ENSG00000304781",978
"ENSG00000304782",1949
"ENSG00000304783",880
"ENSG00000304784",928
"ENSG00000304785",970
"ENSG00000304786",461
"ENSG00000304787",403
"ENSG00000304788",612
"ENSG00000304789",116
"ENSG00000304790",805
"ENSG00000304791",341
"ENSG00000304792",684
"ENSG00000304793",804
"ENSG00000304794",837
"ENSG00000304795",743
"ENSG00000304796",611
"ENSG00000304797",372
"ENSG00000304798",1166
"ENSG00000304799",659
"ENSG00000304800",344
"ENSG00000304801",393
"ENSG00000304802",514
"ENSG00000304803",1977
"ENSG00000304804",694
"ENSG00000304805",912
"ENSG00000304806",407
"ENSG00000304807",3526
"ENSG00000304808",1524
"ENSG00000304809",306
"ENSG00000304810",163
"ENSG00000304811",756
"ENSG00000304812",1271
"ENSG00000304813",264
"ENSG00000304814",529
"ENSG00000304815",1230
"ENSG00000304816",4542
"ENSG00000304817",2754
"ENSG00000304818",1668
"ENSG00000304819",1023
"ENSG00000304820",999
"ENSG00000304821",1299
"ENSG00000304822",650
"ENSG00000304823",3264
"ENSG00000304824",1116
"ENSG00000304825",505
"ENSG00000304826",426
"ENSG00000304827",399
"ENSG00000304828",2174
"ENSG00000304829",560
"ENSG00000304830",794
"ENSG00000304831",663
"ENSG00000304832",638
"ENSG00000304833",477
"ENSG00000304834",384
"ENSG00000304835",269
"ENSG00000304836",588
"ENSG00000304837",888
"ENSG00000304838",1374
"ENSG00000304839",825
"ENSG00000304840",1393
"ENSG00000304841",929
"ENSG00000304842",1285
"ENSG00000304843",636
"ENSG00000304844",450
"ENSG00000304845",1122
"ENSG00000304846",666
"ENSG00000304847",1827
"ENSG00000304848",2557
"ENSG00000304849",748
"ENSG00000304850",763
"ENSG00000304851",435
"ENSG00000304852",790
"ENSG00000304853",1910
"ENSG00000304854",4242
"ENSG00000304855",414
"ENSG00000304856",384
"ENSG00000304857",708
"ENSG00000304858",686
"ENSG00000304859",520
"ENSG00000304860",1107
"ENSG00000304861",597
"ENSG00000304862",910
"ENSG00000304863",2767
"ENSG00000304864",252
"ENSG00000304865",449
"ENSG00000304866",434
"ENSG00000304867",1371
"ENSG00000304868",632
"ENSG00000304869",799
"ENSG00000304870",989
"ENSG00000304871",740
"ENSG00000304872",394
"ENSG00000304873",908
"ENSG00000304874",2722
"ENSG00000304875",3462
"ENSG00000304876",946
"ENSG00000304877",2706
"ENSG00000304878",300
"ENSG00000304879",448
"ENSG00000304880",518
"ENSG00000304881",812
"ENSG00000304882",833
"ENSG00000304883",1941
"ENSG00000304884",1067
"ENSG00000304885",801
"ENSG00000304886",446
"ENSG00000304887",845
"ENSG00000304888",606
"ENSG00000304889",499
"ENSG00000304890",1095
"ENSG00000304891",656
"ENSG00000304892",648
"ENSG00000304893",439
"ENSG00000304894",802
"ENSG00000304895",2047
"ENSG00000304896",378
"ENSG00000304897",327
"ENSG00000304898",507
"ENSG00000304899",1228
"ENSG00000304900",1865
"ENSG00000304901",421
"ENSG00000304902",1156
"ENSG00000304903",660
"ENSG00000304904",524
"ENSG00000304905",453
"ENSG00000304906",871
"ENSG00000304907",1607
"ENSG00000304908",301
"ENSG00000304909",1812
"ENSG00000304910",718
"ENSG00000304911",540
"ENSG00000304912",262
"ENSG00000304913",299
"ENSG00000304914",696
"ENSG00000304915",577
"ENSG00000304916",2312
"ENSG00000304917",391
"ENSG00000304918",593
"ENSG00000304919",735
"ENSG00000304920",700
"ENSG00000304921",1123
"ENSG00000304922",2435
"ENSG00000304923",321
"ENSG00000304924",993
"ENSG00000304925",625
"ENSG00000304926",438
"ENSG00000304927",281
"ENSG00000304928",406
"ENSG00000304929",591
"ENSG00000304930",2514
"ENSG00000304931",934
"ENSG00000304932",1414
"ENSG00000304933",516
"ENSG00000304934",559
"ENSG00000304935",1649
"ENSG00000304936",2513
"ENSG00000304937",313
"ENSG00000304938",2236
"ENSG00000304939",779
"ENSG00000304940",298
"ENSG00000304941",1184
"ENSG00000304942",883
"ENSG00000304943",533
"ENSG00000304944",394
"ENSG00000304945",2469
"ENSG00000304946",503
"ENSG00000304947",464
"ENSG00000304948",553
"ENSG00000304949",957
"ENSG00000304950",742
"ENSG00000304951",653
"ENSG00000304952",1000
"ENSG00000304953",279
"ENSG00000304954",1310
"ENSG00000304955",2850
"ENSG00000304956",1512
"ENSG00000304957",589
"ENSG00000304958",1014
"ENSG00000304959",1680
"ENSG00000304960",1202
"ENSG00000304961",2065
"ENSG00000304962",437
"ENSG00000304963",347
"ENSG00000304964",2717
"ENSG00000304965",850
"ENSG00000304966",194
"ENSG00000304967",1648
"ENSG00000304968",785
"ENSG00000304969",1693
"ENSG00000304970",1672
"ENSG00000304971",215
"ENSG00000304972",283
"ENSG00000304973",528
"ENSG00000304974",1561
"ENSG00000304975",1295
"ENSG00000304976",1327
"ENSG00000304977",480
"ENSG00000304978",345
"ENSG00000304979",1128
"ENSG00000304980",274
"ENSG00000304981",557
"ENSG00000304982",868
"ENSG00000304983",2957
"ENSG00000304984",1891
"ENSG00000304985",890
"ENSG00000304986",333
"ENSG00000304987",390
"ENSG00000304988",2564
"ENSG00000304989",883
"ENSG00000304990",541
"ENSG00000304991",211
"ENSG00000304992",1359
"ENSG00000304993",1047
"ENSG00000304994",2707
"ENSG00000304995",375
"ENSG00000304996",1343
"ENSG00000304997",2798
"ENSG00000304998",1231
"ENSG00000304999",694
"ENSG00000305000",897
"ENSG00000305001",661
"ENSG00000305002",747
"ENSG00000305003",419
"ENSG00000305004",936
"ENSG00000305005",914
"ENSG00000305006",503
"ENSG00000305007",708
"ENSG00000305008",1465
"ENSG00000305009",789
"ENSG00000305010",346
"ENSG00000305011",872
"ENSG00000305012",2064
"ENSG00000305013",1134
"ENSG00000305014",2984
"ENSG00000305015",769
"ENSG00000305016",576
"ENSG00000305017",638
"ENSG00000305018",638
"ENSG00000305019",584
"ENSG00000305020",624
"ENSG00000305021",2294
"ENSG00000305022",1017
"ENSG00000305023",329
"ENSG00000305024",1370
"ENSG00000305025",1627
"ENSG00000305026",1080
"ENSG00000305027",617
"ENSG00000305028",592
"ENSG00000305029",412
"ENSG00000305030",603
"ENSG00000305031",761
"ENSG00000305032",622
"ENSG00000305033",416
"ENSG00000305034",900
"ENSG00000305035",1054
"ENSG00000305036",833
"ENSG00000305037",742
"ENSG00000305038",502
"ENSG00000305039",214
"ENSG00000305040",609
"ENSG00000305041",692
"ENSG00000305042",680
"ENSG00000305043",433
"ENSG00000305044",1106
"ENSG00000305045",287
"ENSG00000305046",628
"ENSG00000305047",3359
"ENSG00000305048",2630
"ENSG00000305049",1204
"ENSG00000305050",490
"ENSG00000305051",1563
"ENSG00000305052",624
"ENSG00000305053",470
"ENSG00000305054",791
"ENSG00000305055",2859
"ENSG00000305056",435
"ENSG00000305057",631
"ENSG00000305058",1383
"ENSG00000305059",349
"ENSG00000305060",385
"ENSG00000305061",552
"ENSG00000305062",1063
"ENSG00000305063",906
"ENSG00000305064",438
"ENSG00000305065",740
"ENSG00000305066",1169
"ENSG00000305067",1561
"ENSG00000305068",818
"ENSG00000305069",590
"ENSG00000305070",998
"ENSG00000305071",943
"ENSG00000305072",472
"ENSG00000305073",1585
"ENSG00000305074",663
"ENSG00000305075",1802
"ENSG00000305076",2127
"ENSG00000305077",2303
"ENSG00000305078",269
"ENSG00000305079",908
"ENSG00000305080",695
"ENSG00000305081",549
"ENSG00000305082",967
"ENSG00000305083",418
"ENSG00000305084",970
"ENSG00000305085",625
"ENSG00000305086",570
"ENSG00000305087",557
"ENSG00000305088",1395
"ENSG00000305089",1024
"ENSG00000305090",3997
"ENSG00000305091",593
"ENSG00000305092",810
"ENSG00000305093",727
"ENSG00000305094",749
"ENSG00000305095",1203
"ENSG00000305096",806
"ENSG00000305097",321
"ENSG00000305098",1439
"ENSG00000305099",512
"ENSG00000305100",1054
"ENSG00000305101",596
"ENSG00000305102",2744
"ENSG00000305103",3065
"ENSG00000305104",1788
"ENSG00000305105",2436
"ENSG00000305106",927
"ENSG00000305107",851
"ENSG00000305108",1027
"ENSG00000305109",2857
"ENSG00000305110",1520
"ENSG00000305111",852
"ENSG00000305112",2694
"ENSG00000305113",1047
"ENSG00000305114",2670
"ENSG00000305115",312
"ENSG00000305116",900
"ENSG00000305117",375
"ENSG00000305118",375
"ENSG00000305119",1316
"ENSG00000305120",1583
"ENSG00000305121",444
"ENSG00000305122",3460
"ENSG00000305123",572
"ENSG00000305124",524
"ENSG00000305125",1513
"ENSG00000305126",641
"ENSG00000305127",1098
"ENSG00000305128",2582
"ENSG00000305129",1644
"ENSG00000305130",423
"ENSG00000305131",1544
"ENSG00000305132",320
"ENSG00000305133",925
"ENSG00000305134",1788
"ENSG00000305135",481
"ENSG00000305136",611
"ENSG00000305137",963
"ENSG00000305138",406
"ENSG00000305139",869
"ENSG00000305140",429
"ENSG00000305141",346
"ENSG00000305142",333
"ENSG00000305143",3634
"ENSG00000305144",588
"ENSG00000305145",301
"ENSG00000305146",671
"ENSG00000305147",1194
"ENSG00000305148",2711
"ENSG00000305149",381
"ENSG00000305150",780
"ENSG00000305151",912
"ENSG00000305152",324
"ENSG00000305153",845
"ENSG00000305154",1153
"ENSG00000305155",2054
"ENSG00000305156",1312
"ENSG00000305157",734
"ENSG00000305158",1185
"ENSG00000305159",416
"ENSG00000305160",713
"ENSG00000305161",636
"ENSG00000305162",797
"ENSG00000305163",693
"ENSG00000305164",1006
"ENSG00000305165",762
"ENSG00000305166",569
"ENSG00000305167",1133
"ENSG00000305168",345
"ENSG00000305169",469
"ENSG00000305170",351
"ENSG00000305171",382
"ENSG00000305172",3020
"ENSG00000305173",1122
"ENSG00000305174",486
"ENSG00000305175",566
"ENSG00000305176",397
"ENSG00000305177",580
"ENSG00000305178",1272
"ENSG00000305179",745
"ENSG00000305180",179
"ENSG00000305181",332
"ENSG00000305182",1708
"ENSG00000305183",632
"ENSG00000305184",729
"ENSG00000305185",1280
"ENSG00000305186",481
"ENSG00000305187",299
"ENSG00000305188",530
"ENSG00000305189",1000
"ENSG00000305190",692
"ENSG00000305191",652
"ENSG00000305192",756
"ENSG00000305193",839
"ENSG00000305194",1814
"ENSG00000305195",795
"ENSG00000305196",504
"ENSG00000305197",406
"ENSG00000305198",1288
"ENSG00000305199",841
"ENSG00000305200",828
"ENSG00000305201",637
"ENSG00000305202",534
"ENSG00000305203",647
"ENSG00000305204",770
"ENSG00000305205",5567
"ENSG00000305206",400
"ENSG00000305207",450
"ENSG00000305208",1602
"ENSG00000305209",1303
"ENSG00000305210",1621
"ENSG00000305211",1478
"ENSG00000305212",830
"ENSG00000305213",759
"ENSG00000305214",251
"ENSG00000305215",1775
"ENSG00000305216",810
"ENSG00000305217",779
"ENSG00000305218",650
"ENSG00000305219",793
"ENSG00000305220",590
"ENSG00000305221",719
"ENSG00000305222",703
"ENSG00000305223",230
"ENSG00000305224",1466
"ENSG00000305225",1160
"ENSG00000305226",899
"ENSG00000305227",560
"ENSG00000305228",939
"ENSG00000305229",777
"ENSG00000305230",769
"ENSG00000305231",740
"ENSG00000305232",421
"ENSG00000305233",1011
"ENSG00000305234",607
"ENSG00000305235",190
"ENSG00000305236",1369
"ENSG00000305237",895
"ENSG00000305238",473
"ENSG00000305239",456
"ENSG00000305240",366
"ENSG00000305241",906
"ENSG00000305242",807
"ENSG00000305243",491
"ENSG00000305244",993
"ENSG00000305245",447
"ENSG00000305246",633
"ENSG00000305248",415
"ENSG00000305249",399
"ENSG00000305250",594
"ENSG00000305251",1412
"ENSG00000305252",788
"ENSG00000305253",529
"ENSG00000305254",1095
"ENSG00000305255",689
"ENSG00000305256",1712
"ENSG00000305257",829
"ENSG00000305258",828
"ENSG00000305259",594
"ENSG00000305260",396
"ENSG00000305261",559
"ENSG00000305262",1265
"ENSG00000305263",1737
"ENSG00000305264",3955
"ENSG00000305265",484
"ENSG00000305266",1009
"ENSG00000305267",593
"ENSG00000305268",447
"ENSG00000305269",3328
"ENSG00000305270",619
"ENSG00000305271",1486
"ENSG00000305272",619
"ENSG00000305273",259
"ENSG00000305274",1128
"ENSG00000305275",778
"ENSG00000305276",649
"ENSG00000305277",515
"ENSG00000305278",507
"ENSG00000305279",432
"ENSG00000305280",1544
"ENSG00000305281",1796
"ENSG00000305282",445
"ENSG00000305283",5286
"ENSG00000305284",428
"ENSG00000305285",563
"ENSG00000305286",573
"ENSG00000305287",1244
"ENSG00000305288",968
"ENSG00000305289",1491
"ENSG00000305290",951
"ENSG00000305291",479
"ENSG00000305292",1263
"ENSG00000305293",940
"ENSG00000305294",641
"ENSG00000305295",354
"ENSG00000305296",2381
"ENSG00000305297",1443
"ENSG00000305298",1197
"ENSG00000305299",750
"ENSG00000305300",1036
"ENSG00000305301",1915
"ENSG00000305302",1271
"ENSG00000305303",678
"ENSG00000305304",296
"ENSG00000305305",1518
"ENSG00000305306",330
"ENSG00000305307",466
"ENSG00000305308",435
"ENSG00000305309",2032
"ENSG00000305310",457
"ENSG00000305311",754
"ENSG00000305312",1053
"ENSG00000305313",1836
"ENSG00000305314",524
"ENSG00000305315",1191
"ENSG00000305316",456
"ENSG00000305317",2778
"ENSG00000305318",675
"ENSG00000305319",726
"ENSG00000305320",616
"ENSG00000305321",496
"ENSG00000305322",1833
"ENSG00000305323",528
"ENSG00000305324",828
"ENSG00000305325",602
"ENSG00000305326",1753
"ENSG00000305327",523
"ENSG00000305328",318
"ENSG00000305329",654
"ENSG00000305330",1160
"ENSG00000305331",677
"ENSG00000305332",1400
"ENSG00000305333",1005
"ENSG00000305334",666
"ENSG00000305335",1130
"ENSG00000305336",788
"ENSG00000305337",144
"ENSG00000305338",484
"ENSG00000305339",436
"ENSG00000305340",1872
"ENSG00000305341",641
"ENSG00000305342",354
"ENSG00000305343",1518
"ENSG00000305344",1344
"ENSG00000305345",373
"ENSG00000305346",571
"ENSG00000305347",380
"ENSG00000305348",385
"ENSG00000305349",388
"ENSG00000305350",606
"ENSG00000305351",453
"ENSG00000305352",1862
"ENSG00000305353",3635
"ENSG00000305354",2430
"ENSG00000305355",1138
"ENSG00000305356",402
"ENSG00000305357",2386
"ENSG00000305358",710
"ENSG00000305359",1262
"ENSG00000305360",1428
"ENSG00000305361",1372
"ENSG00000305362",856
"ENSG00000305363",1340
"ENSG00000305364",353
"ENSG00000305365",486
"ENSG00000305366",297
"ENSG00000305367",436
"ENSG00000305368",823
"ENSG00000305369",569
"ENSG00000305370",651
"ENSG00000305371",586
"ENSG00000305372",585
"ENSG00000305373",411
"ENSG00000305374",698
"ENSG00000305375",763
"ENSG00000305376",847
"ENSG00000305377",1592
"ENSG00000305378",2954
"ENSG00000305379",504
"ENSG00000305380",875
"ENSG00000305381",770
"ENSG00000305382",648
"ENSG00000305383",912
"ENSG00000305384",444
"ENSG00000305385",897
"ENSG00000305386",3457
"ENSG00000305387",809
"ENSG00000305388",515
"ENSG00000305389",537
"ENSG00000305390",392
"ENSG00000305391",903
"ENSG00000305392",621
"ENSG00000305393",674
"ENSG00000305394",267
"ENSG00000305395",383
"ENSG00000305396",1814
"ENSG00000305397",543
"ENSG00000305398",587
"ENSG00000305399",437
"ENSG00000305400",1421
"ENSG00000305401",1894
"ENSG00000305402",497
"ENSG00000305403",1003
"ENSG00000305404",932
"ENSG00000305405",601
"ENSG00000305406",413
"ENSG00000305407",769
"ENSG00000305408",881
"ENSG00000305409",898
"ENSG00000305410",360
"ENSG00000305411",2434
"ENSG00000305412",764
"ENSG00000305413",391
"ENSG00000305414",1340
"ENSG00000305415",773
"ENSG00000305416",755
"ENSG00000305417",528
"ENSG00000305418",5377
"ENSG00000305419",905
"ENSG00000305420",1297
"ENSG00000305421",1824
"ENSG00000305422",524
"ENSG00000305423",869
"ENSG00000305424",2370
"ENSG00000305425",280
"ENSG00000305426",344
"ENSG00000305427",419
"ENSG00000305428",645
"ENSG00000305429",898
"ENSG00000305430",730
"ENSG00000305431",820
"ENSG00000305432",285
"ENSG00000305433",928
"ENSG00000305434",407
"ENSG00000305435",327
"ENSG00000305436",449
"ENSG00000305437",422
"ENSG00000305438",507
"ENSG00000305439",383
"ENSG00000305440",359
"ENSG00000305441",985
"ENSG00000305442",573
"ENSG00000305443",475
"ENSG00000305444",1169
"ENSG00000305445",683
"ENSG00000305446",309
"ENSG00000305447",809
"ENSG00000305448",573
"ENSG00000305449",992
"ENSG00000305450",782
"ENSG00000305451",691
"ENSG00000305452",557
"ENSG00000305453",574
"ENSG00000305454",717
"ENSG00000305455",2199
"ENSG00000305456",1322
"ENSG00000305457",400
"ENSG00000305458",308
"ENSG00000305459",199
"ENSG00000305460",477
"ENSG00000305461",798
"ENSG00000305462",1968
"ENSG00000305463",480
"ENSG00000305464",964
"ENSG00000305465",744
"ENSG00000305466",395
"ENSG00000305467",1731
"ENSG00000305468",2653
"ENSG00000305469",1058
"ENSG00000305470",456
"ENSG00000305471",1203
"ENSG00000305472",1067
"ENSG00000305473",1667
"ENSG00000305474",2636
"ENSG00000305475",1724
"ENSG00000305476",994
"ENSG00000305477",1354
"ENSG00000305478",2034
"ENSG00000305479",1484
"ENSG00000305480",430
"ENSG00000305481",620
"ENSG00000305482",207
"ENSG00000305483",716
"ENSG00000305484",368
"ENSG00000305485",225
"ENSG00000305486",637
"ENSG00000305487",1413
"ENSG00000305488",609
"ENSG00000305489",997
"ENSG00000305490",3252
"ENSG00000305491",980
"ENSG00000305492",1475
"ENSG00000305493",416
"ENSG00000305494",530
"ENSG00000305495",995
"ENSG00000305496",779
"ENSG00000305497",1237
"ENSG00000305498",748
"ENSG00000305499",1222
"ENSG00000305500",277
"ENSG00000305501",1903
"ENSG00000305502",984
"ENSG00000305503",586
"ENSG00000305504",799
"ENSG00000305505",1424
"ENSG00000305506",353
"ENSG00000305507",503
"ENSG00000305508",1507
"ENSG00000305509",2277
"ENSG00000305510",1054
"ENSG00000305511",1696
"ENSG00000305512",787
"ENSG00000305513",2505
"ENSG00000305514",789
"ENSG00000305515",501
"ENSG00000305516",728
"ENSG00000305517",630
"ENSG00000305518",811
"ENSG00000305519",966
"ENSG00000305520",631
"ENSG00000305521",693
"ENSG00000305522",656
"ENSG00000305523",429
"ENSG00000305524",533
"ENSG00000305525",391
"ENSG00000305526",724
"ENSG00000305527",1120
"ENSG00000305528",503
"ENSG00000305529",437
"ENSG00000305530",319
"ENSG00000305531",1682
"ENSG00000305532",418
"ENSG00000305533",789
"ENSG00000305534",1041
"ENSG00000305535",367
"ENSG00000305536",1283
"ENSG00000305537",634
"ENSG00000305538",719
"ENSG00000305539",624
"ENSG00000305540",384
"ENSG00000305541",798
"ENSG00000305542",2717
"ENSG00000305543",1075
"ENSG00000305544",420
"ENSG00000305545",536
"ENSG00000305546",342
"ENSG00000305547",2334
"ENSG00000305548",633
"ENSG00000305549",795
"ENSG00000305550",922
"ENSG00000305551",482
"ENSG00000305552",481
"ENSG00000305553",1230
"ENSG00000305554",588
"ENSG00000305555",653
"ENSG00000305556",845
"ENSG00000305557",253
"ENSG00000305558",483
"ENSG00000305559",518
"ENSG00000305560",675
"ENSG00000305561",2317
"ENSG00000305562",717
"ENSG00000305563",405
"ENSG00000305564",503
"ENSG00000305565",301
"ENSG00000305566",1434
"ENSG00000305567",1174
"ENSG00000305568",819
"ENSG00000305569",359
"ENSG00000305570",1454
"ENSG00000305571",568
"ENSG00000305572",674
"ENSG00000305573",574
"ENSG00000305574",2467
"ENSG00000305575",1194
"ENSG00000305576",486
"ENSG00000305577",1570
"ENSG00000305578",436
"ENSG00000305579",890
"ENSG00000305580",616
"ENSG00000305581",373
"ENSG00000305582",455
"ENSG00000305583",1231
"ENSG00000305584",481
"ENSG00000305585",620
"ENSG00000305586",815
"ENSG00000305587",267
"ENSG00000305588",338
"ENSG00000305589",1987
"ENSG00000305590",906
"ENSG00000305591",716
"ENSG00000305592",491
"ENSG00000305593",551
"ENSG00000305594",969
"ENSG00000305595",626
"ENSG00000305596",952
"ENSG00000305597",351
"ENSG00000305598",1414
"ENSG00000305599",559
"ENSG00000305600",2032
"ENSG00000305601",474
"ENSG00000305602",1061
"ENSG00000305603",644
"ENSG00000305604",143
"ENSG00000305605",513
"ENSG00000305606",572
"ENSG00000305607",939
"ENSG00000305608",377
"ENSG00000305609",362
"ENSG00000305610",350
"ENSG00000305611",2146
"ENSG00000305612",431
"ENSG00000305613",574
"ENSG00000305614",1305
"ENSG00000305615",1871
"ENSG00000305616",510
"ENSG00000305617",2483
"ENSG00000305618",1637
"ENSG00000305619",778
"ENSG00000305620",2385
"ENSG00000305621",667
"ENSG00000305622",243
"ENSG00000305623",500
"ENSG00000305624",5231
"ENSG00000305625",712
"ENSG00000305626",847
"ENSG00000305627",858
"ENSG00000305628",516
"ENSG00000305629",550
"ENSG00000305630",675
"ENSG00000305631",721
"ENSG00000305632",322
"ENSG00000305633",352
"ENSG00000305634",2234
"ENSG00000305635",3196
"ENSG00000305636",1356
"ENSG00000305637",752
"ENSG00000305638",1475
"ENSG00000305639",993
"ENSG00000305640",794
"ENSG00000305641",1153
"ENSG00000305642",1201
"ENSG00000305643",2907
"ENSG00000305644",1510
"ENSG00000305645",955
"ENSG00000305646",1128
"ENSG00000305647",428
"ENSG00000305648",766
"ENSG00000305649",817
"ENSG00000305650",398
"ENSG00000305651",557
"ENSG00000305652",1330
"ENSG00000305653",1839
"ENSG00000305654",408
"ENSG00000305655",602
"ENSG00000305656",2861
"ENSG00000305657",660
"ENSG00000305658",1306
"ENSG00000305659",430
"ENSG00000305660",389
"ENSG00000305661",774
"ENSG00000305662",830
"ENSG00000305663",1249
"ENSG00000305664",615
"ENSG00000305665",953
"ENSG00000305666",801
"ENSG00000305667",466
"ENSG00000305668",638
"ENSG00000305669",949
"ENSG00000305670",272
"ENSG00000305671",431
"ENSG00000305672",1087
"ENSG00000305673",474
"ENSG00000305674",961
"ENSG00000305675",796
"ENSG00000305676",625
"ENSG00000305677",289
"ENSG00000305678",1073
"ENSG00000305679",3357
"ENSG00000305680",565
"ENSG00000305681",2964
"ENSG00000305682",959
"ENSG00000305683",625
"ENSG00000305684",665
"ENSG00000305685",631
"ENSG00000305686",768
"ENSG00000305687",2747
"ENSG00000305688",389
"ENSG00000305689",298
"ENSG00000305690",1968
"ENSG00000305691",929
"ENSG00000305692",527
"ENSG00000305693",790
"ENSG00000305694",672
"ENSG00000305695",1378
"ENSG00000305696",281
"ENSG00000305697",1750
"ENSG00000305698",1204
"ENSG00000305699",1316
"ENSG00000305700",320
"ENSG00000305701",345
"ENSG00000305702",1986
"ENSG00000305703",311
"ENSG00000305704",1640
"ENSG00000305705",1202
"ENSG00000305706",361
"ENSG00000305707",794
"ENSG00000305708",1113
"ENSG00000305709",396
"ENSG00000305710",1659
"ENSG00000305711",4549
"ENSG00000305712",860
"ENSG00000305713",378
"ENSG00000305714",656
"ENSG00000305715",1206
"ENSG00000305716",723
"ENSG00000305717",364
"ENSG00000305718",752
"ENSG00000305719",886
"ENSG00000305720",1999
"ENSG00000305721",1130
"ENSG00000305722",822
"ENSG00000305723",457
"ENSG00000305724",580
"ENSG00000305725",3075
"ENSG00000305726",341
"ENSG00000305727",401
"ENSG00000305728",2040
"ENSG00000305729",933
"ENSG00000305730",2021
"ENSG00000305731",2556
"ENSG00000305732",993
"ENSG00000305733",1041
"ENSG00000305734",497
"ENSG00000305735",518
"ENSG00000305736",1561
"ENSG00000305737",599
"ENSG00000305738",937
"ENSG00000305739",708
"ENSG00000305740",1062
"ENSG00000305741",1168
"ENSG00000305742",515
"ENSG00000305743",885
"ENSG00000305744",1501
"ENSG00000305745",734
"ENSG00000305746",2707
"ENSG00000305747",418
"ENSG00000305748",644
"ENSG00000305749",2028
"ENSG00000305750",340
"ENSG00000305751",1307
"ENSG00000305752",583
"ENSG00000305753",1491
"ENSG00000305754",1315
"ENSG00000305755",581
"ENSG00000305756",613
"ENSG00000305757",1034
"ENSG00000305758",530
"ENSG00000305759",660
"ENSG00000305760",790
"ENSG00000305761",514
"ENSG00000305762",807
"ENSG00000305763",869
"ENSG00000305764",198
"ENSG00000305765",649
"ENSG00000305766",644
"ENSG00000305767",2401
"ENSG00000305768",289
"ENSG00000305769",518
"ENSG00000305770",2981
"ENSG00000305771",2371
"ENSG00000305773",1575
"ENSG00000305774",266
"ENSG00000305775",835
"ENSG00000305776",462
"ENSG00000305777",470
"ENSG00000305778",852
"ENSG00000305779",328
"ENSG00000305780",587
"ENSG00000305781",2286
"ENSG00000305782",2293
"ENSG00000305783",3280
"ENSG00000305784",688
"ENSG00000305785",771
"ENSG00000305786",405
"ENSG00000305787",888
"ENSG00000305788",680
"ENSG00000305789",1000
"ENSG00000305790",290
"ENSG00000305791",944
"ENSG00000305792",851
"ENSG00000305793",1014
"ENSG00000305794",450
"ENSG00000305795",631
"ENSG00000305796",2002
"ENSG00000305797",873
"ENSG00000305798",1273
"ENSG00000305799",2947
"ENSG00000305800",997
"ENSG00000305801",668
"ENSG00000305802",2336
"ENSG00000305803",2246
"ENSG00000305804",967
"ENSG00000305805",329
"ENSG00000305806",971
"ENSG00000305807",3011
"ENSG00000305808",428
"ENSG00000305809",1032
"ENSG00000305810",291
"ENSG00000305811",633
"ENSG00000305812",1700
"ENSG00000305813",736
"ENSG00000305814",1700
"ENSG00000305815",455
"ENSG00000305816",1486
"ENSG00000305817",1073
"ENSG00000305818",625
"ENSG00000305819",463
"ENSG00000305820",343
"ENSG00000305821",1073
"ENSG00000305822",1326
"ENSG00000305823",340
"ENSG00000305824",983
"ENSG00000305825",1666
"ENSG00000305826",336
"ENSG00000305827",1115
"ENSG00000305828",1590
"ENSG00000305829",837
"ENSG00000305830",2682
"ENSG00000305831",1174
"ENSG00000305832",258
"ENSG00000305833",483
"ENSG00000305834",1092
"ENSG00000305835",480
"ENSG00000305836",811
"ENSG00000305837",454
"ENSG00000305838",561
"ENSG00000305839",1036
"ENSG00000305840",1679
"ENSG00000305841",458
"ENSG00000305842",372
"ENSG00000305843",733
"ENSG00000305844",407
"ENSG00000305845",1180
"ENSG00000305846",1040
"ENSG00000305847",1414
"ENSG00000305848",805
"ENSG00000305849",825
"ENSG00000305850",276
"ENSG00000305851",1264
"ENSG00000305852",959
"ENSG00000305853",984
"ENSG00000305854",242
"ENSG00000305855",1356
"ENSG00000305856",1348
"ENSG00000305857",706
"ENSG00000305858",442
"ENSG00000305859",676
"ENSG00000305860",191
"ENSG00000305861",934
"ENSG00000305862",1412
"ENSG00000305863",279
"ENSG00000305864",498
"ENSG00000305865",279
"ENSG00000305866",503
"ENSG00000305867",275
"ENSG00000305868",1084
"ENSG00000305869",1844
"ENSG00000305870",320
"ENSG00000305871",621
"ENSG00000305872",1119
"ENSG00000305873",933
"ENSG00000305874",826
"ENSG00000305875",413
"ENSG00000305876",341
"ENSG00000305877",1662
"ENSG00000305878",830
"ENSG00000305879",589
"ENSG00000305880",2453
"ENSG00000305881",544
"ENSG00000305882",509
"ENSG00000305883",397
"ENSG00000305884",793
"ENSG00000305885",472
"ENSG00000305886",469
"ENSG00000305887",10153
"ENSG00000305888",746
"ENSG00000305889",969
"ENSG00000305890",1936
"ENSG00000305891",258
"ENSG00000305892",604
"ENSG00000305893",2919
"ENSG00000305894",860
"ENSG00000305895",1511
"ENSG00000305896",563
"ENSG00000305897",1083
"ENSG00000305898",829
"ENSG00000305899",564
"ENSG00000305900",1508
"ENSG00000305901",558
"ENSG00000305902",1214
"ENSG00000305903",158
"ENSG00000305904",429
"ENSG00000305905",466
"ENSG00000305906",4220
"ENSG00000305907",604
"ENSG00000305908",781
"ENSG00000305909",472
"ENSG00000305910",1289
"ENSG00000305911",897
"ENSG00000305912",1043
"ENSG00000305913",1029
"ENSG00000305914",1864
"ENSG00000305915",747
"ENSG00000305916",1212
"ENSG00000305917",1014
"ENSG00000305918",1149
"ENSG00000305919",3338
"ENSG00000305920",1053
"ENSG00000305921",685
"ENSG00000305922",455
"ENSG00000305923",1456
"ENSG00000305924",2601
"ENSG00000305925",349
"ENSG00000305926",379
"ENSG00000305927",349
"ENSG00000305928",1073
"ENSG00000305929",1410
"ENSG00000305930",715
"ENSG00000305931",408
"ENSG00000305932",706
"ENSG00000305933",532
"ENSG00000305934",356
"ENSG00000305935",563
"ENSG00000305936",561
"ENSG00000305937",633
"ENSG00000305938",489
"ENSG00000305939",1640
"ENSG00000305940",396
"ENSG00000305941",294
"ENSG00000305942",495
"ENSG00000305943",786
"ENSG00000305944",716
"ENSG00000305945",300
"ENSG00000305946",1632
"ENSG00000305947",569
"ENSG00000305948",828
"ENSG00000305949",816
"ENSG00000305950",1081
"ENSG00000305951",763
"ENSG00000305952",443
"ENSG00000305953",1043
"ENSG00000305954",558
"ENSG00000305955",2276
"ENSG00000305956",1832
"ENSG00000305957",1337
"ENSG00000305958",726
"ENSG00000305959",1914
"ENSG00000305960",5388
"ENSG00000305961",399
"ENSG00000305962",227
"ENSG00000305963",1831
"ENSG00000305964",455
"ENSG00000305965",1295
"ENSG00000305966",632
"ENSG00000305967",1494
"ENSG00000305968",643
"ENSG00000305969",1419
"ENSG00000305970",3455
"ENSG00000305971",519
"ENSG00000305972",398
"ENSG00000305973",1800
"ENSG00000305974",504
"ENSG00000305975",778
"ENSG00000305976",391
"ENSG00000305977",1017
"ENSG00000305978",1161
"ENSG00000305979",562
"ENSG00000305980",845
"ENSG00000305981",629
"ENSG00000305982",261
"ENSG00000305983",3896
"ENSG00000305984",678
"ENSG00000305985",449
"ENSG00000305986",1010
"ENSG00000305987",455
"ENSG00000305988",1885
"ENSG00000305989",2250
"ENSG00000305990",516
"ENSG00000305991",941
"ENSG00000305992",387
"ENSG00000305993",836
"ENSG00000305994",742
"ENSG00000305995",1522
"ENSG00000305996",349
"ENSG00000305997",1070
"ENSG00000305998",1111
"ENSG00000305999",1043
"ENSG00000306000",824
"ENSG00000306001",1255
"ENSG00000306002",352
"ENSG00000306003",867
"ENSG00000306004",456
"ENSG00000306005",503
"ENSG00000306006",1104
"ENSG00000306007",457
"ENSG00000306008",416
"ENSG00000306009",1306
"ENSG00000306010",567
"ENSG00000306011",589
"ENSG00000306012",516
"ENSG00000306013",377
"ENSG00000306014",684
"ENSG00000306015",526
"ENSG00000306016",1325
"ENSG00000306017",819
"ENSG00000306018",626
"ENSG00000306019",1066
"ENSG00000306020",857
"ENSG00000306021",1371
"ENSG00000306022",678
"ENSG00000306023",2847
"ENSG00000306024",357
"ENSG00000306025",1447
"ENSG00000306026",2304
"ENSG00000306027",801
"ENSG00000306028",720
"ENSG00000306029",303
"ENSG00000306030",1268
"ENSG00000306031",418
"ENSG00000306032",715
"ENSG00000306033",935
"ENSG00000306034",1946
"ENSG00000306035",254
"ENSG00000306036",474
"ENSG00000306037",982
"ENSG00000306038",927
"ENSG00000306039",502
"ENSG00000306040",1868
"ENSG00000306041",1064
"ENSG00000306042",1261
"ENSG00000306043",481
"ENSG00000306044",888
"ENSG00000306045",417
"ENSG00000306046",352
"ENSG00000306047",628
"ENSG00000306048",1177
"ENSG00000306049",1722
"ENSG00000306050",1029
"ENSG00000306051",1387
"ENSG00000306052",563
"ENSG00000306053",406
"ENSG00000306054",477
"ENSG00000306055",592
"ENSG00000306056",869
"ENSG00000306057",1372
"ENSG00000306058",399
"ENSG00000306059",2389
"ENSG00000306060",521
"ENSG00000306061",727
"ENSG00000306062",579
"ENSG00000306063",342
"ENSG00000306064",2639
"ENSG00000306065",1845
"ENSG00000306066",843
"ENSG00000306067",599
"ENSG00000306068",724
"ENSG00000306069",895
"ENSG00000306070",344
"ENSG00000306071",1774
"ENSG00000306072",1110
"ENSG00000306073",2558
"ENSG00000306074",346
"ENSG00000306075",195
"ENSG00000306076",1133
"ENSG00000306077",791
"ENSG00000306078",608
"ENSG00000306079",527
"ENSG00000306080",2184
"ENSG00000306081",1261
"ENSG00000306082",464
"ENSG00000306083",952
"ENSG00000306084",1619
"ENSG00000306085",607
"ENSG00000306086",1902
"ENSG00000306087",2353
"ENSG00000306088",516
"ENSG00000306089",863
"ENSG00000306090",303
"ENSG00000306091",548
"ENSG00000306092",838
"ENSG00000306093",2309
"ENSG00000306094",560
"ENSG00000306095",1681
"ENSG00000306096",407
"ENSG00000306097",1425
"ENSG00000306098",508
"ENSG00000306099",392
"ENSG00000306100",855
"ENSG00000306101",2502
"ENSG00000306102",2031
"ENSG00000306103",599
"ENSG00000306104",672
"ENSG00000306105",1130
"ENSG00000306106",244
"ENSG00000306107",390
"ENSG00000306108",540
"ENSG00000306109",765
"ENSG00000306110",1132
"ENSG00000306111",1507
"ENSG00000306112",1841
"ENSG00000306113",1114
"ENSG00000306114",563
"ENSG00000306115",467
"ENSG00000306116",1507
"ENSG00000306117",946
"ENSG00000306118",524
"ENSG00000306119",446
"ENSG00000306120",515
"ENSG00000306121",780
"ENSG00000306122",688
"ENSG00000306123",616
"ENSG00000306124",1109
"ENSG00000306125",979
"ENSG00000306126",1493
"ENSG00000306127",397
"ENSG00000306128",945
"ENSG00000306129",402
"ENSG00000306130",1050
"ENSG00000306131",440
"ENSG00000306132",815
"ENSG00000306133",323
"ENSG00000306134",328
"ENSG00000306135",358
"ENSG00000306136",831
"ENSG00000306137",694
"ENSG00000306138",414
"ENSG00000306139",717
"ENSG00000306140",1574
"ENSG00000306141",1094
"ENSG00000306142",1448
"ENSG00000306143",621
"ENSG00000306144",988
"ENSG00000306145",432
"ENSG00000306146",637
"ENSG00000306147",955
"ENSG00000306148",1823
"ENSG00000306149",443
"ENSG00000306150",640
"ENSG00000306151",2278
"ENSG00000306152",348
"ENSG00000306153",791
"ENSG00000306154",1128
"ENSG00000306155",439
"ENSG00000306156",470
"ENSG00000306157",1152
"ENSG00000306158",771
"ENSG00000306159",552
"ENSG00000306160",442
"ENSG00000306161",749
"ENSG00000306162",694
"ENSG00000306163",1862
"ENSG00000306164",2613
"ENSG00000306165",305
"ENSG00000306166",681
"ENSG00000306167",871
"ENSG00000306168",1288
"ENSG00000306169",568
"ENSG00000306170",1017
"ENSG00000306171",1348
"ENSG00000306172",3773
"ENSG00000306173",1638
"ENSG00000306174",972
"ENSG00000306175",238
"ENSG00000306176",1548
"ENSG00000306177",1124
"ENSG00000306178",734
"ENSG00000306179",1786
"ENSG00000306180",321
"ENSG00000306181",2060
"ENSG00000306182",439
"ENSG00000306183",561
"ENSG00000306184",748
"ENSG00000306185",400
"ENSG00000306186",569
"ENSG00000306187",1680
"ENSG00000306188",906
"ENSG00000306189",317
"ENSG00000306190",797
"ENSG00000306191",475
"ENSG00000306192",2032
"ENSG00000306193",2548
"ENSG00000306194",297
"ENSG00000306195",332
"ENSG00000306196",1619
"ENSG00000306197",2649
"ENSG00000306198",2178
"ENSG00000306199",302
"ENSG00000306200",291
"ENSG00000306201",479
"ENSG00000306202",2371
"ENSG00000306203",425
"ENSG00000306204",330
"ENSG00000306205",520
"ENSG00000306206",1138
"ENSG00000306207",577
"ENSG00000306208",1305
"ENSG00000306209",892
"ENSG00000306210",680
"ENSG00000306211",3841
"ENSG00000306212",569
"ENSG00000306213",298
"ENSG00000306214",1087
"ENSG00000306215",2121
"ENSG00000306216",1414
"ENSG00000306217",1167
"ENSG00000306218",2783
"ENSG00000306219",593
"ENSG00000306220",369
"ENSG00000306221",583
"ENSG00000306222",2882
"ENSG00000306223",2735
"ENSG00000306224",1880
"ENSG00000306225",2502
"ENSG00000306226",327
"ENSG00000306227",1706
"ENSG00000306228",1949
"ENSG00000306229",1233
"ENSG00000306230",584
"ENSG00000306231",421
"ENSG00000306232",708
"ENSG00000306233",626
"ENSG00000306234",674
"ENSG00000306235",929
"ENSG00000306236",462
"ENSG00000306237",328
"ENSG00000306238",450
"ENSG00000306239",445
"ENSG00000306240",1099
"ENSG00000306241",332
"ENSG00000306242",631
"ENSG00000306243",731
"ENSG00000306244",210
"ENSG00000306245",821
"ENSG00000306246",1174
"ENSG00000306247",663
"ENSG00000306248",375
"ENSG00000306249",353
"ENSG00000306250",513
"ENSG00000306251",737
"ENSG00000306252",434
"ENSG00000306253",712
"ENSG00000306254",747
"ENSG00000306255",597
"ENSG00000306256",1450
"ENSG00000306257",525
"ENSG00000306258",1238
"ENSG00000306259",660
"ENSG00000306260",652
"ENSG00000306261",1248
"ENSG00000306262",818
"ENSG00000306263",412
"ENSG00000306264",2461
"ENSG00000306265",1511
"ENSG00000306266",712
"ENSG00000306267",643
"ENSG00000306268",581
"ENSG00000306269",1117
"ENSG00000306270",715
"ENSG00000306271",644
"ENSG00000306272",583
"ENSG00000306273",577
"ENSG00000306274",3661
"ENSG00000306275",357
"ENSG00000306276",831
"ENSG00000306277",2270
"ENSG00000306278",806
"ENSG00000306279",2399
"ENSG00000306280",1739
"ENSG00000306281",411
"ENSG00000306282",2988
"ENSG00000306283",843
"ENSG00000306284",621
"ENSG00000306285",1066
"ENSG00000306286",1456
"ENSG00000306287",1652
"ENSG00000306288",332
"ENSG00000306289",694
"ENSG00000306290",288
"ENSG00000306291",893
"ENSG00000306292",541
"ENSG00000306293",858
"ENSG00000306294",507
"ENSG00000306295",404
"ENSG00000306296",466
"ENSG00000306297",1921
"ENSG00000306298",1168
"ENSG00000306299",351
"ENSG00000306300",476
"ENSG00000306301",1743
"ENSG00000306302",271
"ENSG00000306303",891
"ENSG00000306304",368
"ENSG00000306305",658
"ENSG00000306306",962
"ENSG00000306307",1193
"ENSG00000306308",1352
"ENSG00000306309",460
"ENSG00000306310",1495
"ENSG00000306311",802
"ENSG00000306312",1263
"ENSG00000306313",483
"ENSG00000306314",2202
"ENSG00000306315",653
"ENSG00000306316",2481
"ENSG00000306317",601
"ENSG00000306318",751
"ENSG00000306319",867
"ENSG00000306320",1114
"ENSG00000306321",599
"ENSG00000306322",926
"ENSG00000306323",468
"ENSG00000306324",314
"ENSG00000306325",463
"ENSG00000306326",308
"ENSG00000306327",636
"ENSG00000306328",678
"ENSG00000306329",526
"ENSG00000306330",815
"ENSG00000306331",995
"ENSG00000306332",481
"ENSG00000306333",385
"ENSG00000306334",2531
"ENSG00000306335",317
"ENSG00000306336",586
"ENSG00000306337",1313
"ENSG00000306338",1283
"ENSG00000306339",611
"ENSG00000306340",1000
"ENSG00000306341",577
"ENSG00000306342",1083
"ENSG00000306343",913
"ENSG00000306344",524
"ENSG00000306345",590
"ENSG00000306346",818
"ENSG00000306347",2399
"ENSG00000306348",307
"ENSG00000306349",670
"ENSG00000306350",353
"ENSG00000306351",443
"ENSG00000306352",376
"ENSG00000306353",888
"ENSG00000306354",2154
"ENSG00000306355",373
"ENSG00000306356",935
"ENSG00000306357",1989
"ENSG00000306358",709
"ENSG00000306359",464
"ENSG00000306360",660
"ENSG00000306361",289
"ENSG00000306362",659
"ENSG00000306363",539
"ENSG00000306364",472
"ENSG00000306365",665
"ENSG00000306366",2057
"ENSG00000306367",391
"ENSG00000306368",565
"ENSG00000306369",3477
"ENSG00000306370",2250
"ENSG00000306371",1217
"ENSG00000306372",846
"ENSG00000306373",433
"ENSG00000306374",1096
"ENSG00000306375",365
"ENSG00000306376",591
"ENSG00000306377",763
"ENSG00000306378",755
"ENSG00000306379",384
"ENSG00000306380",301
"ENSG00000306381",400
"ENSG00000306382",1015
"ENSG00000306383",601
"ENSG00000306384",2002
"ENSG00000306385",946
"ENSG00000306386",635
"ENSG00000306387",861
"ENSG00000306388",304
"ENSG00000306389",1725
"ENSG00000306390",1758
"ENSG00000306391",415
"ENSG00000306392",722
"ENSG00000306393",514
"ENSG00000306394",920
"ENSG00000306395",484
"ENSG00000306396",365
"ENSG00000306397",1126
"ENSG00000306398",447
"ENSG00000306399",771
"ENSG00000306400",732
"ENSG00000306401",454
"ENSG00000306402",14837
"ENSG00000306403",694
"ENSG00000306404",1842
"ENSG00000306405",572
"ENSG00000306406",399
"ENSG00000306407",757
"ENSG00000306408",857
"ENSG00000306409",1526
"ENSG00000306410",758
"ENSG00000306411",594
"ENSG00000306412",513
"ENSG00000306413",472
"ENSG00000306414",376
"ENSG00000306415",1054
"ENSG00000306416",1851
"ENSG00000306417",445
"ENSG00000306418",943
"ENSG00000306419",499
"ENSG00000306420",1272
"ENSG00000306421",1872
"ENSG00000306422",1706
"ENSG00000306423",2226
"ENSG00000306424",3386
"ENSG00000306425",1604
"ENSG00000306426",2586
"ENSG00000306427",726
"ENSG00000306428",854
"ENSG00000306429",966
"ENSG00000306430",757
"ENSG00000306431",826
"ENSG00000306432",1339
"ENSG00000306433",703
"ENSG00000306434",3717
"ENSG00000306435",529
"ENSG00000306436",1712
"ENSG00000306437",703
"ENSG00000306438",472
"ENSG00000306439",655
"ENSG00000306440",591
"ENSG00000306441",1536
"ENSG00000306442",1004
"ENSG00000306443",495
"ENSG00000306444",1915
"ENSG00000306445",251
"ENSG00000306446",1397
"ENSG00000306447",398
"ENSG00000306448",487
"ENSG00000306450",1015
"ENSG00000306451",457
"ENSG00000306452",3159
"ENSG00000306453",1249
"ENSG00000306454",673
"ENSG00000306455",739
"ENSG00000306456",458
"ENSG00000306457",770
"ENSG00000306458",1556
"ENSG00000306459",359
"ENSG00000306460",947
"ENSG00000306461",6309
"ENSG00000306462",1101
"ENSG00000306463",636
"ENSG00000306464",423
"ENSG00000306465",365
"ENSG00000306466",808
"ENSG00000306467",959
"ENSG00000306468",1861
"ENSG00000306469",473
"ENSG00000306470",390
"ENSG00000306471",2532
"ENSG00000306472",393
"ENSG00000306473",427
"ENSG00000306474",11559
"ENSG00000306475",481
"ENSG00000306476",331
"ENSG00000306477",561
"ENSG00000306478",892
"ENSG00000306479",685
"ENSG00000306480",1146
"ENSG00000306481",821
"ENSG00000306482",1055
"ENSG00000306483",1295
"ENSG00000306484",2107
"ENSG00000306485",833
"ENSG00000306486",327
"ENSG00000306487",299
"ENSG00000306488",401
"ENSG00000306489",2043
"ENSG00000306490",466
"ENSG00000306491",854
"ENSG00000306492",2716
"ENSG00000306493",806
"ENSG00000306494",2310
"ENSG00000306495",447
"ENSG00000306496",625
"ENSG00000306497",624
"ENSG00000306498",971
"ENSG00000306499",1004
"ENSG00000306500",680
"ENSG00000306501",1158
"ENSG00000306502",831
"ENSG00000306503",2182
"ENSG00000306504",1708
"ENSG00000306505",1017
"ENSG00000306506",398
"ENSG00000306507",478
"ENSG00000306508",972
"ENSG00000306509",473
"ENSG00000306510",1244
"ENSG00000306511",712
"ENSG00000306512",849
"ENSG00000306513",537
"ENSG00000306514",2241
"ENSG00000306515",347
"ENSG00000306516",227
"ENSG00000306517",2052
"ENSG00000306518",1037
"ENSG00000306519",383
"ENSG00000306520",2121
"ENSG00000306521",407
"ENSG00000306522",592
"ENSG00000306523",397
"ENSG00000306524",905
"ENSG00000306525",221
"ENSG00000306526",479
"ENSG00000306527",699
"ENSG00000306528",604
"ENSG00000306529",888
"ENSG00000306530",373
"ENSG00000306531",782
"ENSG00000306532",247
"ENSG00000306533",1802
"ENSG00000306534",411
"ENSG00000306535",1051
"ENSG00000306536",892
"ENSG00000306537",464
"ENSG00000306538",669
"ENSG00000306539",1024
"ENSG00000306540",697
"ENSG00000306541",3114
"ENSG00000306542",946
"ENSG00000306543",471
"ENSG00000306544",679
"ENSG00000306545",600
"ENSG00000306546",507
"ENSG00000306547",577
"ENSG00000306548",1172
"ENSG00000306549",541
"ENSG00000306550",570
"ENSG00000306551",393
"ENSG00000306552",491
"ENSG00000306553",2188
"ENSG00000306554",1373
"ENSG00000306555",456
"ENSG00000306556",753
"ENSG00000306557",2505
"ENSG00000306558",862
"ENSG00000306559",684
"ENSG00000306560",320
"ENSG00000306561",1420
"ENSG00000306562",398
"ENSG00000306563",451
"ENSG00000306564",305
"ENSG00000306565",812
"ENSG00000306566",1080
"ENSG00000306567",1336
"ENSG00000306568",708
"ENSG00000306569",1630
"ENSG00000306570",579
"ENSG00000306571",2614
"ENSG00000306572",873
"ENSG00000306573",558
"ENSG00000306574",1878
"ENSG00000306575",476
"ENSG00000306576",731
"ENSG00000306577",256
"ENSG00000306578",417
"ENSG00000306579",1192
"ENSG00000306580",662
"ENSG00000306581",876
"ENSG00000306582",1345
"ENSG00000306583",2391
"ENSG00000306584",471
"ENSG00000306585",853
"ENSG00000306586",651
"ENSG00000306587",860
"ENSG00000306588",393
"ENSG00000306589",637
"ENSG00000306590",589
"ENSG00000306591",3301
"ENSG00000306592",2051
"ENSG00000306593",1185
"ENSG00000306594",261
"ENSG00000306595",345
"ENSG00000306596",1027
"ENSG00000306597",740
"ENSG00000306598",1282
"ENSG00000306599",1788
"ENSG00000306600",1759
"ENSG00000306601",566
"ENSG00000306602",1862
"ENSG00000306603",429
"ENSG00000306604",458
"ENSG00000306605",462
"ENSG00000306606",3481
"ENSG00000306607",3850
"ENSG00000306608",563
"ENSG00000306609",2198
"ENSG00000306610",514
"ENSG00000306611",529
"ENSG00000306612",737
"ENSG00000306613",1197
"ENSG00000306614",1259
"ENSG00000306615",357
"ENSG00000306616",1120
"ENSG00000306617",290
"ENSG00000306618",953
"ENSG00000306619",1020
"ENSG00000306620",715
"ENSG00000306621",672
"ENSG00000306622",484
"ENSG00000306623",900
"ENSG00000306624",911
"ENSG00000306625",543
"ENSG00000306626",560
"ENSG00000306627",631
"ENSG00000306628",615
"ENSG00000306629",340
"ENSG00000306630",1986
"ENSG00000306631",706
"ENSG00000306632",1983
"ENSG00000306633",299
"ENSG00000306634",1569
"ENSG00000306635",1267
"ENSG00000306636",437
"ENSG00000306637",608
"ENSG00000306638",731
"ENSG00000306639",741
"ENSG00000306640",460
"ENSG00000306641",365
"ENSG00000306642",1702
"ENSG00000306643",495
"ENSG00000306644",952
"ENSG00000306645",612
"ENSG00000306646",960
"ENSG00000306647",309
"ENSG00000306648",731
"ENSG00000306649",283
"ENSG00000306650",2966
"ENSG00000306651",224
"ENSG00000306652",936
"ENSG00000306653",1159
"ENSG00000306654",345
"ENSG00000306655",382
"ENSG00000306656",1376
"ENSG00000306657",518
"ENSG00000306658",1597
"ENSG00000306659",679
"ENSG00000306660",2406
"ENSG00000306661",826
"ENSG00000306662",464
"ENSG00000306663",1377
"ENSG00000306664",599
"ENSG00000306665",689
"ENSG00000306666",739
"ENSG00000306667",791
"ENSG00000306668",317
"ENSG00000306669",348
"ENSG00000306670",1599
"ENSG00000306671",909
"ENSG00000306672",2715
"ENSG00000306673",2264
"ENSG00000306674",2297
"ENSG00000306675",600
"ENSG00000306676",818
"ENSG00000306677",799
"ENSG00000306678",1345
"ENSG00000306679",886
"ENSG00000306680",595
"ENSG00000306681",463
"ENSG00000306682",699
"ENSG00000306683",554
"ENSG00000306684",1760
"ENSG00000306685",1191
"ENSG00000306686",690
"ENSG00000306687",554
"ENSG00000306688",741
"ENSG00000306689",421
"ENSG00000306690",794
"ENSG00000306691",242
"ENSG00000306692",661
"ENSG00000306693",363
"ENSG00000306694",2655
"ENSG00000306695",537
"ENSG00000306696",382
"ENSG00000306697",528
"ENSG00000306698",535
"ENSG00000306699",677
"ENSG00000306700",1488
"ENSG00000306701",1396
"ENSG00000306702",528
"ENSG00000306703",620
"ENSG00000306704",2966
"ENSG00000306705",402
"ENSG00000306706",1656
"ENSG00000306707",1115
"ENSG00000306708",1220
"ENSG00000306709",642
"ENSG00000306710",474
"ENSG00000306711",997
"ENSG00000306712",1075
"ENSG00000306713",520
"ENSG00000306714",630
"ENSG00000306715",1379
"ENSG00000306716",604
"ENSG00000306717",488
"ENSG00000306718",2707
"ENSG00000306719",810
"ENSG00000306720",666
"ENSG00000306721",10502
"ENSG00000306722",356
"ENSG00000306723",1598
"ENSG00000306724",637
"ENSG00000306725",208
"ENSG00000306726",734
"ENSG00000306727",519
"ENSG00000306728",300
"ENSG00000306729",346
"ENSG00000306730",1163
"ENSG00000306731",933
"ENSG00000306732",479
"ENSG00000306733",2152
"ENSG00000306734",709
"ENSG00000306735",1431
"ENSG00000306736",2135
"ENSG00000306737",462
"ENSG00000306738",396
"ENSG00000306739",2049
"ENSG00000306740",1133
"ENSG00000306741",572
"ENSG00000306742",557
"ENSG00000306743",884
"ENSG00000306744",614
"ENSG00000306745",1767
"ENSG00000306746",410
"ENSG00000306747",9114
"ENSG00000306748",869
"ENSG00000306749",2181
"ENSG00000306750",3219
"ENSG00000306751",456
"ENSG00000306752",596
"ENSG00000306753",421
"ENSG00000306754",935
"ENSG00000306755",738
"ENSG00000306756",829
"ENSG00000306757",598
"ENSG00000306758",515
"ENSG00000306759",1278
"ENSG00000306760",980
"ENSG00000306761",641
"ENSG00000306762",1562
"ENSG00000306763",793
"ENSG00000306764",2229
"ENSG00000306765",477
"ENSG00000306766",233
"ENSG00000306767",1210
"ENSG00000306768",401
"ENSG00000306769",441
"ENSG00000306770",666
"ENSG00000306771",297
"ENSG00000306772",410
"ENSG00000306773",539
"ENSG00000306774",1498
"ENSG00000306775",1135
"ENSG00000306776",3493
"ENSG00000306777",901
"ENSG00000306778",779
"ENSG00000306779",2243
"ENSG00000306780",599
"ENSG00000306781",1263
"ENSG00000306782",428
"ENSG00000306783",2511
"ENSG00000306784",404
"ENSG00000306785",1184
"ENSG00000306786",2531
"ENSG00000306787",419
"ENSG00000306788",458
"ENSG00000306789",1231
"ENSG00000306790",882
"ENSG00000306791",1028
"ENSG00000306792",1791
"ENSG00000306793",1470
"ENSG00000306794",501
"ENSG00000306796",710
"ENSG00000306797",434
"ENSG00000306798",1759
"ENSG00000306799",1093
"ENSG00000306800",794
"ENSG00000306801",581
"ENSG00000306802",428
"ENSG00000306803",658
"ENSG00000306804",974
"ENSG00000306805",380
"ENSG00000306806",605
"ENSG00000306807",557
"ENSG00000306808",2714
"ENSG00000306809",849
"ENSG00000306810",775
"ENSG00000306811",943
"ENSG00000306812",887
"ENSG00000306813",1042
"ENSG00000306814",354
"ENSG00000306815",2851
"ENSG00000306816",1356
"ENSG00000306817",987
"ENSG00000306818",446
"ENSG00000306819",2071
"ENSG00000306820",3417
"ENSG00000306821",398
"ENSG00000306822",1773
"ENSG00000306823",450
"ENSG00000306824",1541
"ENSG00000306825",868
"ENSG00000306826",329
"ENSG00000306827",1726
"ENSG00000306828",1728
"ENSG00000306829",1535
"ENSG00000306830",568
"ENSG00000306831",2292
"ENSG00000306832",842
"ENSG00000306833",910
"ENSG00000306834",705
"ENSG00000306835",1729
"ENSG00000306836",3624
"ENSG00000306837",282
"ENSG00000306838",2016
"ENSG00000306839",2208
"ENSG00000306840",404
"ENSG00000306841",4243
"ENSG00000306842",826
"ENSG00000306843",508
"ENSG00000306844",587
"ENSG00000306845",1194
"ENSG00000306846",271
"ENSG00000306847",2042
"ENSG00000306848",3483
"ENSG00000306849",2104
"ENSG00000306850",521
"ENSG00000306851",2298
"ENSG00000306852",789
"ENSG00000306853",459
"ENSG00000306854",545
"ENSG00000306855",397
"ENSG00000306856",464
"ENSG00000306857",280
"ENSG00000306858",955
"ENSG00000306859",623
"ENSG00000306860",2108
"ENSG00000306861",898
"ENSG00000306862",467
"ENSG00000306863",2278
"ENSG00000306864",1985
"ENSG00000306865",567
"ENSG00000306866",373
"ENSG00000306867",647
"ENSG00000306868",580
"ENSG00000306869",412
"ENSG00000306870",451
"ENSG00000306871",366
"ENSG00000306872",1047
"ENSG00000306873",873
"ENSG00000306874",593
"ENSG00000306875",1397
"ENSG00000306876",826
"ENSG00000306877",892
"ENSG00000306878",926
"ENSG00000306879",1004
"ENSG00000306880",1634
"ENSG00000306881",1401
"ENSG00000306882",701
"ENSG00000306883",499
"ENSG00000306884",632
"ENSG00000306885",3737
"ENSG00000306886",504
"ENSG00000306887",356
"ENSG00000306888",2113
"ENSG00000306889",414
"ENSG00000306890",398
"ENSG00000306891",1676
"ENSG00000306892",305
"ENSG00000306893",350
"ENSG00000306894",867
"ENSG00000306895",906
"ENSG00000306896",1424
"ENSG00000306897",350
"ENSG00000306898",488
"ENSG00000306899",2099
"ENSG00000306900",561
"ENSG00000306901",1515
"ENSG00000306902",1148
"ENSG00000306903",548
"ENSG00000306904",382
"ENSG00000306905",505
"ENSG00000306906",222
"ENSG00000306907",298
"ENSG00000306908",712
"ENSG00000306909",521
"ENSG00000306910",397
"ENSG00000306911",2457
"ENSG00000306912",503
"ENSG00000306913",1374
"ENSG00000306914",2007
"ENSG00000306915",1102
"ENSG00000306916",1989
"ENSG00000306917",611
"ENSG00000306918",1036
"ENSG00000306919",687
"ENSG00000306920",188
"ENSG00000306921",673
"ENSG00000306922",2227
"ENSG00000306923",1217
"ENSG00000306924",760
"ENSG00000306925",652
"ENSG00000306926",1635
"ENSG00000306927",1192
"ENSG00000306928",651
"ENSG00000306929",1357
"ENSG00000306930",271
"ENSG00000306931",400
"ENSG00000306932",422
"ENSG00000306933",451
"ENSG00000306934",962
"ENSG00000306935",2236
"ENSG00000306936",250
"ENSG00000306937",1037
"ENSG00000306938",528
"ENSG00000306939",2094
"ENSG00000306940",1336
"ENSG00000306941",1246
"ENSG00000306942",410
"ENSG00000306943",157
"ENSG00000306944",1057
"ENSG00000306945",814
"ENSG00000306946",427
"ENSG00000306947",614
"ENSG00000306948",492
"ENSG00000306949",1168
"ENSG00000306950",780
"ENSG00000306951",987
"ENSG00000306952",1646
"ENSG00000306953",630
"ENSG00000306954",633
"ENSG00000306955",1197
"ENSG00000306956",1238
"ENSG00000306957",1528
"ENSG00000306958",713
"ENSG00000306959",1488
"ENSG00000306960",516
"ENSG00000306961",437
"ENSG00000306962",1952
"ENSG00000306963",3449
"ENSG00000306964",1421
"ENSG00000306965",656
"ENSG00000306966",2128
"ENSG00000306967",782
"ENSG00000306968",1602
"ENSG00000306969",1855
"ENSG00000306970",902
"ENSG00000306971",355
"ENSG00000306972",517
"ENSG00000306973",335
"ENSG00000306974",747
"ENSG00000306975",433
"ENSG00000306976",982
"ENSG00000306977",542
"ENSG00000306978",1324
"ENSG00000306979",1304
"ENSG00000306980",1521
"ENSG00000306981",746
"ENSG00000306982",1064
"ENSG00000306983",847
"ENSG00000306984",529
"ENSG00000306985",636
"ENSG00000306986",861
"ENSG00000306987",1678
"ENSG00000306988",1474
"ENSG00000306989",789
"ENSG00000306990",1226
"ENSG00000306991",1058
"ENSG00000306992",1324
"ENSG00000306993",539
"ENSG00000306994",431
"ENSG00000306995",874
"ENSG00000306996",1365
"ENSG00000306997",4661
"ENSG00000306998",304
"ENSG00000306999",772
"ENSG00000307000",982
"ENSG00000307001",422
"ENSG00000307002",1092
"ENSG00000307003",513
"ENSG00000307004",641
"ENSG00000307005",975
"ENSG00000307006",331
"ENSG00000307007",520
"ENSG00000307008",680
"ENSG00000307009",334
"ENSG00000307010",1632
"ENSG00000307011",493
"ENSG00000307012",406
"ENSG00000307013",649
"ENSG00000307014",874
"ENSG00000307015",414
"ENSG00000307016",272
"ENSG00000307017",742
"ENSG00000307018",348
"ENSG00000307019",1286
"ENSG00000307020",481
"ENSG00000307021",1014
"ENSG00000307022",2753
"ENSG00000307023",448
"ENSG00000307024",2879
"ENSG00000307025",1734
"ENSG00000307027",463
"ENSG00000307028",710
"ENSG00000307029",974
"ENSG00000307030",640
"ENSG00000307031",596
"ENSG00000307032",980
"ENSG00000307033",1296
"ENSG00000307034",267
"ENSG00000307035",1314
"ENSG00000307036",2204
"ENSG00000307037",1597
"ENSG00000307038",4006
"ENSG00000307039",301
"ENSG00000307040",1269
"ENSG00000307041",929
"ENSG00000307042",635
"ENSG00000307043",485
"ENSG00000307044",701
"ENSG00000307045",514
"ENSG00000307046",1012
"ENSG00000307047",401
"ENSG00000307048",277
"ENSG00000307049",597
"ENSG00000307050",1251
"ENSG00000307051",368
"ENSG00000307052",693
"ENSG00000307053",575
"ENSG00000307054",450
"ENSG00000307055",822
"ENSG00000307056",523
"ENSG00000307057",827
"ENSG00000307058",1608
"ENSG00000307059",926
"ENSG00000307060",1136
"ENSG00000307061",3740
"ENSG00000307062",653
"ENSG00000307063",1152
"ENSG00000307064",1908
"ENSG00000307065",108
"ENSG00000307066",1136
"ENSG00000307067",327
"ENSG00000307068",628
"ENSG00000307069",4362
"ENSG00000307070",359
"ENSG00000307071",414
"ENSG00000307072",1917
"ENSG00000307073",411
"ENSG00000307074",534
"ENSG00000307075",1654
"ENSG00000307076",1311
"ENSG00000307077",2829
"ENSG00000307078",608
"ENSG00000307079",4096
"ENSG00000307080",582
"ENSG00000307081",325
"ENSG00000307082",452
"ENSG00000307083",878
"ENSG00000307084",1547
"ENSG00000307085",1100
"ENSG00000307086",434
"ENSG00000307087",1393
"ENSG00000307088",25138
"ENSG00000307089",698
"ENSG00000307090",761
"ENSG00000307091",722
"ENSG00000307092",3566
"ENSG00000307093",1390
"ENSG00000307094",585
"ENSG00000307095",536
"ENSG00000307096",5690
"ENSG00000307097",394
"ENSG00000307098",1932
"ENSG00000307099",1153
"ENSG00000307100",450
"ENSG00000307101",2598
"ENSG00000307102",509
"ENSG00000307103",481
"ENSG00000307104",1422
"ENSG00000307105",1189
"ENSG00000307106",1947
"ENSG00000307107",504
"ENSG00000307108",493
"ENSG00000307109",287
"ENSG00000307110",482
"ENSG00000307111",2249
"ENSG00000307112",1425
"ENSG00000307113",751
"ENSG00000307114",526
"ENSG00000307115",529
"ENSG00000307116",208
"ENSG00000307117",369
"ENSG00000307118",443
"ENSG00000307119",194
"ENSG00000307120",786
"ENSG00000307121",537
"ENSG00000307122",1030
"ENSG00000307123",1232
"ENSG00000307124",595
"ENSG00000307125",585
"ENSG00000307126",733
"ENSG00000307127",467
"ENSG00000307128",293
"ENSG00000307129",618
"ENSG00000307130",1256
"ENSG00000307131",1010
"ENSG00000307132",380
"ENSG00000307133",489
"ENSG00000307134",1206
"ENSG00000307135",693
"ENSG00000307136",760
"ENSG00000307137",5508
"ENSG00000307138",1071
"ENSG00000307139",528
"ENSG00000307140",565
"ENSG00000307141",1019
"ENSG00000307142",629
"ENSG00000307143",1970
"ENSG00000307144",1320
"ENSG00000307145",616
"ENSG00000307146",702
"ENSG00000307147",395
"ENSG00000307148",700
"ENSG00000307149",536
"ENSG00000307150",547
"ENSG00000307151",793
"ENSG00000307152",968
"ENSG00000307153",656
"ENSG00000307154",928
"ENSG00000307155",1023
"ENSG00000307156",1043
"ENSG00000307157",596
"ENSG00000307158",250
"ENSG00000307159",1150
"ENSG00000307160",360
"ENSG00000307161",940
"ENSG00000307162",1821
"ENSG00000307163",400
"ENSG00000307164",594
"ENSG00000307165",418
"ENSG00000307166",680
"ENSG00000307167",1623
"ENSG00000307168",761
"ENSG00000307169",1629
"ENSG00000307170",584
"ENSG00000307171",625
"ENSG00000307172",2997
"ENSG00000307173",667
"ENSG00000307174",396
"ENSG00000307175",1107
"ENSG00000307176",991
"ENSG00000307177",849
"ENSG00000307178",398
"ENSG00000307179",116
"ENSG00000307180",506
"ENSG00000307181",1942
"ENSG00000307182",441
"ENSG00000307183",809
"ENSG00000307184",1001
"ENSG00000307185",387
"ENSG00000307186",794
"ENSG00000307187",2624
"ENSG00000307188",1385
"ENSG00000307189",324
"ENSG00000307190",783
"ENSG00000307191",1043
"ENSG00000307192",1545
"ENSG00000307193",360
"ENSG00000307194",619
"ENSG00000307195",349
"ENSG00000307196",1041
"ENSG00000307197",541
"ENSG00000307198",1096
"ENSG00000307199",834
"ENSG00000307200",612
"ENSG00000307201",2065
"ENSG00000307202",1179
"ENSG00000307203",612
"ENSG00000307204",773
"ENSG00000307205",724
"ENSG00000307206",2065
"ENSG00000307207",735
"ENSG00000307208",969
"ENSG00000307209",845
"ENSG00000307210",2809
"ENSG00000307211",600
"ENSG00000307212",464
"ENSG00000307213",826
"ENSG00000307214",306
"ENSG00000307215",848
"ENSG00000307216",1637
"ENSG00000307217",610
"ENSG00000307218",352
"ENSG00000307219",520
"ENSG00000307220",879
"ENSG00000307221",728
"ENSG00000307222",2372
"ENSG00000307223",842
"ENSG00000307224",722
"ENSG00000307225",1419
"ENSG00000307226",355
"ENSG00000307227",543
"ENSG00000307228",742
"ENSG00000307229",906
"ENSG00000307230",740
"ENSG00000307231",1680
"ENSG00000307232",568
"ENSG00000307233",1757
"ENSG00000307234",1733
"ENSG00000307235",2629
"ENSG00000307236",3167
"ENSG00000307237",364
"ENSG00000307238",1127
"ENSG00000307239",814
"ENSG00000307240",370
"ENSG00000307241",1294
"ENSG00000307242",1819
"ENSG00000307243",2969
"ENSG00000307244",640
"ENSG00000307245",893
"ENSG00000307246",1267
"ENSG00000307247",623
"ENSG00000307248",875
"ENSG00000307249",1555
"ENSG00000307250",1665
"ENSG00000307251",343
"ENSG00000307252",462
"ENSG00000307253",401
"ENSG00000307254",1635
"ENSG00000307255",841
"ENSG00000307256",2334
"ENSG00000307257",399
"ENSG00000307258",1058
"ENSG00000307259",349
"ENSG00000307260",431
"ENSG00000307261",435
"ENSG00000307262",373
"ENSG00000307263",310
"ENSG00000307264",1956
"ENSG00000307265",442
"ENSG00000307266",455
"ENSG00000307267",1026
"ENSG00000307268",889
"ENSG00000307269",1178
"ENSG00000307270",544
"ENSG00000307271",1016
"ENSG00000307272",1098
"ENSG00000307273",626
"ENSG00000307274",651
"ENSG00000307275",791
"ENSG00000307276",1063
"ENSG00000307277",1303
"ENSG00000307278",628
"ENSG00000307279",1665
"ENSG00000307280",706
"ENSG00000307281",1295
"ENSG00000307282",383
"ENSG00000307283",410
"ENSG00000307284",1983
"ENSG00000307285",1828
"ENSG00000307286",1099
"ENSG00000307287",1257
"ENSG00000307288",550
"ENSG00000307289",649
"ENSG00000307290",387
"ENSG00000307291",267
"ENSG00000307292",292
"ENSG00000307293",1426
"ENSG00000307294",254
"ENSG00000307295",2010
"ENSG00000307296",521
"ENSG00000307297",1043
"ENSG00000307298",982
"ENSG00000307299",337
"ENSG00000307300",870
"ENSG00000307301",930
"ENSG00000307302",898
"ENSG00000307303",706
"ENSG00000307304",988
"ENSG00000307305",1255
"ENSG00000307306",853
"ENSG00000307307",1816
"ENSG00000307308",552
"ENSG00000307309",1341
"ENSG00000307310",890
"ENSG00000307311",906
"ENSG00000307312",576
"ENSG00000307313",1022
"ENSG00000307314",2090
"ENSG00000307315",874
"ENSG00000307316",563
"ENSG00000307317",621
"ENSG00000307318",745
"ENSG00000307319",723
"ENSG00000307320",645
"ENSG00000307321",251
"ENSG00000307322",1433
"ENSG00000307323",744
"ENSG00000307324",694
"ENSG00000307325",1545
"ENSG00000307326",182
"ENSG00000307327",825
"ENSG00000307328",1364
"ENSG00000307329",1256
"ENSG00000307330",759
"ENSG00000307331",3238
"ENSG00000307332",645
"ENSG00000307333",1339
"ENSG00000307334",425
"ENSG00000307335",492
"ENSG00000307336",683
"ENSG00000307337",195
"ENSG00000307338",1168
"ENSG00000307339",426
"ENSG00000307340",921
"ENSG00000307341",6063
"ENSG00000307342",2327
"ENSG00000307343",1429
"ENSG00000307344",1345
"ENSG00000307345",1003
"ENSG00000307346",842
"ENSG00000307347",763
"ENSG00000307348",468
"ENSG00000307349",261
"ENSG00000307350",656
"ENSG00000307351",505
"ENSG00000307352",542
"ENSG00000307353",979
"ENSG00000307354",1292
"ENSG00000307355",474
"ENSG00000307356",469
"ENSG00000307357",320
"ENSG00000307358",409
"ENSG00000307359",666
"ENSG00000307360",495
"ENSG00000307361",568
"ENSG00000307362",1799
"ENSG00000307363",4545
"ENSG00000307364",548
"ENSG00000307365",1235
"ENSG00000307366",412
"ENSG00000307367",1107
"ENSG00000307368",1348
"ENSG00000307369",320
"ENSG00000307370",1329
"ENSG00000307371",1423
"ENSG00000307372",871
"ENSG00000307373",800
"ENSG00000307374",163
"ENSG00000307375",269
"ENSG00000307376",1050
"ENSG00000307377",613
"ENSG00000307378",1553
"ENSG00000307379",643
"ENSG00000307380",714
"ENSG00000307381",754
"ENSG00000307382",342
"ENSG00000307383",397
"ENSG00000307384",912
"ENSG00000307385",1039
"ENSG00000307386",419
"ENSG00000307387",881
"ENSG00000307388",924
"ENSG00000307389",398
"ENSG00000307390",526
"ENSG00000307391",446
"ENSG00000307392",594
"ENSG00000307393",786
"ENSG00000307394",633
"ENSG00000307395",383
"ENSG00000307396",596
"ENSG00000307397",708
"ENSG00000307398",1177
"ENSG00000307399",2006
"ENSG00000307400",466
"ENSG00000307401",233
"ENSG00000307402",347
"ENSG00000307403",691
"ENSG00000307404",367
"ENSG00000307405",340
"ENSG00000307406",1040
"ENSG00000307407",1236
"ENSG00000307408",953
"ENSG00000307409",1278
"ENSG00000307410",300
"ENSG00000307411",619
"ENSG00000307412",1394
"ENSG00000307413",558
"ENSG00000307414",306
"ENSG00000307415",1777
"ENSG00000307416",654
"ENSG00000307417",3389
"ENSG00000307418",542
"ENSG00000307419",482
"ENSG00000307420",374
"ENSG00000307421",336
"ENSG00000307422",501
"ENSG00000307423",678
"ENSG00000307424",418
"ENSG00000307425",418
"ENSG00000307426",457
"ENSG00000307427",491
"ENSG00000307428",471
"ENSG00000307429",697
"ENSG00000307430",389
"ENSG00000307431",724
"ENSG00000307432",384
"ENSG00000307433",1335
"ENSG00000307434",617
"ENSG00000307435",467
"ENSG00000307436",624
"ENSG00000307437",495
"ENSG00000307438",953
"ENSG00000307439",932
"ENSG00000307440",623
"ENSG00000307441",235
"ENSG00000307442",913
"ENSG00000307443",420
"ENSG00000307444",2725
"ENSG00000307445",2191
"ENSG00000307446",1157
"ENSG00000307447",394
"ENSG00000307448",674
"ENSG00000307449",1034
"ENSG00000307450",459
"ENSG00000307451",509
"ENSG00000307452",1890
"ENSG00000307453",667
"ENSG00000307454",300
"ENSG00000307455",517
"ENSG00000307456",930
"ENSG00000307457",465
"ENSG00000307458",841
"ENSG00000307459",1471
"ENSG00000307460",870
"ENSG00000307461",614
"ENSG00000307462",615
"ENSG00000307463",825
"ENSG00000307464",572
"ENSG00000307465",1990
"ENSG00000307466",868
"ENSG00000307467",736
"ENSG00000307468",899
"ENSG00000307469",1282
"ENSG00000307470",3688
"ENSG00000307471",347
"ENSG00000307472",904
"ENSG00000307473",520
"ENSG00000307474",620
"ENSG00000307475",456
"ENSG00000307476",288
"ENSG00000307477",370
"ENSG00000307478",546
"ENSG00000307479",482
"ENSG00000307480",1070
"ENSG00000307481",2303
"ENSG00000307482",223
"ENSG00000307483",602
"ENSG00000307484",741
"ENSG00000307485",695
"ENSG00000307486",1105
"ENSG00000307487",431
"ENSG00000307488",691
"ENSG00000307489",672
"ENSG00000307490",764
"ENSG00000307491",275
"ENSG00000307492",459
"ENSG00000307493",452
"ENSG00000307494",356
"ENSG00000307495",1844
"ENSG00000307496",382
"ENSG00000307497",839
"ENSG00000307498",680
"ENSG00000307499",1166
"ENSG00000307500",4618
"ENSG00000307501",424
"ENSG00000307502",975
"ENSG00000307503",751
"ENSG00000307504",600
"ENSG00000307505",1203
"ENSG00000307506",490
"ENSG00000307507",771
"ENSG00000307508",545
"ENSG00000307509",469
"ENSG00000307510",949
"ENSG00000307511",845
"ENSG00000307512",598
"ENSG00000307513",294
"ENSG00000307514",1106
"ENSG00000307515",1117
"ENSG00000307516",444
"ENSG00000307517",503
"ENSG00000307518",553
"ENSG00000307519",639
"ENSG00000307520",1140
"ENSG00000307521",1650
"ENSG00000307522",486
"ENSG00000307523",982
"ENSG00000307524",460
"ENSG00000307525",352
"ENSG00000307526",1042
"ENSG00000307527",548
"ENSG00000307528",805
"ENSG00000307529",715
"ENSG00000307530",620
"ENSG00000307531",506
"ENSG00000307532",1466
"ENSG00000307533",1246
"ENSG00000307534",2498
"ENSG00000307535",559
"ENSG00000307536",5098
"ENSG00000307537",992
"ENSG00000307538",598
"ENSG00000307539",1061
"ENSG00000307540",1837
"ENSG00000307541",547
"ENSG00000307542",577
"ENSG00000307543",349
"ENSG00000307544",834
"ENSG00000307545",773
"ENSG00000307546",462
"ENSG00000307547",577
"ENSG00000307548",742
"ENSG00000307549",610
"ENSG00000307550",578
"ENSG00000307551",683
"ENSG00000307552",636
"ENSG00000307553",944
"ENSG00000307554",403
"ENSG00000307555",627
"ENSG00000307556",493
"ENSG00000307557",1033
"ENSG00000307558",1062
"ENSG00000307559",443
"ENSG00000307560",576
"ENSG00000307561",1235
"ENSG00000307562",1227
"ENSG00000307563",1180
"ENSG00000307564",1389
"ENSG00000307565",1641
"ENSG00000307566",666
"ENSG00000307567",798
"ENSG00000307568",1083
"ENSG00000307569",1408
"ENSG00000307570",1612
"ENSG00000307571",672
"ENSG00000307572",563
"ENSG00000307573",933
"ENSG00000307574",330
"ENSG00000307575",570
"ENSG00000307576",1096
"ENSG00000307577",263
"ENSG00000307578",736
"ENSG00000307579",780
"ENSG00000307580",2845
"ENSG00000307581",857
"ENSG00000307582",802
"ENSG00000307583",801
"ENSG00000307584",1047
"ENSG00000307585",3212
"ENSG00000307586",693
"ENSG00000307587",585
"ENSG00000307588",1183
"ENSG00000307589",506
"ENSG00000307590",516
"ENSG00000307591",337
"ENSG00000307592",1060
"ENSG00000307593",1099
"ENSG00000307594",2855
"ENSG00000307595",309
"ENSG00000307596",407
"ENSG00000307597",789
"ENSG00000307598",1047
"ENSG00000307599",2202
"ENSG00000307600",660
"ENSG00000307601",984
"ENSG00000307602",2077
"ENSG00000307603",909
"ENSG00000307604",1340
"ENSG00000307605",812
"ENSG00000307606",563
"ENSG00000307607",783
"ENSG00000307608",863
"ENSG00000307609",362
"ENSG00000307610",773
"ENSG00000307611",416
"ENSG00000307612",1648
"ENSG00000307613",1711
"ENSG00000307614",3230
"ENSG00000307615",4779
"ENSG00000307616",153
"ENSG00000307617",1345
"ENSG00000307618",871
"ENSG00000307619",1382
"ENSG00000307620",974
"ENSG00000307621",531
"ENSG00000307622",1518
"ENSG00000307623",552
"ENSG00000307624",428
"ENSG00000307625",1053
"ENSG00000307626",806
"ENSG00000307627",245
"ENSG00000307628",1542
"ENSG00000307629",461
"ENSG00000307630",367
"ENSG00000307631",993
"ENSG00000307632",1163
"ENSG00000307633",573
"ENSG00000307634",742
"ENSG00000307635",658
"ENSG00000307636",1250
"ENSG00000307637",309
"ENSG00000307638",2378
"ENSG00000307639",2434
"ENSG00000307640",757
"ENSG00000307641",960
"ENSG00000307642",322
"ENSG00000307643",1234
"ENSG00000307644",1718
"ENSG00000307645",1900
"ENSG00000307646",722
"ENSG00000307647",396
"ENSG00000307648",493
"ENSG00000307649",326
"ENSG00000307650",481
"ENSG00000307651",6265
"ENSG00000307652",1313
"ENSG00000307653",418
"ENSG00000307654",787
"ENSG00000307655",351
"ENSG00000307656",1078
"ENSG00000307657",579
"ENSG00000307658",648
"ENSG00000307659",1718
"ENSG00000307660",1813
"ENSG00000307661",1082
"ENSG00000307662",932
"ENSG00000307663",442
"ENSG00000307664",832
"ENSG00000307665",907
"ENSG00000307666",646
"ENSG00000307667",402
"ENSG00000307668",943
"ENSG00000307669",749
"ENSG00000307670",819
"ENSG00000307671",1124
"ENSG00000307672",482
"ENSG00000307673",2255
"ENSG00000307674",7116
"ENSG00000307675",303
"ENSG00000307676",1060
"ENSG00000307677",425
"ENSG00000307678",548
"ENSG00000307679",598
"ENSG00000307680",552
"ENSG00000307681",1312
"ENSG00000307682",967
"ENSG00000307683",2978
"ENSG00000307684",571
"ENSG00000307685",414
"ENSG00000307686",948
"ENSG00000307687",1170
"ENSG00000307688",2904
"ENSG00000307689",565
"ENSG00000307690",345
"ENSG00000307691",371
"ENSG00000307692",571
"ENSG00000307693",1089
"ENSG00000307694",1172
"ENSG00000307695",635
"ENSG00000307696",1763
"ENSG00000307697",355
"ENSG00000307698",2078
"ENSG00000307699",2022
"ENSG00000307700",1643
"ENSG00000307701",1228
"ENSG00000307702",516
"ENSG00000307703",1094
"ENSG00000307704",363
"ENSG00000307705",644
"ENSG00000307706",935
"ENSG00000307707",480
"ENSG00000307708",648
"ENSG00000307709",1568
"ENSG00000307710",493
"ENSG00000307711",495
"ENSG00000307712",604
"ENSG00000307713",678
"ENSG00000307714",984
"ENSG00000307715",646
"ENSG00000307716",611
"ENSG00000307717",1320
"ENSG00000307718",1252
"ENSG00000307719",398
"ENSG00000307720",807
"ENSG00000307721",697
"ENSG00000307722",747
"ENSG00000307723",542
"ENSG00000307724",1044
"ENSG00000307725",248
"ENSG00000307726",639
"ENSG00000307727",188
"ENSG00000307728",1020
"ENSG00000307729",645
"ENSG00000307730",1621
"ENSG00000307731",1180
"ENSG00000307732",381
"ENSG00000307733",369
"ENSG00000307734",965
"ENSG00000307735",503
"ENSG00000307736",687
"ENSG00000307737",1011
"ENSG00000307738",989
"ENSG00000307739",324
"ENSG00000307740",789
"ENSG00000307741",1522
"ENSG00000307742",1027
"ENSG00000307743",1100
"ENSG00000307744",1173
"ENSG00000307745",1795
"ENSG00000307746",585
"ENSG00000307747",1171
"ENSG00000307748",3491
"ENSG00000307749",445
"ENSG00000307750",787
"ENSG00000307751",343
"ENSG00000307752",421
"ENSG00000307753",334
"ENSG00000307754",455
"ENSG00000307755",570
"ENSG00000307756",1269
"ENSG00000307757",1680
"ENSG00000307758",1101
"ENSG00000307759",439
"ENSG00000307760",480
"ENSG00000307761",1515
"ENSG00000307762",393
"ENSG00000307763",548
"ENSG00000307764",585
"ENSG00000307765",679
"ENSG00000307766",425
"ENSG00000307767",360
"ENSG00000307768",1675
"ENSG00000307769",1365
"ENSG00000307770",1173
"ENSG00000307771",1279
"ENSG00000307772",4145
"ENSG00000307773",1302
"ENSG00000307774",589
"ENSG00000307775",421
"ENSG00000307776",396
"ENSG00000307777",2758
"ENSG00000307778",1580
"ENSG00000307779",786
"ENSG00000307780",672
"ENSG00000307781",673
"ENSG00000307782",343
"ENSG00000307783",354
"ENSG00000307784",2027
"ENSG00000307785",2514
"ENSG00000307786",668
"ENSG00000307787",612
"ENSG00000307788",785
"ENSG00000307789",2497
"ENSG00000307790",655
"ENSG00000307791",647
"ENSG00000307792",278
"ENSG00000307793",347
"ENSG00000307794",721
"ENSG00000307795",385
"ENSG00000307796",408
"ENSG00000307797",324
"ENSG00000307798",1158
"ENSG00000307799",394
"ENSG00000307800",813
"ENSG00000307801",316
"ENSG00000307802",866
"ENSG00000307803",586
"ENSG00000307804",323
"ENSG00000307805",1180
"ENSG00000307806",734
"ENSG00000307807",421
"ENSG00000307808",1500
"ENSG00000307809",529
"ENSG00000307810",1927
"ENSG00000307811",625
"ENSG00000307812",1429
"ENSG00000307813",671
"ENSG00000307814",1201
"ENSG00000307815",5272
"ENSG00000307816",2792
"ENSG00000307817",623
"ENSG00000307818",831
"ENSG00000307819",1302
"ENSG00000307820",340
"ENSG00000307821",557
"ENSG00000307822",1022
"ENSG00000307823",2365
"ENSG00000307824",525
"ENSG00000307825",2020
"ENSG00000307826",714
"ENSG00000307827",1046
"ENSG00000307828",634
"ENSG00000307829",773
"ENSG00000307830",373
"ENSG00000307831",743
"ENSG00000307832",445
"ENSG00000307833",723
"ENSG00000307834",567
"ENSG00000307835",1358
"ENSG00000307836",583
"ENSG00000307837",971
"ENSG00000307838",832
"ENSG00000307839",1011
"ENSG00000307840",682
"ENSG00000307841",1584
"ENSG00000307842",520
"ENSG00000307843",879
"ENSG00000307844",1076
"ENSG00000307845",1281
"ENSG00000307846",885
"ENSG00000307847",947
"ENSG00000307848",704
"ENSG00000307849",604
"ENSG00000307850",499
"ENSG00000307851",1133
"ENSG00000307852",362
"ENSG00000307853",653
"ENSG00000307854",1378
"ENSG00000307855",480
"ENSG00000307856",898
"ENSG00000307857",4200
"ENSG00000307858",472
"ENSG00000307859",4784
"ENSG00000307860",503
"ENSG00000307861",577
"ENSG00000307862",2279
"ENSG00000307863",371
"ENSG00000307864",1880
"ENSG00000307865",2161
"ENSG00000307867",495
"ENSG00000307868",2896
"ENSG00000307869",3177
"ENSG00000307870",792
"ENSG00000307871",502
"ENSG00000307872",1065
"ENSG00000307873",913
"ENSG00000307874",2116
"ENSG00000307875",982
"ENSG00000307876",511
"ENSG00000307877",1962
"ENSG00000307878",880
"ENSG00000307879",517
"ENSG00000307880",483
"ENSG00000307881",853
"ENSG00000307882",1758
"ENSG00000307883",847
"ENSG00000307884",704
"ENSG00000307885",998
"ENSG00000307886",497
"ENSG00000307887",772
"ENSG00000307888",365
"ENSG00000307889",703
"ENSG00000307890",363
"ENSG00000307891",1362
"ENSG00000307892",1523
"ENSG00000307893",534
"ENSG00000307894",1333
"ENSG00000307895",2075
"ENSG00000307896",1095
"ENSG00000307897",1581
"ENSG00000307898",1704
"ENSG00000307899",326
"ENSG00000307900",1430
"ENSG00000307901",1285
"ENSG00000307902",867
"ENSG00000307903",344
"ENSG00000307904",598
"ENSG00000307905",621
"ENSG00000307906",442
"ENSG00000307907",335
"ENSG00000307908",492
"ENSG00000307909",429
"ENSG00000307910",568
"ENSG00000307911",1495
"ENSG00000307912",1135
"ENSG00000307913",656
"ENSG00000307914",486
"ENSG00000307915",468
"ENSG00000307916",1043
"ENSG00000307917",891
"ENSG00000307918",539
"ENSG00000307919",1960
"ENSG00000307920",474
"ENSG00000307921",1370
"ENSG00000307922",1268
"ENSG00000307923",1877
"ENSG00000307924",1233
"ENSG00000307925",1139
"ENSG00000307926",1703
"ENSG00000307927",3723
"ENSG00000307928",712
"ENSG00000307929",1645
"ENSG00000307930",410
"ENSG00000307931",421
"ENSG00000307932",761
"ENSG00000307933",1131
"ENSG00000307934",378
"ENSG00000307935",518
"ENSG00000307936",532
"ENSG00000307937",1311
"ENSG00000307938",380
"ENSG00000307939",309
"ENSG00000307940",483
"ENSG00000307941",343
"ENSG00000307942",7367
"ENSG00000307943",1953
"ENSG00000307944",738
"ENSG00000307945",585
"ENSG00000307946",1180
"ENSG00000307947",561
"ENSG00000307948",322
"ENSG00000307949",330
"ENSG00000307950",1944
"ENSG00000307951",1843
"ENSG00000307952",345
"ENSG00000307953",525
"ENSG00000307954",821
"ENSG00000307955",472
"ENSG00000307956",842
"ENSG00000307957",702
"ENSG00000307958",1339
"ENSG00000307959",1541
"ENSG00000307960",617
"ENSG00000307961",3370
"ENSG00000307962",695
"ENSG00000307963",892
"ENSG00000307964",1385
"ENSG00000307965",2323
"ENSG00000307966",984
"ENSG00000307967",2139
"ENSG00000307968",631
"ENSG00000307969",711
"ENSG00000307970",2202
"ENSG00000307971",1012
"ENSG00000307972",1893
"ENSG00000307973",538
"ENSG00000307974",562
"ENSG00000307975",577
"ENSG00000307976",646
"ENSG00000307977",1388
"ENSG00000307978",875
"ENSG00000307979",1640
"ENSG00000307980",398
"ENSG00000307981",1295
"ENSG00000307982",1032
"ENSG00000307983",913
"ENSG00000307984",160
"ENSG00000307985",1095
"ENSG00000307986",1271
"ENSG00000307987",556
"ENSG00000307988",371
"ENSG00000307989",1655
"ENSG00000307990",887
"ENSG00000307991",509
"ENSG00000307992",494
"ENSG00000307993",274
"ENSG00000307994",1113
"ENSG00000307995",2627
"ENSG00000307996",412
"ENSG00000307997",1924
"ENSG00000307998",648
"ENSG00000307999",619
"ENSG00000308000",673
"ENSG00000308001",670
"ENSG00000308002",517
"ENSG00000308003",1998
"ENSG00000308004",459
"ENSG00000308005",1743
"ENSG00000308006",379
"ENSG00000308007",709
"ENSG00000308008",258
"ENSG00000308009",1970
"ENSG00000308010",915
"ENSG00000308011",1368
"ENSG00000308012",472
"ENSG00000308013",361
"ENSG00000308014",465
"ENSG00000308015",1383
"ENSG00000308016",1329
"ENSG00000308017",1233
"ENSG00000308018",629
"ENSG00000308019",712
"ENSG00000308020",371
"ENSG00000308021",215
"ENSG00000308022",645
"ENSG00000308023",1186
"ENSG00000308024",713
"ENSG00000308025",426
"ENSG00000308026",2388
"ENSG00000308027",1560
"ENSG00000308028",1326
"ENSG00000308029",1509
"ENSG00000308030",568
"ENSG00000308031",255
"ENSG00000308032",445
"ENSG00000308033",320
"ENSG00000308034",591
"ENSG00000308035",1268
"ENSG00000308036",710
"ENSG00000308037",1228
"ENSG00000308038",1322
"ENSG00000308039",414
"ENSG00000308040",366
"ENSG00000308041",309
"ENSG00000308042",812
"ENSG00000308043",2430
"ENSG00000308044",1479
"ENSG00000308045",622
"ENSG00000308046",348
"ENSG00000308047",601
"ENSG00000308048",569
"ENSG00000308049",813
"ENSG00000308050",661
"ENSG00000308051",787
"ENSG00000308052",1265
"ENSG00000308053",495
"ENSG00000308054",619
"ENSG00000308055",1751
"ENSG00000308056",1152
"ENSG00000308057",638
"ENSG00000308058",979
"ENSG00000308059",416
"ENSG00000308060",1080
"ENSG00000308061",377
"ENSG00000308062",394
"ENSG00000308063",692
"ENSG00000308064",715
"ENSG00000308065",1693
"ENSG00000308066",969
"ENSG00000308067",2207
"ENSG00000308068",807
"ENSG00000308069",1891
"ENSG00000308070",375
"ENSG00000308071",550
"ENSG00000308072",881
"ENSG00000308073",1239
"ENSG00000308074",3406
"ENSG00000308075",506
"ENSG00000308076",340
"ENSG00000308077",1163
"ENSG00000308078",337
"ENSG00000308079",436
"ENSG00000308080",479
"ENSG00000308081",1322
"ENSG00000308082",986
"ENSG00000308083",514
"ENSG00000308084",372
"ENSG00000308085",724
"ENSG00000308086",547
"ENSG00000308087",710
"ENSG00000308088",1857
"ENSG00000308089",385
"ENSG00000308090",908
"ENSG00000308091",461
"ENSG00000308092",339
"ENSG00000308093",399
"ENSG00000308094",912
"ENSG00000308095",2456
"ENSG00000308096",609
"ENSG00000308097",620
"ENSG00000308098",377
"ENSG00000308099",2423
"ENSG00000308100",675
"ENSG00000308101",540
"ENSG00000308102",509
"ENSG00000308103",360
"ENSG00000308104",274
"ENSG00000308105",1499
"ENSG00000308106",663
"ENSG00000308107",2973
"ENSG00000308108",1478
"ENSG00000308109",473
"ENSG00000308110",791
"ENSG00000308111",2086
"ENSG00000308112",1697
"ENSG00000308113",359
"ENSG00000308114",497
"ENSG00000308115",742
"ENSG00000308116",537
"ENSG00000308117",935
"ENSG00000308118",844
"ENSG00000308119",1385
"ENSG00000308120",371
"ENSG00000308121",547
"ENSG00000308122",588
"ENSG00000308123",458
"ENSG00000308124",1535
"ENSG00000308125",1198
"ENSG00000308126",1782
"ENSG00000308127",280
"ENSG00000308128",642
"ENSG00000308129",480
"ENSG00000308130",1281
"ENSG00000308131",493
"ENSG00000308132",1156
"ENSG00000308133",742
"ENSG00000308134",957
"ENSG00000308135",1050
"ENSG00000308136",542
"ENSG00000308137",354
"ENSG00000308138",855
"ENSG00000308139",673
"ENSG00000308140",618
"ENSG00000308141",1540
"ENSG00000308142",559
"ENSG00000308143",845
"ENSG00000308144",808
"ENSG00000308145",519
"ENSG00000308146",3241
"ENSG00000308147",1239
"ENSG00000308148",522
"ENSG00000308149",408
"ENSG00000308150",813
"ENSG00000308151",609
"ENSG00000308152",1959
"ENSG00000308153",598
"ENSG00000308154",564
"ENSG00000308155",1850
"ENSG00000308156",526
"ENSG00000308157",495
"ENSG00000308158",819
"ENSG00000308159",586
"ENSG00000308160",264
"ENSG00000308161",526
"ENSG00000308162",391
"ENSG00000308163",661
"ENSG00000308164",836
"ENSG00000308165",963
"ENSG00000308166",710
"ENSG00000308167",352
"ENSG00000308168",1063
"ENSG00000308169",479
"ENSG00000308170",563
"ENSG00000308171",356
"ENSG00000308172",3512
"ENSG00000308173",768
"ENSG00000308174",701
"ENSG00000308175",636
"ENSG00000308176",1135
"ENSG00000308177",1763
"ENSG00000308178",1277
"ENSG00000308179",876
"ENSG00000308180",1176
"ENSG00000308181",1145
"ENSG00000308182",658
"ENSG00000308183",496
"ENSG00000308184",990
"ENSG00000308185",18492
"ENSG00000308186",413
"ENSG00000308187",616
"ENSG00000308188",886
"ENSG00000308189",8865
"ENSG00000308190",139
"ENSG00000308191",1322
"ENSG00000308192",477
"ENSG00000308193",829
"ENSG00000308194",1029
"ENSG00000308195",985
"ENSG00000308196",334
"ENSG00000308197",671
"ENSG00000308198",1025
"ENSG00000308199",819
"ENSG00000308200",377
"ENSG00000308201",476
"ENSG00000308202",1463
"ENSG00000308203",490
"ENSG00000308204",2407
"ENSG00000308205",635
"ENSG00000308206",792
"ENSG00000308207",545
"ENSG00000308208",2480
"ENSG00000308209",3268
"ENSG00000308210",543
"ENSG00000308211",526
"ENSG00000308212",470
"ENSG00000308213",405
"ENSG00000308214",531
"ENSG00000308215",788
"ENSG00000308216",2247
"ENSG00000308217",603
"ENSG00000308218",1181
"ENSG00000308219",1103
"ENSG00000308220",2071
"ENSG00000308221",1222
"ENSG00000308222",2947
"ENSG00000308223",575
"ENSG00000308224",1048
"ENSG00000308225",416
"ENSG00000308226",429
"ENSG00000308227",530
"ENSG00000308228",1251
"ENSG00000308229",765
"ENSG00000308230",2463
"ENSG00000308231",1810
"ENSG00000308232",2033
"ENSG00000308233",819
"ENSG00000308234",2577
"ENSG00000308235",260
"ENSG00000308236",319
"ENSG00000308237",889
"ENSG00000308238",583
"ENSG00000308239",403
"ENSG00000308240",622
"ENSG00000308241",1408
"ENSG00000308242",316
"ENSG00000308243",1991
"ENSG00000308244",450
"ENSG00000308245",571
"ENSG00000308246",1353
"ENSG00000308247",368
"ENSG00000308248",635
"ENSG00000308249",566
"ENSG00000308250",1220
"ENSG00000308251",334
"ENSG00000308252",1817
"ENSG00000308253",1158
"ENSG00000308254",1747
"ENSG00000308255",418
"ENSG00000308256",786
"ENSG00000308257",2096
"ENSG00000308258",1289
"ENSG00000308259",701
"ENSG00000308260",908
"ENSG00000308261",668
"ENSG00000308262",388
"ENSG00000308263",1790
"ENSG00000308264",455
"ENSG00000308265",714
"ENSG00000308266",524
"ENSG00000308267",434
"ENSG00000308268",971
"ENSG00000308269",401
"ENSG00000308270",1331
"ENSG00000308271",4331
"ENSG00000308272",1660
"ENSG00000308273",974
"ENSG00000308274",304
"ENSG00000308275",280
"ENSG00000308276",547
"ENSG00000308277",1028
"ENSG00000308278",629
"ENSG00000308279",1535
"ENSG00000308280",516
"ENSG00000308281",996
"ENSG00000308282",1504
"ENSG00000308283",4323
"ENSG00000308284",575
"ENSG00000308285",1108
"ENSG00000308286",556
"ENSG00000308287",422
"ENSG00000308288",294
"ENSG00000308289",626
"ENSG00000308290",1104
"ENSG00000308291",476
"ENSG00000308292",940
"ENSG00000308293",644
"ENSG00000308294",1676
"ENSG00000308295",307
"ENSG00000308296",558
"ENSG00000308297",343
"ENSG00000308298",7587
"ENSG00000308299",1043
"ENSG00000308300",630
"ENSG00000308301",927
"ENSG00000308302",556
"ENSG00000308303",1303
"ENSG00000308304",1965
"ENSG00000308305",580
"ENSG00000308306",508
"ENSG00000308307",523
"ENSG00000308308",812
"ENSG00000308309",538
"ENSG00000308310",342
"ENSG00000308311",4262
"ENSG00000308312",1586
"ENSG00000308313",1475
"ENSG00000308314",1704
"ENSG00000308315",2214
"ENSG00000308316",687
"ENSG00000308317",439
"ENSG00000308318",817
"ENSG00000308319",354
"ENSG00000308320",292
"ENSG00000308321",281
"ENSG00000308322",753
"ENSG00000308323",598
"ENSG00000308324",617
"ENSG00000308325",438
"ENSG00000308326",474
"ENSG00000308327",956
"ENSG00000308328",282
"ENSG00000308329",417
"ENSG00000308330",1204
"ENSG00000308331",2080
"ENSG00000308332",1700
"ENSG00000308333",1589
"ENSG00000308334",1911
"ENSG00000308335",4179
"ENSG00000308336",976
"ENSG00000308337",889
"ENSG00000308338",413
"ENSG00000308339",1123
"ENSG00000308340",955
"ENSG00000308341",512
"ENSG00000308342",300
"ENSG00000308343",548
"ENSG00000308344",916
"ENSG00000308345",422
"ENSG00000308346",701
"ENSG00000308347",633
"ENSG00000308348",359
"ENSG00000308349",302
"ENSG00000308350",368
"ENSG00000308351",346
"ENSG00000308352",676
"ENSG00000308353",1844
"ENSG00000308354",359
"ENSG00000308355",1935
"ENSG00000308356",3579
"ENSG00000308357",396
"ENSG00000308358",745
"ENSG00000308359",931
"ENSG00000308360",1301
"ENSG00000308361",319
"ENSG00000308362",761
"ENSG00000308363",601
"ENSG00000308364",373
"ENSG00000308365",526
"ENSG00000308366",574
"ENSG00000308367",1602
"ENSG00000308368",1776
"ENSG00000308369",1937
"ENSG00000308370",1586
"ENSG00000308371",476
"ENSG00000308372",413
"ENSG00000308373",2175
"ENSG00000308374",364
"ENSG00000308375",2258
"ENSG00000308376",971
"ENSG00000308377",438
"ENSG00000308378",2101
"ENSG00000308379",495
"ENSG00000308380",1117
"ENSG00000308381",530
"ENSG00000308382",1122
"ENSG00000308383",2100
"ENSG00000308384",648
"ENSG00000308385",397
"ENSG00000308386",655
"ENSG00000308387",452
"ENSG00000308388",1840
"ENSG00000308389",913
"ENSG00000308390",774
"ENSG00000308391",2404
"ENSG00000308392",409
"ENSG00000308393",298
"ENSG00000308394",329
"ENSG00000308395",325
"ENSG00000308396",625
"ENSG00000308397",2078
"ENSG00000308398",632
"ENSG00000308399",368
"ENSG00000308400",1357
"ENSG00000308401",425
"ENSG00000308402",1970
"ENSG00000308403",1054
"ENSG00000308404",378
"ENSG00000308405",430
"ENSG00000308406",1377
"ENSG00000308407",1099
"ENSG00000308408",1065
"ENSG00000308409",659
"ENSG00000308410",319
"ENSG00000308411",500
"ENSG00000308412",409
"ENSG00000308413",2228
"ENSG00000308414",975
"ENSG00000308415",3079
"ENSG00000308416",1436
"ENSG00000308417",754
"ENSG00000308418",452
"ENSG00000308419",325
"ENSG00000308420",282
"ENSG00000308421",802
"ENSG00000308422",567
"ENSG00000308423",2150
"ENSG00000308424",1371
"ENSG00000308425",1256
"ENSG00000308426",584
"ENSG00000308427",442
"ENSG00000308428",900
"ENSG00000308429",766
"ENSG00000308430",1549
"ENSG00000308431",2174
"ENSG00000308432",2282
"ENSG00000308433",556
"ENSG00000308434",551
"ENSG00000308435",995
"ENSG00000308436",391
"ENSG00000308437",1009
"ENSG00000308438",606
"ENSG00000308439",351
"ENSG00000308440",464
"ENSG00000308441",418
"ENSG00000308442",2719
"ENSG00000308443",511
"ENSG00000308444",888
"ENSG00000308445",637
"ENSG00000308446",722
"ENSG00000308447",547
"ENSG00000308448",1612
"ENSG00000308449",997
"ENSG00000308450",656
"ENSG00000308451",312
"ENSG00000308452",2861
"ENSG00000308453",847
"ENSG00000308454",1927
"ENSG00000308455",1125
"ENSG00000308456",776
"ENSG00000308457",623
"ENSG00000308458",361
"ENSG00000308459",508
"ENSG00000308460",1308
"ENSG00000308461",664
"ENSG00000308462",901
"ENSG00000308463",1159
"ENSG00000308464",470
"ENSG00000308465",1145
"ENSG00000308466",478
"ENSG00000308467",1156
"ENSG00000308468",1789
"ENSG00000308469",771
"ENSG00000308470",746
"ENSG00000308471",524
"ENSG00000308472",702
"ENSG00000308473",355
"ENSG00000308474",324
"ENSG00000308475",449
"ENSG00000308476",351
"ENSG00000308477",1174
"ENSG00000308478",530
"ENSG00000308479",986
"ENSG00000308480",452
"ENSG00000308481",583
"ENSG00000308482",649
"ENSG00000308483",1295
"ENSG00000308484",525
"ENSG00000308485",444
"ENSG00000308486",922
"ENSG00000308487",380
"ENSG00000308488",994
"ENSG00000308489",701
"ENSG00000308490",808
"ENSG00000308491",484
"ENSG00000308492",242
"ENSG00000308493",898
"ENSG00000308494",620
"ENSG00000308495",592
"ENSG00000308496",891
"ENSG00000308497",863
"ENSG00000308498",368
"ENSG00000308499",3089
"ENSG00000308500",3914
"ENSG00000308501",358
"ENSG00000308502",426
"ENSG00000308503",1680
"ENSG00000308504",3467
"ENSG00000308505",1228
"ENSG00000308506",1147
"ENSG00000308507",1593
"ENSG00000308508",689
"ENSG00000308509",1243
"ENSG00000308510",401
"ENSG00000308511",1167
"ENSG00000308512",518
"ENSG00000308513",1222
"ENSG00000308514",643
"ENSG00000308515",483
"ENSG00000308516",3336
"ENSG00000308517",259
"ENSG00000308518",720
"ENSG00000308519",443
"ENSG00000308520",329
"ENSG00000308521",1024
"ENSG00000308522",414
"ENSG00000308523",741
"ENSG00000308524",1086
"ENSG00000308525",2083
"ENSG00000308526",1403
"ENSG00000308527",353
"ENSG00000308528",1130
"ENSG00000308529",1322
"ENSG00000308530",1003
"ENSG00000308531",378
"ENSG00000308532",795
"ENSG00000308533",1107
"ENSG00000308534",1414
"ENSG00000308535",797
"ENSG00000308536",506
"ENSG00000308537",643
"ENSG00000308538",2025
"ENSG00000308539",569
"ENSG00000308540",491
"ENSG00000308541",1481
"ENSG00000308542",749
"ENSG00000308543",1435
"ENSG00000308544",546
"ENSG00000308545",2419
"ENSG00000308546",851
"ENSG00000308547",2565
"ENSG00000308548",287
"ENSG00000308549",500
"ENSG00000308550",849
"ENSG00000308551",555
"ENSG00000308552",410
"ENSG00000308553",329
"ENSG00000308554",3953
"ENSG00000308555",1025
"ENSG00000308556",519
"ENSG00000308557",457
"ENSG00000308558",1337
"ENSG00000308559",1560
"ENSG00000308560",297
"ENSG00000308561",853
"ENSG00000308562",677
"ENSG00000308563",2027
"ENSG00000308564",730
"ENSG00000308565",399
"ENSG00000308566",1216
"ENSG00000308567",1894
"ENSG00000308568",1540
"ENSG00000308569",425
"ENSG00000308570",1863
"ENSG00000308571",1670
"ENSG00000308572",555
"ENSG00000308573",1247
"ENSG00000308574",610
"ENSG00000308575",837
"ENSG00000308576",1321
"ENSG00000308577",2380
"ENSG00000308578",1578
"ENSG00000308579",797
"ENSG00000308580",347
"ENSG00000308581",427
"ENSG00000308582",780
"ENSG00000308583",1305
"ENSG00000308584",428
"ENSG00000308585",838
"ENSG00000308586",903
"ENSG00000308587",916
"ENSG00000308588",744
"ENSG00000308589",3059
"ENSG00000308590",2217
"ENSG00000308591",727
"ENSG00000308592",544
"ENSG00000308593",492
"ENSG00000308594",845
"ENSG00000308595",858
"ENSG00000308596",294
"ENSG00000308597",492
"ENSG00000308598",641
"ENSG00000308599",552
"ENSG00000308600",694
"ENSG00000308601",3103
"ENSG00000308602",4750
"ENSG00000308603",884
"ENSG00000308604",776
"ENSG00000308605",1397
"ENSG00000308606",511
"ENSG00000308608",2071
"ENSG00000308609",587
"ENSG00000308610",647
"ENSG00000308611",339
"ENSG00000308612",456
"ENSG00000308613",462
"ENSG00000308614",599
"ENSG00000308615",613
"ENSG00000308616",2091
"ENSG00000308617",1038
"ENSG00000308618",2176
"ENSG00000308619",426
"ENSG00000308620",436
"ENSG00000308621",874
"ENSG00000308622",1088
"ENSG00000308623",314
"ENSG00000308624",765
"ENSG00000308625",637
"ENSG00000308626",912
"ENSG00000308627",767
"ENSG00000308628",1252
"ENSG00000308629",329
"ENSG00000308630",837
"ENSG00000308631",1585
"ENSG00000308632",618
"ENSG00000308633",530
"ENSG00000308634",917
"ENSG00000308635",956
"ENSG00000308636",1715
"ENSG00000308637",352
"ENSG00000308638",645
"ENSG00000308639",645
"ENSG00000308640",918
"ENSG00000308641",1174
"ENSG00000308642",651
"ENSG00000308643",592
"ENSG00000308644",2278
"ENSG00000308645",669
"ENSG00000308646",1704
"ENSG00000308647",1705
"ENSG00000308648",398
"ENSG00000308649",897
"ENSG00000308650",755
"ENSG00000308651",160
"ENSG00000308652",1750
"ENSG00000308653",1061
"ENSG00000308654",392
"ENSG00000308655",664
"ENSG00000308656",1244
"ENSG00000308657",370
"ENSG00000308658",1062
"ENSG00000308659",736
"ENSG00000308660",1216
"ENSG00000308661",994
"ENSG00000308662",434
"ENSG00000308663",1812
"ENSG00000308664",941
"ENSG00000308665",171
"ENSG00000308666",300
"ENSG00000308667",550
"ENSG00000308668",656
"ENSG00000308669",398
"ENSG00000308670",1106
"ENSG00000308671",439
"ENSG00000308672",1535
"ENSG00000308673",430
"ENSG00000308674",4509
"ENSG00000308675",1428
"ENSG00000308676",693
"ENSG00000308677",325
"ENSG00000308678",371
"ENSG00000308679",363
"ENSG00000308680",1168
"ENSG00000308681",2625
"ENSG00000308682",1041
"ENSG00000308683",617
"ENSG00000308684",785
"ENSG00000308685",710
"ENSG00000308686",1253
"ENSG00000308687",425
"ENSG00000308688",1360
"ENSG00000308689",2969
"ENSG00000308690",710
"ENSG00000308691",749
"ENSG00000308692",4667
"ENSG00000308693",1917
"ENSG00000308694",1543
"ENSG00000308695",980
"ENSG00000308696",610
"ENSG00000308697",455
"ENSG00000308698",1002
"ENSG00000308699",301
"ENSG00000308700",1632
"ENSG00000308701",795
"ENSG00000308702",1179
"ENSG00000308703",541
"ENSG00000308704",896
"ENSG00000308705",2532
"ENSG00000308706",2220
"ENSG00000308707",571
"ENSG00000308708",216
"ENSG00000308709",489
"ENSG00000308710",1395
"ENSG00000308711",1316
"ENSG00000308712",2321
"ENSG00000308713",2870
"ENSG00000308714",618
"ENSG00000308715",371
"ENSG00000308716",598
"ENSG00000308717",527
"ENSG00000308718",336
"ENSG00000308719",399
"ENSG00000308720",455
"ENSG00000308721",1493
"ENSG00000308722",775
"ENSG00000308723",394
"ENSG00000308724",885
"ENSG00000308725",781
"ENSG00000308726",724
"ENSG00000308727",615
"ENSG00000308728",401
"ENSG00000308729",2149
"ENSG00000308730",892
"ENSG00000308731",2151
"ENSG00000308732",530
"ENSG00000308733",598
"ENSG00000308734",1036
"ENSG00000308735",1802
"ENSG00000308736",2252
"ENSG00000308737",1825
"ENSG00000308738",771
"ENSG00000308739",597
"ENSG00000308740",1822
"ENSG00000308741",858
"ENSG00000308742",651
"ENSG00000308743",1593
"ENSG00000308744",446
"ENSG00000308745",477
"ENSG00000308746",688
"ENSG00000308747",1342
"ENSG00000308748",464
"ENSG00000308749",1413
"ENSG00000308750",665
"ENSG00000308751",417
"ENSG00000308752",1608
"ENSG00000308753",743
"ENSG00000308754",656
"ENSG00000308755",912
"ENSG00000308756",853
"ENSG00000308757",820
"ENSG00000308758",795
"ENSG00000308759",732
"ENSG00000308760",1415
"ENSG00000308761",453
"ENSG00000308762",900
"ENSG00000308763",514
"ENSG00000308764",154
"ENSG00000308765",745
"ENSG00000308766",588
"ENSG00000308767",283
"ENSG00000308768",703
"ENSG00000308769",365
"ENSG00000308770",829
"ENSG00000308771",2001
"ENSG00000308772",321
"ENSG00000308773",1175
"ENSG00000308774",779
"ENSG00000308775",1192
"ENSG00000308776",756
"ENSG00000308777",1150
"ENSG00000308778",358
"ENSG00000308779",1905
"ENSG00000308780",635
"ENSG00000308781",1017
"ENSG00000308782",691
"ENSG00000308783",2844
"ENSG00000308784",1271
"ENSG00000308785",346
"ENSG00000308786",840
"ENSG00000308787",1230
"ENSG00000308788",383
"ENSG00000308789",780
"ENSG00000308790",538
"ENSG00000308791",817
"ENSG00000308792",1382
"ENSG00000308793",1812
"ENSG00000308794",416
"ENSG00000308795",2044
"ENSG00000308796",389
"ENSG00000308797",1041
"ENSG00000308798",418
"ENSG00000308799",409
"ENSG00000308800",375
"ENSG00000308801",460
"ENSG00000308802",1596
"ENSG00000308803",786
"ENSG00000308804",2208
"ENSG00000308805",687
"ENSG00000308806",1112
"ENSG00000308807",2381
"ENSG00000308808",949
"ENSG00000308809",1909
"ENSG00000308810",609
"ENSG00000308811",1517
"ENSG00000308812",1250
"ENSG00000308813",514
"ENSG00000308814",2306
"ENSG00000308815",1828
"ENSG00000308816",892
"ENSG00000308817",461
"ENSG00000308818",688
"ENSG00000308819",732
"ENSG00000308820",3217
"ENSG00000308821",1593
"ENSG00000308822",2760
"ENSG00000308823",1417
"ENSG00000308824",1116
"ENSG00000308825",1681
"ENSG00000308826",482
"ENSG00000308827",739
"ENSG00000308828",543
"ENSG00000308829",1006
"ENSG00000308830",324
"ENSG00000308831",1821
"ENSG00000308832",749
"ENSG00000308833",556
"ENSG00000308834",603
"ENSG00000308835",574
"ENSG00000308836",749
"ENSG00000308837",2636
"ENSG00000308838",901
"ENSG00000308839",620
"ENSG00000308840",538
"ENSG00000308841",996
"ENSG00000308842",967
"ENSG00000308843",1822
"ENSG00000308844",759
"ENSG00000308845",698
"ENSG00000308846",1963
"ENSG00000308847",1019
"ENSG00000308848",312
"ENSG00000308849",1270
"ENSG00000308850",736
"ENSG00000308851",840
"ENSG00000308852",1183
"ENSG00000308853",1584
"ENSG00000308854",772
"ENSG00000308855",1479
"ENSG00000308856",297
"ENSG00000308857",277
"ENSG00000308858",923
"ENSG00000308859",377
"ENSG00000308860",752
"ENSG00000308861",528
"ENSG00000308862",382
"ENSG00000308863",513
"ENSG00000308864",845
"ENSG00000308865",1512
"ENSG00000308866",479
"ENSG00000308867",564
"ENSG00000308868",1171
"ENSG00000308869",1447
"ENSG00000308870",1496
"ENSG00000308871",383
"ENSG00000308872",915
"ENSG00000308873",1036
"ENSG00000308874",766
"ENSG00000308875",1940
"ENSG00000308876",799
"ENSG00000308877",263
"ENSG00000308878",692
"ENSG00000308879",1049
"ENSG00000308880",948
"ENSG00000308881",1256
"ENSG00000308882",390
"ENSG00000308883",766
"ENSG00000308884",521
"ENSG00000308885",403
"ENSG00000308886",1346
"ENSG00000308887",941
"ENSG00000308888",603
"ENSG00000308889",298
"ENSG00000308890",938
"ENSG00000308891",452
"ENSG00000308892",509
"ENSG00000308893",821
"ENSG00000308894",1438
"ENSG00000308895",878
"ENSG00000308896",687
"ENSG00000308897",381
"ENSG00000308898",969
"ENSG00000308899",523
"ENSG00000308900",1446
"ENSG00000308901",966
"ENSG00000308902",1734
"ENSG00000308903",772
"ENSG00000308904",326
"ENSG00000308905",1966
"ENSG00000308906",1372
"ENSG00000308907",865
"ENSG00000308908",716
"ENSG00000308909",1414
"ENSG00000308911",331
"ENSG00000308912",951
"ENSG00000308913",445
"ENSG00000308914",656
"ENSG00000308915",544
"ENSG00000308916",737
"ENSG00000308917",629
"ENSG00000308918",443
"ENSG00000308919",355
"ENSG00000308920",740
"ENSG00000308921",328
"ENSG00000308922",220
"ENSG00000308923",272
"ENSG00000308924",876
"ENSG00000308925",2094
"ENSG00000308926",363
"ENSG00000308927",93
"ENSG00000308928",563
"ENSG00000308929",1941
"ENSG00000308930",479
"ENSG00000308931",480
"ENSG00000308932",1285
"ENSG00000308933",686
"ENSG00000308934",761
"ENSG00000308935",572
"ENSG00000308936",577
"ENSG00000308937",1408
"ENSG00000308938",294
"ENSG00000308939",1173
"ENSG00000308940",770
"ENSG00000308941",894
"ENSG00000308942",437
"ENSG00000308943",2063
"ENSG00000308944",1332
"ENSG00000308945",356
"ENSG00000308946",590
"ENSG00000308947",770
"ENSG00000308948",288
"ENSG00000308949",380
"ENSG00000308950",914
"ENSG00000308951",1535
"ENSG00000308952",602
"ENSG00000308953",333
"ENSG00000308954",629
"ENSG00000308955",781
"ENSG00000308956",760
"ENSG00000308957",826
"ENSG00000308958",683
"ENSG00000308959",603
"ENSG00000308960",1243
"ENSG00000308961",391
"ENSG00000308962",1310
"ENSG00000308963",601
"ENSG00000308964",1252
"ENSG00000308965",2057
"ENSG00000308966",3053
"ENSG00000308967",1638
"ENSG00000308968",840
"ENSG00000308969",797
"ENSG00000308970",1192
"ENSG00000308971",798
"ENSG00000308972",448
"ENSG00000308973",903
"ENSG00000308974",1790
"ENSG00000308975",594
"ENSG00000308976",742
"ENSG00000308977",945
"ENSG00000308978",993
"ENSG00000308979",2648
"ENSG00000308980",1100
"ENSG00000308981",1712
"ENSG00000308982",469
"ENSG00000308983",486
"ENSG00000308984",333
"ENSG00000308985",558
"ENSG00000308986",2074
"ENSG00000308987",971
"ENSG00000308988",484
"ENSG00000308989",290
"ENSG00000308990",2188
"ENSG00000308991",1320
"ENSG00000308992",460
"ENSG00000308993",957
"ENSG00000308994",1051
"ENSG00000308995",531
"ENSG00000308996",1838
"ENSG00000308997",1655
"ENSG00000308998",608
"ENSG00000308999",1293
"ENSG00000309000",639
"ENSG00000309001",1475
"ENSG00000309002",1577
"ENSG00000309003",471
"ENSG00000309004",477
"ENSG00000309005",1336
"ENSG00000309006",1180
"ENSG00000309007",483
"ENSG00000309008",1416
"ENSG00000309009",2958
"ENSG00000309010",452
"ENSG00000309011",478
"ENSG00000309012",5862
"ENSG00000309013",1105
"ENSG00000309014",727
"ENSG00000309015",323
"ENSG00000309016",530
"ENSG00000309017",1529
"ENSG00000309018",908
"ENSG00000309019",584
"ENSG00000309020",1415
"ENSG00000309021",1158
"ENSG00000309022",1718
"ENSG00000309023",2605
"ENSG00000309024",2425
"ENSG00000309025",914
"ENSG00000309026",1163
"ENSG00000309027",1390
"ENSG00000309028",2026
"ENSG00000309029",1378
"ENSG00000309030",2892
"ENSG00000309031",1360
"ENSG00000309032",2386
"ENSG00000309033",762
"ENSG00000309034",1500
"ENSG00000309035",541
"ENSG00000309036",518
"ENSG00000309037",414
"ENSG00000309038",671
"ENSG00000309039",1903
"ENSG00000309040",299
"ENSG00000309041",248
"ENSG00000309042",2107
"ENSG00000309043",1510
"ENSG00000309044",1257
"ENSG00000309045",881
"ENSG00000309046",449
"ENSG00000309047",970
"ENSG00000309048",1131
"ENSG00000309049",470
"ENSG00000309050",733
"ENSG00000309051",479
"ENSG00000309052",868
"ENSG00000309053",748
"ENSG00000309054",1153
"ENSG00000309055",378
"ENSG00000309056",470
"ENSG00000309057",3147
"ENSG00000309058",1581
"ENSG00000309059",724
"ENSG00000309060",591
"ENSG00000309061",364
"ENSG00000309062",630
"ENSG00000309063",819
"ENSG00000309064",1051
"ENSG00000309065",1555
"ENSG00000309066",289
"ENSG00000309067",1789
"ENSG00000309068",897
"ENSG00000309069",912
"ENSG00000309070",601
"ENSG00000309071",714
"ENSG00000309072",661
"ENSG00000309073",349
"ENSG00000309074",574
"ENSG00000309075",428
"ENSG00000309076",1320
"ENSG00000309077",676
"ENSG00000309079",257
"ENSG00000309080",911
"ENSG00000309081",599
"ENSG00000309082",467
"ENSG00000309083",747
"ENSG00000309084",556
"ENSG00000309085",3670
"ENSG00000309086",851
"ENSG00000309087",717
"ENSG00000309088",575
"ENSG00000309089",622
"ENSG00000309090",514
"ENSG00000309091",405
"ENSG00000309092",255
"ENSG00000309093",1382
"ENSG00000309094",3118
"ENSG00000309095",1172
"ENSG00000309096",425
"ENSG00000309097",448
"ENSG00000309098",826
"ENSG00000309099",1785
"ENSG00000309100",547
"ENSG00000309101",1600
"ENSG00000309102",411
"ENSG00000309103",130
"ENSG00000309104",2135
"ENSG00000309105",248
"ENSG00000309106",735
"ENSG00000309107",555
"ENSG00000309108",1901
"ENSG00000309109",663
"ENSG00000309110",1579
"ENSG00000309111",733
"ENSG00000309112",395
"ENSG00000309113",679
"ENSG00000309114",1625
"ENSG00000309115",3145
"ENSG00000309116",784
"ENSG00000309117",847
"ENSG00000309118",521
"ENSG00000309119",345
"ENSG00000309120",505
"ENSG00000309121",798
"ENSG00000309122",521
"ENSG00000309123",1846
"ENSG00000309124",1397
"ENSG00000309125",648
"ENSG00000309126",650
"ENSG00000309127",381
"ENSG00000309128",576
"ENSG00000309129",4194
"ENSG00000309130",1100
"ENSG00000309131",1433
"ENSG00000309132",1510
"ENSG00000309133",1105
"ENSG00000309134",446
"ENSG00000309135",1072
"ENSG00000309136",849
"ENSG00000309137",757
"ENSG00000309138",1398
"ENSG00000309139",1918
"ENSG00000309140",1404
"ENSG00000309141",1303
"ENSG00000309142",1603
"ENSG00000309143",1432
"ENSG00000309144",757
"ENSG00000309145",1385
"ENSG00000309146",1018
"ENSG00000309147",976
"ENSG00000309148",1782
"ENSG00000309149",3021
"ENSG00000309150",479
"ENSG00000309151",1808
"ENSG00000309152",941
"ENSG00000309153",911
"ENSG00000309154",3574
"ENSG00000309155",638
"ENSG00000309156",1352
"ENSG00000309157",1811
"ENSG00000309158",634
"ENSG00000309159",472
"ENSG00000309160",388
"ENSG00000309161",1211
"ENSG00000309162",1529
"ENSG00000309163",1398
"ENSG00000309164",583
"ENSG00000309165",349
"ENSG00000309166",324
"ENSG00000309167",1578
"ENSG00000309168",4837
"ENSG00000309169",778
"ENSG00000309170",739
"ENSG00000309171",657
"ENSG00000309172",1550
"ENSG00000309173",2789
"ENSG00000309174",3051
"ENSG00000309175",729
"ENSG00000309176",762
"ENSG00000309177",424
"ENSG00000309178",525
"ENSG00000309179",537
"ENSG00000309180",563
"ENSG00000309181",910
"ENSG00000309182",1720
"ENSG00000309183",1772
"ENSG00000309184",1023
"ENSG00000309185",2658
"ENSG00000309186",405
"ENSG00000309187",1976
"ENSG00000309188",1258
"ENSG00000309189",479
"ENSG00000309190",1569
"ENSG00000309191",398
"ENSG00000309192",2176
"ENSG00000309193",941
"ENSG00000309194",532
"ENSG00000309195",781
"ENSG00000309196",428
"ENSG00000309197",2790
"ENSG00000309198",916
"ENSG00000309199",577
"ENSG00000309200",533
"ENSG00000309201",1217
"ENSG00000309202",1260
"ENSG00000309203",898
"ENSG00000309204",502
"ENSG00000309205",799
"ENSG00000309206",1651
"ENSG00000309207",225
"ENSG00000309208",410
"ENSG00000309209",1066
"ENSG00000309210",236
"ENSG00000309211",2102
"ENSG00000309212",416
"ENSG00000309213",1424
"ENSG00000309214",1743
"ENSG00000309215",713
"ENSG00000309216",1024
"ENSG00000309217",604
"ENSG00000309218",349
"ENSG00000309219",876
"ENSG00000309220",392
"ENSG00000309221",2906
"ENSG00000309222",2744
"ENSG00000309223",737
"ENSG00000309224",676
"ENSG00000309225",252
"ENSG00000309226",411
"ENSG00000309227",3260
"ENSG00000309228",1809
"ENSG00000309229",1093
"ENSG00000309230",763
"ENSG00000309231",1172
"ENSG00000309232",344
"ENSG00000309233",468
"ENSG00000309234",732
"ENSG00000309235",1446
"ENSG00000309236",763
"ENSG00000309237",570
"ENSG00000309238",382
"ENSG00000309239",1421
"ENSG00000309240",1618
"ENSG00000309241",391
"ENSG00000309242",2420
"ENSG00000309243",998
"ENSG00000309244",533
"ENSG00000309245",812
"ENSG00000309246",1386
"ENSG00000309247",1633
"ENSG00000309248",717
"ENSG00000309249",528
"ENSG00000309250",5059
"ENSG00000309251",187
"ENSG00000309252",659
"ENSG00000309253",535
"ENSG00000309254",1608
"ENSG00000309255",1084
"ENSG00000309256",446
"ENSG00000309257",938
"ENSG00000309258",781
"ENSG00000309259",624
"ENSG00000309260",1310
"ENSG00000309261",568
"ENSG00000309262",2899
"ENSG00000309263",1354
"ENSG00000309264",885
"ENSG00000309265",332
"ENSG00000309266",478
"ENSG00000309267",901
"ENSG00000309268",364
"ENSG00000309269",298
"ENSG00000309270",250
"ENSG00000309271",653
"ENSG00000309272",641
"ENSG00000309273",291
"ENSG00000309274",792
"ENSG00000309275",583
"ENSG00000309276",1922
"ENSG00000309277",4055
"ENSG00000309278",985
"ENSG00000309279",844
"ENSG00000309280",749
"ENSG00000309281",2031
"ENSG00000309282",283
"ENSG00000309283",673
"ENSG00000309284",821
"ENSG00000309285",534
"ENSG00000309286",1422
"ENSG00000309287",2978
"ENSG00000309288",312
"ENSG00000309289",420
"ENSG00000309290",1323
"ENSG00000309291",2217
"ENSG00000309292",558
"ENSG00000309293",959
"ENSG00000309294",1226
"ENSG00000309295",741
"ENSG00000309296",910
"ENSG00000309297",1255
"ENSG00000309298",1529
"ENSG00000309299",617
"ENSG00000309300",812
"ENSG00000309301",372
"ENSG00000309302",955
"ENSG00000309303",399
"ENSG00000309304",1226
"ENSG00000309305",509
"ENSG00000309306",498
"ENSG00000309307",919
"ENSG00000309308",577
"ENSG00000309309",3053
"ENSG00000309310",278
"ENSG00000309311",2859
"ENSG00000309312",748
"ENSG00000309313",257
"ENSG00000309314",445
"ENSG00000309315",763
"ENSG00000309316",724
"ENSG00000309317",543
"ENSG00000309318",603
"ENSG00000309319",646
"ENSG00000309320",584
"ENSG00000309321",375
"ENSG00000309322",581
"ENSG00000309323",714
"ENSG00000309324",728
"ENSG00000309325",292
"ENSG00000309326",1092
"ENSG00000309327",3761
"ENSG00000309328",1341
"ENSG00000309329",2052
"ENSG00000309330",425
"ENSG00000309331",811
"ENSG00000309332",282
"ENSG00000309333",223
"ENSG00000309334",414
"ENSG00000309335",802
"ENSG00000309336",386
"ENSG00000309337",397
"ENSG00000309338",1341
"ENSG00000309339",496
"ENSG00000309340",1527
"ENSG00000309341",331
"ENSG00000309342",2566
"ENSG00000309343",1601
"ENSG00000309344",927
"ENSG00000309345",2152
"ENSG00000309346",572
"ENSG00000309347",335
"ENSG00000309348",586
"ENSG00000309349",481
"ENSG00000309350",1671
"ENSG00000309351",1114
"ENSG00000309352",362
"ENSG00000309353",1393
"ENSG00000309354",356
"ENSG00000309355",372
"ENSG00000309356",942
"ENSG00000309357",1096
"ENSG00000309358",579
"ENSG00000309359",1078
"ENSG00000309360",980
"ENSG00000309361",401
"ENSG00000309362",458
"ENSG00000309363",2313
"ENSG00000309364",485
"ENSG00000309365",414
"ENSG00000309366",706
"ENSG00000309367",436
"ENSG00000309368",338
"ENSG00000309369",432
"ENSG00000309370",303
"ENSG00000309371",464
"ENSG00000309372",1458
"ENSG00000309373",1099
"ENSG00000309374",933
"ENSG00000309375",1336
"ENSG00000309376",1094
"ENSG00000309377",449
"ENSG00000309378",934
"ENSG00000309379",517
"ENSG00000309380",671
"ENSG00000309381",394
"ENSG00000309382",3272
"ENSG00000309383",441
"ENSG00000309384",1067
"ENSG00000309385",747
"ENSG00000309386",641
"ENSG00000309387",701
"ENSG00000309388",1376
"ENSG00000309389",757
"ENSG00000309390",984
"ENSG00000309391",677
"ENSG00000309392",1830
"ENSG00000309393",1077
"ENSG00000309394",350
"ENSG00000309395",1157
"ENSG00000309396",1165
"ENSG00000309397",430
"ENSG00000309398",1524
"ENSG00000309399",648
"ENSG00000309400",597
"ENSG00000309401",377
"ENSG00000309402",672
"ENSG00000309403",579
"ENSG00000309404",795
"ENSG00000309405",1208
"ENSG00000309406",970
"ENSG00000309407",794
"ENSG00000309408",757
"ENSG00000309409",360
"ENSG00000309410",1183
"ENSG00000309411",1250
"ENSG00000309412",1613
"ENSG00000309413",513
"ENSG00000309414",1249
"ENSG00000309415",491
"ENSG00000309416",1004
"ENSG00000309417",768
"ENSG00000309418",1076
"ENSG00000309419",245
"ENSG00000309420",1575
"ENSG00000309421",432
"ENSG00000309422",347
"ENSG00000309423",2466
"ENSG00000309424",1489
"ENSG00000309425",403
"ENSG00000309426",2485
"ENSG00000309427",486
"ENSG00000309428",4042
"ENSG00000309429",463
"ENSG00000309430",2049
"ENSG00000309431",1083
"ENSG00000309432",1097
"ENSG00000309433",807
"ENSG00000309434",1754
"ENSG00000309435",3536
"ENSG00000309436",308
"ENSG00000309437",593
"ENSG00000309438",2058
"ENSG00000309439",1082
"ENSG00000309440",1092
"ENSG00000309441",1186
"ENSG00000309442",450
"ENSG00000309443",4729
"ENSG00000309444",963
"ENSG00000309445",596
"ENSG00000309446",2786
"ENSG00000309447",341
"ENSG00000309448",1152
"ENSG00000309449",904
"ENSG00000309450",1293
"ENSG00000309451",446
"ENSG00000309452",543
"ENSG00000309453",942
"ENSG00000309454",560
"ENSG00000309455",1416
"ENSG00000309456",983
"ENSG00000309457",277
"ENSG00000309458",1265
"ENSG00000309459",1512
"ENSG00000309460",1897
"ENSG00000309461",406
"ENSG00000309462",511
"ENSG00000309463",665
"ENSG00000309464",380
"ENSG00000309465",766
"ENSG00000309466",323
"ENSG00000309467",602
"ENSG00000309468",911
"ENSG00000309469",593
"ENSG00000309470",683
"ENSG00000309471",474
"ENSG00000309472",1103
"ENSG00000309473",613
"ENSG00000309474",258
"ENSG00000309475",1359
"ENSG00000309476",774
"ENSG00000309477",531
"ENSG00000309478",545
"ENSG00000309479",544
"ENSG00000309480",1488
"ENSG00000309481",991
"ENSG00000309482",410
"ENSG00000309483",804
"ENSG00000309484",390
"ENSG00000309485",737
"ENSG00000309486",500
"ENSG00000309487",2801
"ENSG00000309488",1249
"ENSG00000309489",445
"ENSG00000309490",3044
"ENSG00000309491",729
"ENSG00000309492",700
"ENSG00000309493",1452
"ENSG00000309494",1210
"ENSG00000309495",674
"ENSG00000309496",465
"ENSG00000309497",1239
"ENSG00000309498",1093
"ENSG00000309499",397
"ENSG00000309500",3202
"ENSG00000309501",484
"ENSG00000309502",421
"ENSG00000309503",505
"ENSG00000309504",467
"ENSG00000309505",401
"ENSG00000309506",1062
"ENSG00000309507",888
"ENSG00000309508",1211
"ENSG00000309509",1757
"ENSG00000309510",299
"ENSG00000309511",486
"ENSG00000309512",915
"ENSG00000309513",578
"ENSG00000309514",511
"ENSG00000309515",561
"ENSG00000309516",904
"ENSG00000309517",1749
"ENSG00000309518",1262
"ENSG00000309519",568
"ENSG00000309520",796
"ENSG00000309521",640
"ENSG00000309522",679
"ENSG00000309523",636
"ENSG00000309524",1056
"ENSG00000309525",1106
"ENSG00000309526",1802
"ENSG00000309527",462
"ENSG00000309528",582
"ENSG00000309529",1070
"ENSG00000309530",1659
"ENSG00000309531",644
"ENSG00000309532",1758
"ENSG00000309533",533
"ENSG00000309534",441
"ENSG00000309535",683
"ENSG00000309536",840
"ENSG00000309537",340
"ENSG00000309538",2784
"ENSG00000309539",850
"ENSG00000309540",1479
"ENSG00000309541",1027
"ENSG00000309542",387
"ENSG00000309543",1353
"ENSG00000309544",1060
"ENSG00000309545",365
"ENSG00000309546",346
"ENSG00000309547",587
"ENSG00000309548",528
"ENSG00000309549",2885
"ENSG00000309550",371
"ENSG00000309551",1452
"ENSG00000309552",1071
"ENSG00000309553",891
"ENSG00000309554",580
"ENSG00000309555",1783
"ENSG00000309556",810
"ENSG00000309557",1617
"ENSG00000309558",1615
"ENSG00000309559",353
"ENSG00000309560",866
"ENSG00000309561",266
"ENSG00000309562",1147
"ENSG00000309563",293
"ENSG00000309564",468
"ENSG00000309565",3166
"ENSG00000309566",1871
"ENSG00000309567",372
"ENSG00000309568",2067
"ENSG00000309569",2482
"ENSG00000309570",1023
"ENSG00000309571",534
"ENSG00000309572",416
"ENSG00000309573",2715
"ENSG00000309574",1004
"ENSG00000309575",1639
"ENSG00000309576",746
"ENSG00000309577",453
"ENSG00000309578",864
"ENSG00000309579",985
"ENSG00000309580",546
"ENSG00000309581",314
"ENSG00000309582",629
"ENSG00000309583",828
"ENSG00000309584",1933
"ENSG00000309585",428
"ENSG00000309586",853
"ENSG00000309587",541
"ENSG00000309588",1008
"ENSG00000309589",878
"ENSG00000309590",421
"ENSG00000309591",757
"ENSG00000309592",1233
"ENSG00000309593",2704
"ENSG00000309594",375
"ENSG00000309595",2063
"ENSG00000309596",1044
"ENSG00000309597",3470
"ENSG00000309598",655
"ENSG00000309599",2701
"ENSG00000309600",406
"ENSG00000309601",745
"ENSG00000309602",2787
"ENSG00000309603",507
"ENSG00000309604",790
"ENSG00000309605",826
"ENSG00000309606",842
"ENSG00000309607",910
"ENSG00000309608",379
"ENSG00000309609",1151
"ENSG00000309610",603
"ENSG00000309611",826
"ENSG00000309612",512
"ENSG00000309613",1410
"ENSG00000309614",656
"ENSG00000309615",1438
"ENSG00000309616",1035
"ENSG00000309617",947
"ENSG00000309618",2906
"ENSG00000309619",960
"ENSG00000309620",544
"ENSG00000309621",541
"ENSG00000309622",649
"ENSG00000309623",679
"ENSG00000309624",304
"ENSG00000309625",659
"ENSG00000309626",617
"ENSG00000309627",403
"ENSG00000309628",496
"ENSG00000309629",1447
"ENSG00000309630",879
"ENSG00000309631",542
"ENSG00000309632",1155
"ENSG00000309633",1540
"ENSG00000309634",307
"ENSG00000309635",1105
"ENSG00000309636",730
"ENSG00000309637",1550
"ENSG00000309638",453
"ENSG00000309639",1217
"ENSG00000309640",494
"ENSG00000309641",652
"ENSG00000309642",450
"ENSG00000309643",180
"ENSG00000309644",405
"ENSG00000309645",437
"ENSG00000309646",421
"ENSG00000309647",765
"ENSG00000309648",538
"ENSG00000309649",723
"ENSG00000309650",628
"ENSG00000309651",754
"ENSG00000309652",1259
"ENSG00000309653",711
"ENSG00000309654",318
"ENSG00000309655",1025
"ENSG00000309656",1977
"ENSG00000309657",409
"ENSG00000309658",2051
"ENSG00000309659",3054
"ENSG00000309660",584
"ENSG00000309661",261
"ENSG00000309662",1165
"ENSG00000309663",1137
"ENSG00000309664",650
"ENSG00000309665",910
"ENSG00000309666",657
"ENSG00000309667",413
"ENSG00000309668",1224
"ENSG00000309669",494
"ENSG00000309670",545
"ENSG00000309671",302
"ENSG00000309672",1133
"ENSG00000309673",1128
"ENSG00000309674",1023
"ENSG00000309675",857
"ENSG00000309676",643
"ENSG00000309677",1711
"ENSG00000309678",964
"ENSG00000309679",270
"ENSG00000309680",616
"ENSG00000309681",1086
"ENSG00000309682",531
"ENSG00000309683",595
"ENSG00000309684",2101
"ENSG00000309685",599
"ENSG00000309686",360
"ENSG00000309687",544
"ENSG00000309688",514
"ENSG00000309689",878
"ENSG00000309690",397
"ENSG00000309691",743
"ENSG00000309692",4173
"ENSG00000309693",921
"ENSG00000309694",1092
"ENSG00000309695",557
"ENSG00000309696",498
"ENSG00000309697",603
"ENSG00000309698",469
"ENSG00000309699",991
"ENSG00000309700",1808
"ENSG00000309701",1182
"ENSG00000309702",1031
"ENSG00000309703",521
"ENSG00000309704",663
"ENSG00000309705",635
"ENSG00000309706",1469
"ENSG00000309707",578
"ENSG00000309708",4785
"ENSG00000309709",830
"ENSG00000309710",1587
"ENSG00000309711",550
"ENSG00000309712",1900
"ENSG00000309713",4417
"ENSG00000309714",517
"ENSG00000309715",863
"ENSG00000309716",764
"ENSG00000309717",348
"ENSG00000309718",567
"ENSG00000309719",3626
"ENSG00000309720",1455
"ENSG00000309721",768
"ENSG00000309722",677
"ENSG00000309723",1948
"ENSG00000309724",742
"ENSG00000309725",772
"ENSG00000309726",1009
"ENSG00000309727",494
"ENSG00000309728",1543
"ENSG00000309729",463
"ENSG00000309730",1847
"ENSG00000309731",1432
"ENSG00000309732",628
"ENSG00000309733",980
"ENSG00000309734",438
"ENSG00000309735",394
"ENSG00000309736",1865
"ENSG00000309737",633
"ENSG00000309738",408
"ENSG00000309739",578
"ENSG00000309740",2030
"ENSG00000309741",424
"ENSG00000309742",223
"ENSG00000309743",606
"ENSG00000309744",687
"ENSG00000309745",725
"ENSG00000309746",1476
"ENSG00000309747",341
"ENSG00000309748",345
"ENSG00000309749",356
"ENSG00000309750",325
"ENSG00000309751",517
"ENSG00000309752",280
"ENSG00000309753",1708
"ENSG00000309754",566
"ENSG00000309755",702
"ENSG00000309756",541
"ENSG00000309757",1067
"ENSG00000309758",2299
"ENSG00000309759",1036
"ENSG00000309760",526
"ENSG00000309761",1512
"ENSG00000309762",732
"ENSG00000309763",423
"ENSG00000309764",645
"ENSG00000309765",435
"ENSG00000309766",408
"ENSG00000309767",701
"ENSG00000309768",525
"ENSG00000309769",380
"ENSG00000309770",1010
"ENSG00000309771",423
"ENSG00000309772",911
"ENSG00000309773",398
"ENSG00000309774",1146
"ENSG00000309775",617
"ENSG00000309776",924
"ENSG00000309777",687
"ENSG00000309778",341
"ENSG00000309779",833
"ENSG00000309780",981
"ENSG00000309781",338
"ENSG00000309782",659
"ENSG00000309783",439
"ENSG00000309784",628
"ENSG00000309785",652
"ENSG00000309786",1379
"ENSG00000309787",736
"ENSG00000309788",411
"ENSG00000309789",1602
"ENSG00000309790",1185
"ENSG00000309791",394
"ENSG00000309792",3418
"ENSG00000309793",848
"ENSG00000309794",313
"ENSG00000309795",976
"ENSG00000309796",897
"ENSG00000309797",769
"ENSG00000309798",580
"ENSG00000309799",248
"ENSG00000309800",2419
"ENSG00000309801",2025
"ENSG00000309802",996
"ENSG00000309803",963
"ENSG00000309804",426
"ENSG00000309805",913
"ENSG00000309806",629
"ENSG00000309807",1065
"ENSG00000309808",781
"ENSG00000309809",386
"ENSG00000309810",823
"ENSG00000309811",1768
"ENSG00000309812",584
"ENSG00000309813",422
"ENSG00000309814",512
"ENSG00000309815",758
"ENSG00000309816",2954
"ENSG00000309817",489
"ENSG00000309818",368
"ENSG00000309819",443
"ENSG00000309820",773
"ENSG00000309821",747
"ENSG00000309822",721
"ENSG00000309823",2098
"ENSG00000309824",707
"ENSG00000309825",418
"ENSG00000309826",770
"ENSG00000309827",624
"ENSG00000309828",1097
"ENSG00000309829",1572
"ENSG00000309830",278
"ENSG00000309831",1007
"ENSG00000309832",2352
"ENSG00000309833",892
"ENSG00000309834",558
"ENSG00000309835",204
"ENSG00000309836",773
"ENSG00000309837",501
"ENSG00000309838",3219
"ENSG00000309839",422
"ENSG00000309840",1479
"ENSG00000309841",982
"ENSG00000309842",629
"ENSG00000309843",321
"ENSG00000309844",447
"ENSG00000309845",265
"ENSG00000309846",1191
"ENSG00000309847",1612
"ENSG00000309848",442
"ENSG00000309849",737
"ENSG00000309850",851
"ENSG00000309851",477
"ENSG00000309852",643
"ENSG00000309853",414
"ENSG00000309854",1078
"ENSG00000309855",2712
"ENSG00000309856",225
"ENSG00000309857",343
"ENSG00000309858",1639
"ENSG00000309859",401
"ENSG00000309860",832
"ENSG00000309861",602
"ENSG00000309862",436
"ENSG00000309863",835
"ENSG00000309864",718
"ENSG00000309865",817
"ENSG00000309866",874
"ENSG00000309867",697
"ENSG00000309868",791
"ENSG00000309869",272
"ENSG00000309870",3473
"ENSG00000309871",632
"ENSG00000309872",413
"ENSG00000309873",179
"ENSG00000309874",2138
"ENSG00000309875",665
"ENSG00000309876",1419
"ENSG00000309877",1797
"ENSG00000309878",5494
"ENSG00000309879",973
"ENSG00000309880",1435
"ENSG00000309881",946
"ENSG00000309882",310
"ENSG00000309883",3653
"ENSG00000309884",356
"ENSG00000309885",1174
"ENSG00000309886",595
"ENSG00000309887",535
"ENSG00000309888",499
"ENSG00000309889",3625
"ENSG00000309890",301
"ENSG00000309891",521
"ENSG00000309892",678
"ENSG00000309893",408
"ENSG00000309894",487
"ENSG00000309895",601
"ENSG00000309896",1176
"ENSG00000309897",3331
"ENSG00000309898",256
"ENSG00000309899",1051
"ENSG00000309900",558
"ENSG00000309901",428
"ENSG00000309902",1209
"ENSG00000309903",1194
"ENSG00000309904",339
"ENSG00000309905",1204
"ENSG00000309906",1136
"ENSG00000309907",498
"ENSG00000309908",323
"ENSG00000309909",594
"ENSG00000309910",364
"ENSG00000309911",461
"ENSG00000309912",1262
"ENSG00000309913",662
"ENSG00000309914",796
"ENSG00000309915",1164
"ENSG00000309916",999
"ENSG00000309917",515
"ENSG00000309918",1048
"ENSG00000309919",917
"ENSG00000309920",1433
"ENSG00000309921",1209
"ENSG00000309922",1800
"ENSG00000309923",632
"ENSG00000309924",1088
"ENSG00000309925",194
"ENSG00000309926",796
"ENSG00000309927",827
"ENSG00000309928",501
"ENSG00000309929",418
"ENSG00000309930",653
"ENSG00000309931",3862
"ENSG00000309932",569
"ENSG00000309933",1014
"ENSG00000309934",745
"ENSG00000309935",425
"ENSG00000309936",610
"ENSG00000309937",516
"ENSG00000309938",1669
"ENSG00000309939",618
"ENSG00000309940",437
"ENSG00000309941",401
"ENSG00000309942",261
"ENSG00000309943",632
"ENSG00000309944",476
"ENSG00000309945",1828
"ENSG00000309946",1538
"ENSG00000309947",543
"ENSG00000309948",937
"ENSG00000309949",429
"ENSG00000309950",516
"ENSG00000309951",587
"ENSG00000309952",2356
"ENSG00000309953",594
"ENSG00000309954",2007
"ENSG00000309955",1194
"ENSG00000309956",2299
"ENSG00000309957",629
"ENSG00000309958",366
"ENSG00000309959",962
"ENSG00000309960",417
"ENSG00000309961",416
"ENSG00000309962",971
"ENSG00000309963",1324
"ENSG00000309964",365
"ENSG00000309965",374
"ENSG00000309966",357
"ENSG00000309967",1016
"ENSG00000309968",1372
"ENSG00000309969",974
"ENSG00000309970",474
"ENSG00000309971",410
"ENSG00000309972",897
"ENSG00000309973",568
"ENSG00000309974",1316
"ENSG00000309975",438
"ENSG00000309976",737
"ENSG00000309977",1113
"ENSG00000309978",1713
"ENSG00000309979",1023
"ENSG00000309980",1097
"ENSG00000309981",856
"ENSG00000309982",610
"ENSG00000309983",374
"ENSG00000309984",1919
"ENSG00000309985",389
"ENSG00000309986",1629
"ENSG00000309987",513
"ENSG00000309988",698
"ENSG00000309989",780
"ENSG00000309990",295
"ENSG00000309991",749
"ENSG00000309992",1432
"ENSG00000309993",1108
"ENSG00000309994",2204
"ENSG00000309995",1160
"ENSG00000309996",912
"ENSG00000309997",592
"ENSG00000309998",1373
"ENSG00000309999",787
"ENSG00000310000",388
"ENSG00000310001",475
"ENSG00000310002",1399
"ENSG00000310003",1002
"ENSG00000310004",786
"ENSG00000310005",2538
"ENSG00000310006",1120
"ENSG00000310007",374
"ENSG00000310008",710
"ENSG00000310009",353
"ENSG00000310010",1206
"ENSG00000310011",1409
"ENSG00000310012",589
"ENSG00000310013",1097
"ENSG00000310014",963
"ENSG00000310015",2019
"ENSG00000310016",615
"ENSG00000310017",601
"ENSG00000310018",1255
"ENSG00000310019",3332
"ENSG00000310020",745
"ENSG00000310021",961
"ENSG00000310022",937
"ENSG00000310023",761
"ENSG00000310024",3038
"ENSG00000310025",1501
"ENSG00000310026",1021
"ENSG00000310027",936
"ENSG00000310028",1736
"ENSG00000310029",1359
"ENSG00000310030",454
"ENSG00000310031",1145
"ENSG00000310032",864
"ENSG00000310033",1236
"ENSG00000310034",1296
"ENSG00000310035",1759
"ENSG00000310036",700
"ENSG00000310037",1610
"ENSG00000310038",598
"ENSG00000310039",5274
"ENSG00000310040",1284
"ENSG00000310041",2231
"ENSG00000310042",4018
"ENSG00000310043",1231
"ENSG00000310044",450
"ENSG00000310045",665
"ENSG00000310046",600
"ENSG00000310047",884
"ENSG00000310048",1126
"ENSG00000310049",843
"ENSG00000310050",410
"ENSG00000310051",962
"ENSG00000310052",1539
"ENSG00000310053",1010
"ENSG00000310054",858
"ENSG00000310055",371
"ENSG00000310056",897
"ENSG00000310057",265
"ENSG00000310058",1070
"ENSG00000310059",2129
"ENSG00000310060",289
"ENSG00000310061",1458
"ENSG00000310062",917
"ENSG00000310063",297
"ENSG00000310064",3202
"ENSG00000310065",8768
"ENSG00000310066",454
"ENSG00000310067",995
"ENSG00000310068",381
"ENSG00000310069",963
"ENSG00000310070",517
"ENSG00000310071",685
"ENSG00000310072",403
"ENSG00000310073",440
"ENSG00000310074",1855
"ENSG00000310075",682
"ENSG00000310076",680
"ENSG00000310077",754
"ENSG00000310078",1199
"ENSG00000310079",337
"ENSG00000310080",1465
"ENSG00000310081",764
"ENSG00000310082",630
"ENSG00000310083",464
"ENSG00000310084",600
"ENSG00000310085",1044
"ENSG00000310086",333
"ENSG00000310087",337
"ENSG00000310088",3311
"ENSG00000310089",826
"ENSG00000310090",719
"ENSG00000310091",430
"ENSG00000310092",892
"ENSG00000310093",513
"ENSG00000310094",1655
"ENSG00000310095",1015
"ENSG00000310096",518
"ENSG00000310097",633
"ENSG00000310098",602
"ENSG00000310099",711
"ENSG00000310100",943
"ENSG00000310101",5356
"ENSG00000310102",1154
"ENSG00000310103",1282
"ENSG00000310104",1921
"ENSG00000310105",730
"ENSG00000310106",851
"ENSG00000310107",2239
"ENSG00000310108",264
"ENSG00000310109",833
"ENSG00000310110",916
"ENSG00000310111",386
"ENSG00000310112",527
"ENSG00000310113",475
"ENSG00000310114",1357
"ENSG00000310115",543
"ENSG00000310116",968
"ENSG00000310117",212
"ENSG00000310118",7095
"ENSG00000310119",775
"ENSG00000310120",1540
"ENSG00000310121",1441
"ENSG00000310122",318
"ENSG00000310123",1855
"ENSG00000310124",550
"ENSG00000310125",553
"ENSG00000310126",743
"ENSG00000310127",172
"ENSG00000310128",583
"ENSG00000310129",301
"ENSG00000310130",2170
"ENSG00000310131",386
"ENSG00000310132",967
"ENSG00000310133",553
"ENSG00000310134",1554
"ENSG00000310135",874
"ENSG00000310136",1429
"ENSG00000310137",720
"ENSG00000310138",755
"ENSG00000310139",627
"ENSG00000310140",260
"ENSG00000310141",938
"ENSG00000310142",1087
"ENSG00000310143",569
"ENSG00000310144",326
"ENSG00000310145",365
"ENSG00000310146",756
"ENSG00000310147",480
"ENSG00000310148",324
"ENSG00000310149",117
"ENSG00000310150",1235
"ENSG00000310151",772
"ENSG00000310152",785
"ENSG00000310153",213
"ENSG00000310154",531
"ENSG00000310155",607
"ENSG00000310156",3011
"ENSG00000310157",582
"ENSG00000310158",680
"ENSG00000310159",1263
"ENSG00000310160",609
"ENSG00000310161",1220
"ENSG00000310162",622
"ENSG00000310163",353
"ENSG00000310164",268
"ENSG00000310165",1064
"ENSG00000310166",1024
"ENSG00000310167",1470
"ENSG00000310168",398
"ENSG00000310169",941
"ENSG00000310170",379
"ENSG00000310171",288
"ENSG00000310172",1006
"ENSG00000310173",1368
"ENSG00000310174",325
"ENSG00000310175",700
"ENSG00000310176",1304
"ENSG00000310177",909
"ENSG00000310178",950
"ENSG00000310179",1053
"ENSG00000310180",460
"ENSG00000310181",777
"ENSG00000310182",744
"ENSG00000310183",583
"ENSG00000310184",1868
"ENSG00000310185",551
"ENSG00000310186",1045
"ENSG00000310187",384
"ENSG00000310188",541
"ENSG00000310189",922
"ENSG00000310190",3793
"ENSG00000310191",3447
"ENSG00000310192",734
"ENSG00000310193",565
"ENSG00000310194",1411
"ENSG00000310195",404
"ENSG00000310196",1353
"ENSG00000310197",1902
"ENSG00000310198",1079
"ENSG00000310199",580
"ENSG00000310200",1572
"ENSG00000310201",2194
"ENSG00000310202",581
"ENSG00000310203",591
"ENSG00000310204",569
"ENSG00000310205",900
"ENSG00000310206",269
"ENSG00000310207",1153
"ENSG00000310208",405
"ENSG00000310209",596
"ENSG00000310210",1356
"ENSG00000310211",1293
"ENSG00000310212",530
"ENSG00000310213",473
"ENSG00000310214",494
"ENSG00000310215",1167
"ENSG00000310216",972
"ENSG00000310217",916
"ENSG00000310218",1109
"ENSG00000310219",262
"ENSG00000310220",1338
"ENSG00000310221",979
"ENSG00000310222",1576
"ENSG00000310223",397
"ENSG00000310224",674
"ENSG00000310225",611
"ENSG00000310226",546
"ENSG00000310227",995
"ENSG00000310228",898
"ENSG00000310229",706
"ENSG00000310230",885
"ENSG00000310231",703
"ENSG00000310232",1287
"ENSG00000310233",911
"ENSG00000310234",933
"ENSG00000310235",1803
"ENSG00000310236",3662
"ENSG00000310237",751
"ENSG00000310238",1287
"ENSG00000310239",573
"ENSG00000310240",4084
"ENSG00000310241",895
"ENSG00000310242",2653
"ENSG00000310243",413
"ENSG00000310244",2453
"ENSG00000310245",236
"ENSG00000310246",646
"ENSG00000310247",1085
"ENSG00000310248",370
"ENSG00000310249",769
"ENSG00000310250",1205
"ENSG00000310251",939
"ENSG00000310252",346
"ENSG00000310253",1350
"ENSG00000310254",778
"ENSG00000310255",669
"ENSG00000310256",1337
"ENSG00000310257",576
"ENSG00000310258",684
"ENSG00000310259",956
"ENSG00000310260",1062
"ENSG00000310261",520
"ENSG00000310262",804
"ENSG00000310263",810
"ENSG00000310264",1732
"ENSG00000310265",348
"ENSG00000310266",283
"ENSG00000310267",1042
"ENSG00000310268",496
"ENSG00000310269",834
"ENSG00000310270",1606
"ENSG00000310271",381
"ENSG00000310272",865
"ENSG00000310273",424
"ENSG00000310274",754
"ENSG00000310275",385
"ENSG00000310276",519
"ENSG00000310277",1019
"ENSG00000310278",1633
"ENSG00000310279",725
"ENSG00000310280",568
"ENSG00000310281",770
"ENSG00000310282",486
"ENSG00000310283",1881
"ENSG00000310284",358
"ENSG00000310285",3001
"ENSG00000310286",1423
"ENSG00000310287",348
"ENSG00000310288",668
"ENSG00000310289",1361
"ENSG00000310290",633
"ENSG00000310291",693
"ENSG00000310292",287
"ENSG00000310293",584
"ENSG00000310294",488
"ENSG00000310295",932
"ENSG00000310296",493
"ENSG00000310297",268
"ENSG00000310298",316
"ENSG00000310299",1524
"ENSG00000310300",1459
"ENSG00000310301",476
"ENSG00000310302",2013
"ENSG00000310303",565
"ENSG00000310304",4615
"ENSG00000310305",433
"ENSG00000310306",2891
"ENSG00000310307",1004
"ENSG00000310308",1546
"ENSG00000310309",345
"ENSG00000310310",438
"ENSG00000310311",1049
"ENSG00000310312",2926
"ENSG00000310313",664
"ENSG00000310314",614
"ENSG00000310315",393
"ENSG00000310316",1864
"ENSG00000310317",2234
"ENSG00000310318",1274
"ENSG00000310319",495
"ENSG00000310320",1361
"ENSG00000310321",738
"ENSG00000310322",641
"ENSG00000310323",2235
"ENSG00000310324",490
"ENSG00000310325",1743
"ENSG00000310326",647
"ENSG00000310327",561
"ENSG00000310328",566
"ENSG00000310329",781
"ENSG00000310330",504
"ENSG00000310331",1941
"ENSG00000310332",756
"ENSG00000310333",669
"ENSG00000310334",413
"ENSG00000310335",952
"ENSG00000310336",845
"ENSG00000310337",760
"ENSG00000310338",449
"ENSG00000310339",4032
"ENSG00000310340",460
"ENSG00000310341",432
"ENSG00000310342",579
"ENSG00000310343",567
"ENSG00000310344",551
"ENSG00000310345",605
"ENSG00000310346",369
"ENSG00000310347",358
"ENSG00000310348",585
"ENSG00000310349",725
"ENSG00000310350",1228
"ENSG00000310351",458
"ENSG00000310352",435
"ENSG00000310353",586
"ENSG00000310354",1372
"ENSG00000310355",385
"ENSG00000310356",1373
"ENSG00000310357",2135
"ENSG00000310358",306
"ENSG00000310359",570
"ENSG00000310360",391
"ENSG00000310361",786
"ENSG00000310362",906
"ENSG00000310363",661
"ENSG00000310364",595
"ENSG00000310365",782
"ENSG00000310366",465
"ENSG00000310367",580
"ENSG00000310368",1036
"ENSG00000310369",2423
"ENSG00000310370",697
"ENSG00000310371",613
"ENSG00000310372",1296
"ENSG00000310373",436
"ENSG00000310374",527
"ENSG00000310375",1625
"ENSG00000310376",1888
"ENSG00000310377",571
"ENSG00000310378",924
"ENSG00000310379",2109
"ENSG00000310380",914
"ENSG00000310381",484
"ENSG00000310382",1010
"ENSG00000310383",734
"ENSG00000310384",1146
"ENSG00000310385",546
"ENSG00000310386",566
"ENSG00000310387",4229
"ENSG00000310388",713
"ENSG00000310389",423
"ENSG00000310390",217
"ENSG00000310391",479
"ENSG00000310392",392
"ENSG00000310393",423
"ENSG00000310394",558
"ENSG00000310395",566
"ENSG00000310396",663
"ENSG00000310397",780
"ENSG00000310398",326
"ENSG00000310399",1316
"ENSG00000310400",636
"ENSG00000310401",532
"ENSG00000310402",1541
"ENSG00000310403",780
"ENSG00000310404",401
"ENSG00000310405",219
"ENSG00000310406",565
"ENSG00000310407",435
"ENSG00000310408",759
"ENSG00000310409",626
"ENSG00000310410",837
"ENSG00000310411",870
"ENSG00000310412",522
"ENSG00000310413",492
"ENSG00000310414",334
"ENSG00000310415",484
"ENSG00000310416",12896
"ENSG00000310417",639
"ENSG00000310418",397
"ENSG00000310419",1289
"ENSG00000310420",297
"ENSG00000310421",1381
"ENSG00000310422",1986
"ENSG00000310423",558
"ENSG00000310424",1599
"ENSG00000310425",633
"ENSG00000310426",1397
"ENSG00000310427",1623
"ENSG00000310428",1650
"ENSG00000310429",1064
"ENSG00000310430",513
"ENSG00000310431",1331
"ENSG00000310432",1425
"ENSG00000310433",2007
"ENSG00000310434",1162
"ENSG00000310435",544
"ENSG00000310436",2974
"ENSG00000310437",484
"ENSG00000310438",1824
"ENSG00000310439",1042
"ENSG00000310440",460
"ENSG00000310441",328
"ENSG00000310443",564
"ENSG00000310444",648
"ENSG00000310445",1328
"ENSG00000310446",417
"ENSG00000310447",606
"ENSG00000310448",325
"ENSG00000310449",2364
"ENSG00000310450",639
"ENSG00000310451",479
"ENSG00000310452",380
"ENSG00000310453",362
"ENSG00000310454",998
"ENSG00000310455",1178
"ENSG00000310456",660
"ENSG00000310457",657
"ENSG00000310458",792
"ENSG00000310459",651
"ENSG00000310460",640
"ENSG00000310461",528
"ENSG00000310462",1021
"ENSG00000310463",648
"ENSG00000310464",701
"ENSG00000310465",2985
"ENSG00000310466",757
"ENSG00000310467",1052
"ENSG00000310468",517
"ENSG00000310469",3517
"ENSG00000310470",569
"ENSG00000310471",2973
"ENSG00000310472",275
"ENSG00000310473",3021
"ENSG00000310474",572
"ENSG00000310475",1298
"ENSG00000310476",655
"ENSG00000310477",1634
"ENSG00000310478",1512
"ENSG00000310479",2863
"ENSG00000310480",1690
"ENSG00000310481",1577
"ENSG00000310482",755
"ENSG00000310483",388
"ENSG00000310484",1498
"ENSG00000310485",858
"ENSG00000310486",552
"ENSG00000310487",1029
"ENSG00000310488",2366
"ENSG00000310489",1665
"ENSG00000310490",524
"ENSG00000310491",1776
"ENSG00000310492",530
"ENSG00000310493",1108
"ENSG00000310494",311
"ENSG00000310495",540
"ENSG00000310496",3481
"ENSG00000310497",311
"ENSG00000310498",345
"ENSG00000310499",798
"ENSG00000310500",586
"ENSG00000310501",956
"ENSG00000310502",1220
"ENSG00000310503",498
"ENSG00000310504",407
"ENSG00000310505",461
"ENSG00000310506",463
"ENSG00000310507",1076
"ENSG00000310508",854
"ENSG00000310509",744
"ENSG00000310510",444
"ENSG00000310511",2163
"ENSG00000310512",610
"ENSG00000310513",308
"ENSG00000310514",558
"ENSG00000310515",1094
"ENSG00000310516",404
"ENSG00000310517",14016
"ENSG00000310518",555
"ENSG00000310519",10923
"ENSG00000310520",741
"ENSG00000310521",4292
"ENSG00000310523",8065
"ENSG00000310525",875
"ENSG00000310526",6775
"ENSG00000310527",7602
"ENSG00000310528",1833
"ENSG00000310529",610
"ENSG00000310530",566
"ENSG00000310532",2243
"ENSG00000310533",7710
"ENSG00000310534",2406
"ENSG00000310535",2779
"ENSG00000310536",1776
"ENSG00000310537",5035
"ENSG00000310539",3305
"ENSG00000310540",4994
"ENSG00000310541",426
"ENSG00000310542",2077
"ENSG00000310543",740
"ENSG00000310544",2112
"ENSG00000310545",1003
"ENSG00000310546",716
"ENSG00000310547",972
"ENSG00000310548",845
"ENSG00000310549",723
"ENSG00000310550",1489
"ENSG00000310551",372
"ENSG00000310552",112
"ENSG00000310553",480
"ENSG00000310554",1167
"ENSG00000310555",454
"ENSG00000310556",1305
"ENSG00000310557",1152
